,Unnamed: 0,Unnamed: 0.1,날짜,종가,대비,거래량,기관 매수,기관 매도,기관 순매수,외국인 매수,외국인 매도,외국인 순매수,개인 순매수,개인 매수,개인 매도,개인매수비율(%),개인매수비율증가(%p),개인매도비율(%),개인매도비율증가(%p),개인 순매수비율,기관 순매수비율,외국인 순매수비율
15,233,233,2019-12-02,70300.0,400.0,237237,92770,80302,12468,92059,80108,11951,-24419,52408,76827,22.090989179596768,10.362613989320518,32.38407162457796,-14.29718863654314,-10.293082444981179,5.2555039896812055,5.037578455299975
16,232,232,2019-12-03,70500.0,200.0,217447,90465,76590,13875,101479,39350,62129,-76004,25503,101507,11.728375190276251,-8.658956992341617,46.6812602611211,23.663107668111525,-34.95288507084485,6.380865222330039,28.57201984851481
17,231,231,2019-12-04,70000.0,-500.0,294889,121278,108805,12473,113491,118206,-4715,-7758,60120,67878,20.387332182617868,-5.624304682321512,23.01815259300957,-0.18968911318999915,-2.6308204103917068,4.229727117661222,-1.598906707269515
18,230,230,2019-12-05,70000.0,0.0,295956,78457,123394,-44937,140516,103877,36639,8298,76983,68685,26.01163686493938,1.7675327796505336,23.20784170619957,-2.5711826410646634,2.803795158739813,-15.183675951830676,12.379880793090866
19,229,229,2019-12-06,70200.0,200.0,272392,75395,88864,-13469,130958,113308,17650,-4181,66039,70220,24.244104085288853,-25.42361678193223,25.779024347264233,1.5066286879464599,-1.5349202619753883,-4.944712032658815,6.479632294634204
20,228,228,2019-12-09,69100.0,-1100.0,436982,121555,183772,-62217,98388,147144,-48756,110973,217039,106066,49.66772086722108,37.15151942377237,24.27239565931777,-31.60216955127493,25.395325207903298,-14.237886228723381,-11.157438979179918
21,227,227,2019-12-10,71200.0,2100.0,575566,136342,205783,-69441,367185,48188,318997,-249556,72039,321595,12.516201443448713,-20.422562900614665,55.874565210592706,21.645607337499968,-43.35836376714399,-12.06481967315651,55.423183440300505
22,226,226,2019-12-11,71200.0,0.0,339949,118056,114941,3115,109918,108647,1271,-4386,111975,116361,32.93876434406337,24.327505407730808,34.22895787309273,5.819004542735198,-1.2901935290293545,0.9163139176758868,0.3738796113534677
23,225,225,2019-12-12,71700.0,500.0,979009,476645,342579,134066,418059,358294,59765,-193831,84305,278136,8.611258936332558,-17.636916030126287,28.40995333035753,-12.822240261308474,-19.798694394024977,13.69405184222004,6.104642551804937
24,224,224,2019-12-13,72200.0,500.0,405472,156541,88632,67909,142502,149655,-7153,-60756,106429,167185,26.248174966458844,7.825057956113492,41.232193591666004,7.416642054595486,-14.984018625207169,16.74813550627417,-1.7641168810670034
25,223,223,2019-12-16,72000.0,-200.0,271523,140633,63338,77295,80867,116368,-35501,-41794,50023,91817,18.42311701034535,-12.006241094126596,33.81555153707053,-7.140295768101673,-15.392434526725175,28.46720167352305,-13.074767146797875
26,222,222,2019-12-17,72400.0,400.0,455261,135774,145618,-9844,180954,123187,57767,-47923,138533,186456,30.429358104471945,7.256874224460733,40.95584730517221,2.2796388066340114,-10.526489200700258,-2.1622761448927097,12.688765345592966
27,221,221,2019-12-18,72500.0,100.0,399504,131322,139186,-7864,175607,105805,69802,-61938,92575,154513,23.17248388001121,1.5383794490971177,38.67620849853819,-3.7791860392171226,-15.503724618526974,-1.9684408666746769,17.47216548520165
28,220,220,2019-12-19,72500.0,0.0,302037,70530,100947,-30417,166164,72859,93305,-62888,65343,128231,21.634104430914093,-5.448179562128619,42.45539453775531,8.929933717123646,-20.82129010684121,-10.07062048689399,30.891910593735204
29,219,219,2019-12-20,72500.0,0.0,403031,59292,68203,-8911,234589,199710,34879,-25968,109150,135118,27.08228399304272,-0.4827651240923281,33.525460820631665,-16.20952425770706,-6.443176827588946,-2.210996176472777,8.654173004061724
30,218,218,2019-12-23,72500.0,0.0,257344,129620,93044,36576,56787,36310,20477,-57053,70937,127990,27.565049117135054,2.8165882512333766,49.73498507833872,-1.7824040790901137,-22.16993596120368,14.212882367570256,7.957053593633424
31,217,217,2019-12-24,71900.0,-600.0,220741,119619,71529,48090,46492,35492,11000,-59090,54630,113720,24.748460865901666,-21.391422707659654,51.51738915742886,-14.334435644409922,-26.76892829152717,21.78571266778713,4.9832156237400405
32,216,216,2019-12-26,71300.0,-600.0,372424,141755,72202,69553,58833,54974,3859,-73412,171836,245248,46.13988357356133,8.636170533364151,65.85182480183876,44.309969807097225,-19.71194122827745,18.675756664446975,1.0361845638304727
33,215,215,2019-12-27,71800.0,500.0,498244,127698,178544,-50846,183686,212369,-28683,79529,186860,107331,37.50371304019717,16.945099970825925,21.54185499474153,-5.312451628198176,15.961858045455642,-10.205040100834127,-5.7568179446215115
34,214,214,2019-12-30,72100.0,300.0,283273,64743,53961,10782,160293,153241,7052,-17834,58237,76071,20.558613069371244,-29.85823211144896,26.85430662293971,-0.2922529118231374,-6.295693553568466,3.8062222661531457,2.4894712874153204
35,213,213,2020-01-02,71000.0,-1100.0,284758,87761,140782,-53021,53431,66674,-13243,66264,143566,77302,50.41684518082021,14.633487985961304,27.14655953476285,5.6397921535134055,23.270285646057356,-18.619670035609182,-4.6506156104481695
36,212,212,2020-01-03,71100.0,100.0,369493,135048,233436,-98388,102228,56591,45637,52751,132217,79466,35.7833571948589,-6.276305857843269,21.506767381249446,-20.14224486112948,14.276589813609462,-26.627838687065786,12.351248873456333
37,211,211,2020-01-06,69900.0,-1200.0,337026,130010,146783,-16773,65264,49875,15389,1384,141752,140368,42.05966305270218,11.010441573004757,41.64901224237892,5.375732958821138,0.4106508103232391,-4.97676737106336,4.566116560740121
38,210,210,2020-01-07,70300.0,400.0,265311,77886,115138,-37252,105048,53936,51112,-13860,82377,96237,31.049221479697408,-12.236307803305836,36.27327928355777,8.135311759305512,-5.224057803860375,-14.04088032535402,19.264938129214393
39,209,209,2020-01-08,67500.0,-2800.0,937438,226543,445679,-219136,305120,227983,77137,141999,405775,263776,43.28552928300326,-15.627839476923366,28.13796752425227,6.999709932771001,15.147561758750978,-23.376052602945474,8.228490844194496
40,208,208,2020-01-09,66600.0,-900.0,1565867,411415,650378,-238963,231947,584492,-352545,591508,922505,330997,58.913368759926605,8.932799380076794,21.138257591481267,-6.3332546122017686,37.77511116844534,-15.260746921673427,-22.514364246771912
41,207,207,2020-01-10,66800.0,200.0,797710,209509,290128,-80619,189501,288439,-98938,179557,398700,219143,49.980569379849825,-11.077066922666717,27.471512203683037,4.4494421960612165,22.509057176166774,-10.106304296047435,-12.402752880119342
42,206,206,2020-01-13,66600.0,-200.0,600906,164831,259737,-94906,69176,202828,-133652,228558,366899,138341,61.057636302516535,19.50332108227071,23.02207000762182,-22.611851067105288,38.03556629489471,-15.793818001484425,-22.241748293410282
43,205,205,2020-01-14,68300.0,1700.0,1081428,381049,347752,33297,250999,240178,10821,-44118,449380,493498,41.554315220245826,10.923216104420645,45.633921074727105,-3.2377962185404314,-4.079605854481297,3.078984453888747,1.0006214005925498
44,204,204,2020-01-15,69600.0,1300.0,698052,204645,163254,41391,279586,193648,85938,-127329,213821,341150,30.63109911582519,-1.7103193451405794,48.87171729326754,7.250560679669462,-18.240618177442368,5.92950095408365,12.311117223358718
45,203,203,2020-01-16,69900.0,300.0,440562,116680,144851,-28171,181398,112344,69054,-40883,142484,183367,32.34141846096576,-16.634247410073698,41.621156613598096,9.572100595123453,-9.27973815263232,-6.394332693241813,15.674070845874136
46,202,202,2020-01-17,69200.0,-700.0,464204,120283,210040,-89757,116574,105391,11183,78574,227347,148773,48.97566587103946,20.55106920366858,32.049056018474644,-34.2612538487411,16.92660985256482,-19.335680002757407,2.4090701501925875
47,201,201,2020-01-20,71200.0,2000.0,894609,269546,179618,89928,370774,121773,249001,-338929,254289,593218,28.424596667370878,-23.22804843537038,66.31030986721574,27.384971067714858,-37.88571319984485,10.05221275439885,27.833500445446
48,200,200,2020-01-21,70100.0,-1100.0,379059,110167,140738,-30571,73098,90771,-17673,48244,195794,147550,51.65264510274126,10.4619051926326,38.925338799500864,-0.6338091550591471,12.727306303240391,-8.064971416059242,-4.662334887181151
49,199,199,2020-01-22,70400.0,300.0,546215,191653,126944,64709,129572,203193,-73621,8912,224990,216078,41.190739910108654,-13.034754441109163,39.559147954560025,22.59409358585944,1.6315919555486391,11.846800252647768,-13.478392208196404
50,198,198,2020-01-23,69000.0,-1400.0,604024,188541,250345,-61804,87948,251206,-163258,225062,327535,102473,54.22549435121783,8.544966942819116,16.96505436870058,-20.300989053640233,37.260439982517255,-10.2320437598506,-27.02839622266665
51,197,197,2020-01-28,67100.0,-1900.0,729302,335301,252273,83028,60852,205247,-144395,61367,333149,271782,45.68052740839872,8.67597101665141,37.266043422340815,18.089948267133387,8.414483986057903,11.384584164036298,-19.7990681500942
52,196,196,2020-01-29,67200.0,100.0,585990,261082,222386,38696,108065,251234,-143169,104473,216843,112370,37.0045563917473,1.2141888821286315,19.176095155207427,-12.194956461965814,17.828461236539873,6.603525657434428,-24.4319868939743
53,195,195,2020-01-30,67200.0,0.0,549972,181564,185472,-3908,171571,191968,-20397,24305,196837,172532,35.790367509618676,-11.8847213971153,31.371051617173237,6.6972819716529965,4.419315892445434,-0.7105816296102347,-3.708734262835199
54,194,194,2020-01-31,65900.0,-1300.0,697360,209059,218966,-9907,155834,306329,-150495,160402,332467,172065,47.67508890673397,14.364027130115588,24.67376964552025,2.272553192313705,23.001319261213716,-1.4206435700355626,-21.58067569117816
55,193,193,2020-02-03,64900.0,-1000.0,797729,294998,254957,40041,236999,364071,-127072,87031,265732,178701,33.31106177661838,-11.970808412151491,22.40121645320654,7.265555996020117,10.909845323411837,5.019373747224935,-15.929219070636773
56,192,192,2020-02-04,65100.0,200.0,716163,187115,344819,-157704,204756,262948,-58192,215896,324292,108396,45.28187018876986,7.899350891356961,15.135660457186425,-11.201162688147356,30.146209731583447,-22.020685235065198,-8.125524496518251
57,191,191,2020-02-05,65200.0,100.0,657342,186462,272911,-86449,225149,211308,13841,72608,245731,173123,37.382519297412905,0.4552650297105032,26.33682314533378,-14.126426211264329,11.045696152079135,-13.151297193850384,2.1056010417712545
58,190,190,2020-02-06,66800.0,1600.0,635295,192943,237950,-45007,207755,140284,67471,-22464,234597,257061,36.92725426770241,11.309023238145134,40.46324935659811,-6.683243387874093,-3.5359950888957097,-7.084425345705537,10.620420434601249
59,189,189,2020-02-07,67300.0,500.0,519466,165621,215925,-50304,220767,58631,162136,-111832,133078,244910,25.618231029557275,-13.0822625928847,47.146492744472205,16.570728014042768,-21.528261714914933,-9.683790661949,31.212052376863927
60,188,188,2020-02-10,67000.0,-300.0,364246,149877,126366,23511,73404,126509,-53105,29594,140965,111371,38.700493622441975,9.734767466997976,30.575764730429434,-7.149265562109946,8.124728892012541,6.454703689264947,-14.579432581277487
61,187,187,2020-02-11,67200.0,200.0,462160,156695,162153,-5458,171597,125657,45940,-40482,133868,174350,28.965726155444003,-0.08979141796931955,37.72503029253938,-7.0885595126430285,-8.759304137095379,-1.1809762852691708,9.940280422364546
62,186,186,2020-02-12,67900.0,700.0,487071,195878,169460,26418,149672,99337,50335,-76753,141521,218274,29.05551757341332,-7.2084558948658355,44.81358980518241,20.426992898643828,-15.758072231769084,5.423849910998602,10.334222320770484
63,185,185,2020-02-13,67100.0,-800.0,699540,190023,376816,-186793,255836,152130,103706,83087,253681,170594,36.26397346827915,-2.1366948013315152,24.386596906538585,-7.436356799987205,11.877376561740572,-26.70226148611945,14.824884924378877
64,184,184,2020-02-14,67000.0,-100.0,354348,119883,183597,-63714,98393,57987,40406,23308,136072,112764,38.40066826961067,-5.813477744551051,31.822953706525787,-9.526549491281427,6.577714563084878,-17.980629211961123,11.402914648876244
65,183,183,2020-02-17,67000.0,0.0,560384,246934,157311,89623,65681,171357,-105676,16053,247769,231716,44.21414601416172,5.009906223610841,41.349503197807216,-17.205393512215732,2.8646428163545,15.993140417999086,-18.857783234353587
66,182,182,2020-02-18,68900.0,1900.0,1338368,541154,342634,198520,272517,212054,60463,-258983,524697,783680,39.20423979055088,6.435688142738223,58.55489671002295,21.941763256376134,-19.350656919472076,14.832990627390974,4.517666292081102
67,181,181,2020-02-19,68800.0,-100.0,636116,213219,156117,57102,214451,247097,-32646,-24456,208446,232902,32.768551647812664,-22.190394443282447,36.61313345364681,4.839828975655909,-3.844581805834156,8.976664633494519,-5.132082827660363
68,180,180,2020-02-20,67200.0,-1600.0,677402,165255,297390,-132135,139854,164779,-24925,157060,372293,215233,54.95894609109509,11.72466609214792,31.77330447799091,-0.4615808956305507,23.18564161310418,-19.506142585938626,-3.6794990271655528
69,179,179,2020-02-21,66100.0,-1100.0,531902,206238,223102,-16864,95700,137342,-41642,58506,229964,171458,43.23427999894717,-4.165260568448666,32.23488537362146,-6.983141581739942,10.999394625325717,-3.1705088531345997,-7.828885772191117
70,178,178,2020-02-24,63300.0,-2800.0,874557,383200,223592,159608,76821,307981,-231160,71552,414536,342984,47.39954056739584,1.4909130364600005,39.2180269553614,19.671595751333864,8.181513612034436,18.250154078007494,-26.431667690041927
71,177,177,2020-02-25,63000.0,-300.0,956415,266771,226673,40098,250567,542797,-292230,252132,439077,186945,45.90862753093584,20.475955413152192,19.54643120402753,-18.443078277786977,26.362196326908297,4.192531484763413,-30.55472781167171
72,176,176,2020-02-26,63300.0,300.0,607215,245306,227691,17615,207478,148846,58632,-76247,154431,230678,25.432672117783646,-10.36948624477473,37.98950948181452,12.266892824778285,-12.556837364030864,2.900949416598733,9.655887947432127
73,175,175,2020-02-27,62400.0,-900.0,524379,284116,226854,57262,52524,162641,-110117,52855,187739,134884,35.80215836255839,-2.6767466445812005,25.722616657036227,-15.532470025610518,10.079541705522152,10.919964376910594,-20.999506082432745
74,174,174,2020-02-28,60400.0,-2000.0,932828,407022,239339,167683,166864,308650,-141786,-25897,358942,384839,38.47890500713958,-11.447146182572475,41.25508668264675,13.170831388600151,-2.7761816755071678,17.975768308841506,-15.199586633334336
75,173,173,2020-03-02,60100.0,-300.0,711979,240773,260950,-20177,115743,251075,-135332,155509,355463,199954,49.92605118971207,-14.398515004485262,28.084255294046606,-2.0716068476669847,21.841795895665463,-2.8339318996768164,-19.007863995988647
76,172,172,2020-03-03,60200.0,100.0,587763,129526,261323,-131797,80161,149195,-69034,200831,378076,177245,64.32456619419732,23.461159604799253,30.155862141713577,-1.2448601155997032,34.16870405248374,-22.42349382319064,-11.745210229293098
77,171,171,2020-03-04,60600.0,400.0,520867,128206,164929,-36723,179817,192382,-12565,49288,212844,163556,40.86340658939807,-2.1488232940562924,31.400722257313284,-2.4838129983984985,9.462684332084773,-7.050360264712489,-2.412324067372285
78,170,170,2020-03-05,61500.0,900.0,573595,179508,218224,-38716,147371,161011,-13640,52356,246716,194360,43.01222988345435,-1.2958753746580949,33.88453525571178,11.652317011414738,9.12769462774257,-6.749710161350778,-2.377984466391792
79,169,169,2020-03-06,60300.0,-1200.0,542438,196326,222065,-25739,105768,199777,-94009,119748,240344,120596,44.30810525811245,-5.660543900007617,22.232218244297048,-8.567088442817559,22.075887013815407,-4.745058421423279,-17.330828592392127
80,168,168,2020-03-09,57800.0,-2500.0,1001568,351097,219172,131925,150001,473920,-323919,191994,500470,308476,49.96864915812007,25.613926543420376,30.7993066871146,-10.056642234535047,19.169342471005464,13.171846544618036,-32.3411890156235
81,167,167,2020-03-10,60000.0,2200.0,1500440,529333,448895,80438,605679,438526,167153,-247591,365428,613019,24.354722614699693,-16.801316562953275,40.85594892164965,19.163188687606876,-16.50122630694996,5.360960784836449,11.140265522113511
82,166,166,2020-03-11,59000.0,-1000.0,938290,255388,252225,3163,296739,482524,-185785,182622,386163,203541,41.15603917765296,-2.6322204435332,21.692760234042783,-1.2094982774438243,19.463278943610185,0.3371026015411014,-19.80038154515129
83,165,165,2020-03-12,55500.0,-3500.0,1649095,596438,390037,206401,330547,881378,-550831,344430,722110,377680,43.78825962118615,8.570870304416985,22.90225851148661,-4.821692078456554,20.886001109699567,12.516016360488631,-33.40201747018819
84,164,164,2020-03-13,52500.0,-3000.0,1968749,527532,706966,-179434,747875,715968,31907,147527,693342,545815,35.21738931676918,-21.001487317454533,27.72395058994316,-7.081207259863717,7.493438726826019,-9.114112565898447,1.6206738390724262
85,163,163,2020-03-16,50400.0,-2100.0,948845,194928,304573,-109645,220487,314025,-93538,203183,533430,330247,56.21887663422371,14.811138847273805,34.805157849806875,-3.1581850717634694,21.413718784416844,-11.555628158445268,-9.858090625971576
86,162,162,2020-03-17,49450.0,-950.0,1004008,271292,269882,1410,316979,352971,-35992,34582,415737,381155,41.40773778694991,-8.4347750606862,37.963342921570344,0.2546146486512555,3.444394865379558,0.14043712799101202,-3.5848319933705706
87,161,161,2020-03-18,48000.0,-1450.0,886739,260658,249835,10823,184108,302526,-118418,107595,441973,334378,49.84251284763611,6.134957344794245,37.70872827291909,-2.966076417628962,12.133784574717026,1.2205395274144928,-13.354324102131518
88,160,160,2020-03-19,43650.0,-4350.0,1601945,472296,437694,34602,429478,512663,-83185,48583,700171,651588,43.70755550284186,-9.336538361427749,40.67480469054805,2.21578425110323,3.0327508122938047,2.159999250910612,-5.192750063204417
89,159,159,2020-03-20,45100.0,1450.0,1539670,409615,325414,84201,313351,622114,-308763,224562,816704,592142,53.04409386426961,-3.2711922634946617,38.45902043944482,3.633629365164936,14.5850734248248,5.468769281729203,-20.053842706554
90,158,158,2020-03-23,41850.0,-3250.0,1186795,312824,409634,-96810,205624,363855,-158231,255041,668347,413306,56.315286127764274,5.844574314283882,34.825391074279885,-13.651279924176016,21.48989505348439,-8.157263891405004,-13.332631162079382
91,157,157,2020-03-24,44400.0,2550.0,1316623,395941,283847,112094,256173,394521,-138348,26254,664509,638255,50.470711813480385,-0.0756523182204134,48.47667099845589,-5.8991863767796096,1.9940408150244984,8.513750709200735,-10.507791524225233
92,156,156,2020-03-25,48500.0,4100.0,1506779,463722,418931,44791,281435,268524,12911,-57702,761622,819324,50.54636413170081,-5.078843723897464,54.37585737523551,2.3446452703063727,-3.829493243534719,2.9726323501986687,0.8568608933360501
93,155,155,2020-03-26,49000.0,500.0,1377158,353788,314926,38862,257323,345680,-88357,49495,766047,716552,55.625207855598276,0.8619436448766749,52.03121210492914,11.342501611176472,3.593995750669132,2.821898431407289,-6.41589418207642
94,154,154,2020-03-27,49400.0,400.0,1110394,391458,327057,64401,110848,331532,-220684,156283,608088,451805,54.763264210721594,7.843271510404527,40.688710493752666,14.401207572278686,14.074553716968932,5.799833212355254,-19.874386929324185
95,153,153,2020-03-30,48500.0,-900.0,937027,291545,275508,16037,205829,415198,-209369,193332,439653,246321,46.91999270031707,-4.158798070671267,26.287502921473983,-4.035592022236568,20.632489778843087,1.7114768304435195,-22.343966609286607
96,152,152,2020-03-31,48200.0,-300.0,1106424,244399,304299,-59900,296877,466623,-169746,229646,565148,335502,51.07879077098834,10.006090089181178,30.32309494371055,-18.448566276765078,20.75569582727779,-5.413837733093281,-15.341858094184508
97,151,151,2020-04-01,48100.0,-100.0,1298461,416014,361389,54625,349134,303791,45343,-99968,533313,633281,41.072700681807156,3.3732559869730494,48.77166122047564,7.469778072508402,-7.698960538668469,4.206903403336718,3.4920571353317498
98,150,150,2020-04-02,49300.0,1200.0,1071663,427787,238928,188859,239865,390118,-150253,-38606,404011,442617,37.699444694834106,-18.925010791321352,41.30188314796722,-4.936545121582057,-3.602438453133121,17.62298409108087,-14.02054563794775
99,149,149,2020-04-03,49850.0,550.0,963015,229583,202211,27372,188130,315521,-127391,100019,545302,445283,56.62445548615546,0.6725996376038452,46.23842826954928,-19.57316645076343,10.386027216606179,2.8423233282970672,-13.228350544903247
100,148,148,2020-04-06,51100.0,1250.0,868309,237935,121800,116135,144539,175061,-30522,-85613,485835,571448,55.95185584855161,-11.953515828880265,65.81159472031271,2.813762830816657,-9.85973887176109,13.37484697267908,-3.5151081009179914
101,147,147,2020-04-07,54500.0,3400.0,2123508,541826,428578,113248,139706,357166,-217460,104212,1441976,1337764,67.90537167743187,1.0815088038843754,62.99783188949606,20.83880043728918,4.907539787935812,5.333062084060903,-10.240601871996716
102,146,146,2020-04-08,53300.0,-1200.0,1593974,306600,443070,-136470,222219,478900,-256681,393151,1065155,672004,66.8238628735475,7.1081402192995835,42.15903145220688,-8.802425045676642,24.664831421340622,-8.561620202086107,-16.10321121925452
103,145,145,2020-04-09,54200.0,900.0,926771,282828,228351,54477,90515,226124,-135609,81132,553428,472296,59.715722654247905,-16.626777411207968,50.96145649788352,-6.070686702123459,8.754266156364409,5.878151129027558,-14.632417285391968
104,144,144,2020-04-10,53800.0,-400.0,687486,131514,198745,-67231,31128,96653,-65525,132756,524844,392088,76.34250006545588,5.395050718849973,57.03214320000698,2.025819002334728,19.310356865448888,-9.779253686620528,-9.531103178828367
105,143,143,2020-04-13,53200.0,-600.0,626957,134576,211324,-76748,47571,70767,-23196,99944,444810,344866,70.94744934660591,27.63183061631264,55.00632419767225,20.937489795429002,15.941125148933661,-12.24134988523934,-3.69977526369432
106,142,142,2020-04-14,53600.0,400.0,922591,382932,167198,215734,140033,441077,-301044,85310,399626,314316,43.31561873029328,-17.631049559247813,34.068834402243255,-6.239562451408979,9.246784328050023,23.3834927936648,-32.630277121714826
107,141,141,2020-04-16,53500.0,-100.0,788724,115346,125795,-10449,192677,345007,-152330,162779,480701,317922,60.946668289541094,-13.971829164807946,40.308396853652226,-33.08101315346754,20.63827143588885,-1.324798028207586,-19.31347340768127
108,140,140,2020-04-17,54500.0,1000.0,1414373,174510,186876,-12366,180236,189497,-9261,21627,1059627,1038000,74.91849745434905,1.1392832560323711,73.38941000711976,26.33066644938349,1.5290874472292668,-0.8743096764432013,-0.6547777707860656
109,139,139,2020-04-20,53800.0,-700.0,809110,154032,239039,-85007,58123,189314,-131191,216198,596955,380757,73.77921419831667,8.670819695952162,47.05874355773629,-7.247407281403085,26.72047064058039,-10.506235246134642,-16.214235394445748
110,138,138,2020-04-21,52600.0,-1200.0,1029388,218896,347540,-128644,140274,122827,17447,111197,670218,559021,65.1083945023645,3.210210465022641,54.306150839139356,18.098780328877496,10.802243663225141,-12.497134219555695,1.6948905563305576
111,137,137,2020-04-22,52400.0,-200.0,727548,136795,343448,-206653,140414,120674,19740,186913,450339,263426,61.89818403734186,16.58076349213478,36.20737051026187,-21.566984141993494,25.690813527079996,-28.40403657215744,2.7132230450774384
112,136,136,2020-04-23,53300.0,900.0,702412,217407,203936,13471,166690,92662,74028,-87499,318315,405814,45.31742054520709,-8.797713614158553,57.77435465225536,18.683368233587416,-12.456934107048285,1.917820310586949,10.539113796461335
113,135,135,2020-04-24,52600.0,-700.0,529035,153272,216876,-63604,89475,105354,-15879,79483,286288,206805,54.115134159365645,12.237575146299093,39.09098641866795,-21.247426370166746,15.024147740697687,-12.022645004583818,-3.0015027361138675
114,134,134,2020-04-27,53400.0,800.0,561740,179935,111225,68710,146562,111570,34992,-103702,235243,338945,41.877559013066545,-20.48274088584393,60.3384127888347,4.969576441536027,-18.46085377576815,12.231637412325988,6.229216363442163
115,133,133,2020-04-28,53600.0,200.0,712240,125673,192122,-66449,142412,125759,16653,49796,444155,394359,62.360299898910476,4.936944308767443,55.36883634729867,-17.995455287372394,6.991463551611817,-9.329579916881949,2.3381163652701336
116,132,132,2020-04-29,54900.0,1300.0,1017067,162346,142560,19786,270687,128343,142344,-162130,584034,746164,57.42335559014303,15.525809124531742,73.36429163467106,19.779686738682013,-15.940936044528039,1.9453978941407009,13.99553815038734
117,131,131,2020-05-04,55200.0,300.0,1119161,114292,295456,-181164,535968,224007,311961,-130797,468901,599698,41.89754646561129,-4.336116940045066,53.584604895989045,13.744598343356396,-11.687058430377755,-16.187483302223722,27.874541732601475
118,130,130,2020-05-06,55500.0,300.0,805783,145409,83982,61427,287831,400777,-112946,51519,372543,321024,46.23366340565636,-16.923547485191214,39.84000655263266,-4.9394293888613845,6.393656853023706,7.623268299281569,-14.016925152305275
119,129,129,2020-05-07,54700.0,-800.0,754248,141984,106194,35790,135902,310306,-174404,138614,476362,337748,63.157210890847566,18.22494991418509,44.779435941494036,-2.5404892443949905,18.37777494935353,4.745123619817353,-23.12289856917088
120,128,128,2020-05-08,55200.0,500.0,632501,129354,185402,-56048,218950,147800,71150,-15102,284197,299299,44.93226097666248,-16.9838432975204,47.31992518588903,-2.881082367969242,-2.3876642092265468,-8.861329863510097,11.248994072736645
121,127,127,2020-05-11,54500.0,-700.0,536547,80544,164182,-83638,123794,103013,20781,62857,332209,269352,61.91610427418289,24.374016018484106,50.20100755385828,0.8989343319502012,11.715096720324595,-15.588196374222575,3.873099653897982
122,126,126,2020-05-12,54500.0,0.0,707739,147070,168771,-21701,294969,190038,104931,-83230,265700,348930,37.54208825569878,4.0513481086432686,49.302073221908074,9.262978568136633,-11.759984966209295,-3.0662433467704906,14.826228312979785
123,125,125,2020-05-13,55000.0,500.0,577061,212760,186766,25994,171039,159245,11794,-37788,193262,231050,33.49074014705551,-10.716917397551178,40.039094653771436,7.572938130743395,-6.548354506715929,4.504549778966175,2.0438047277497526
124,124,124,2020-05-14,54200.0,-800.0,593689,175079,220703,-45624,156154,180238,-24084,69708,262456,192748,44.207657544606676,1.4708663521963814,32.46615652302805,-11.171573072550714,11.74150102157864,-7.6848316205959675,-4.0566694009826705
125,123,123,2020-05-15,54400.0,200.0,504474,160310,164834,-4524,128568,119499,9069,-4545,215596,220141,42.73679119241031,2.349891227631872,43.637729595578755,-28.80238876480752,-0.9009384031684488,-0.8967756514706408,1.7977140546390895
126,122,122,2020-05-18,56400.0,2000.0,1005066,275529,169438,106091,323622,107557,216065,-322156,405915,728071,40.386899964778436,-10.751947095801153,72.44011836038628,-1.167042841283731,-32.05321839560785,10.555625202723006,21.497593192884846
127,121,121,2020-05-19,58200.0,1800.0,1138915,301291,138651,162640,255196,161941,93255,-255895,582428,838323,51.13884706057959,-6.224814494433026,73.60716120167002,25.444114711396765,-22.468314141090428,14.280257964817393,8.188056176273031
128,120,120,2020-05-20,58000.0,-200.0,552137,110719,156740,-46021,124692,129471,-4779,50800,316726,265926,57.363661555012605,-16.048321145135034,48.163046490273246,3.9096631620399904,9.200615064739367,-8.33506901366871,-0.8655460510706582
129,119,119,2020-05-21,57200.0,-800.0,709139,115273,201200,-85927,73273,194121,-120848,206775,520593,313818,73.41198270014766,21.251126921792086,44.25338332823326,-14.878416722687561,29.15859937191439,-12.117088469256382,-17.04151090265801
130,118,118,2020-05-22,56300.0,-900.0,518452,126720,119162,7558,121303,92720,28583,-36141,270429,306570,52.16085577835556,-17.916980608430446,59.13180005092082,3.5878129797474543,-6.970944272565252,1.4578013007954451,5.513142971769806
131,117,117,2020-05-25,56100.0,-200.0,478311,132837,129332,3505,10284,83306,-73022,69517,335190,265673,70.077836386786,23.014367371566248,55.54398707117336,-13.498643671797565,14.533849315612645,0.7327868269807719,-15.266636142593416
132,116,116,2020-05-26,57100.0,1000.0,674912,224312,105862,118450,132963,103073,29890,-148340,317637,465977,47.063469015219745,-0.02519552774995759,69.04263074297093,-8.508646697064307,-21.979161727751173,17.550436205016357,4.428725522734816
133,115,115,2020-05-27,59500.0,2400.0,1707086,415606,298201,117405,487636,85018,402618,-520023,803844,1323867,47.088664542969724,-16.24596658247195,77.55127744003524,28.708688655518078,-30.46261289706553,6.877509393199874,23.585103503865646
134,114,114,2020-05-28,58500.0,-1000.0,1094166,305470,329818,-24348,95710,229929,-134219,158567,692986,534419,63.334631125441675,38.17267923717875,48.84258878451715,9.573519234360674,14.4920423409245,-2.225256496729016,-12.266785844195487
135,113,113,2020-05-29,59300.0,800.0,900113,250533,268911,-18378,423094,277736,145358,-126980,226486,353466,25.16195188826292,-45.83309989915635,39.26906955015648,-11.249712238388208,-14.107117661893563,-2.0417436477420057,16.148861309635567
136,112,112,2020-06-01,59200.0,-100.0,550906,126106,185661,-59555,33684,86934,-53250,112805,391116,278311,70.99505178741926,23.51175931177432,50.518781788544686,-17.181619853958026,20.476269998874578,-10.810374183617533,-9.665895815257047
137,111,111,2020-06-02,60000.0,800.0,846026,249232,161971,87261,195073,111292,83781,-171042,401721,572763,47.48329247564496,5.3598206705844404,67.70040164250271,-6.756540412487552,-20.217109166857764,10.314222021545435,9.902887145312318
138,110,110,2020-06-03,62100.0,2100.0,1433963,559624,244346,315278,270304,121932,148372,-463650,604035,1067685,42.12347180506053,-10.163817655843863,74.45694205499026,9.64427451689373,-32.33347024992974,21.986480822726946,10.346989427202796
139,109,109,2020-06-04,62200.0,100.0,934862,335568,234483,101085,110480,94470,16010,-117095,488814,605909,52.287289460904375,11.859679125961925,64.81266753809653,6.9730672946371755,-12.525378077192142,10.81282585023244,1.7125522269597009
140,108,108,2020-06-05,63000.0,800.0,860924,326686,253410,73276,186187,109559,76628,-149904,348051,497955,40.42761033494246,-4.3880982597189675,57.83960024345936,-6.176982600022626,-17.411989908516894,8.511320395296217,8.900669513220679
141,107,107,2020-06-08,64000.0,1000.0,975466,411833,232788,179045,126471,118218,8253,-187298,437162,624460,44.81570859466142,-9.232458664271718,64.01658284348198,-7.5014515520663,-19.20087424882057,18.354817082297078,0.8460571665234873
142,106,106,2020-06-09,66600.0,2600.0,1897513,567783,310078,257705,304159,230371,73788,-331493,1025571,1357064,54.04816725893314,4.034247112472798,71.51803439554827,1.7742744109406203,-17.46986713661514,13.581198126178846,3.8886690104362915
143,105,105,2020-06-10,70100.0,3500.0,2744224,871272,468775,402497,500458,361524,138934,-541431,1372494,1913925,50.01392014646034,-9.875234743235133,69.74375998460766,19.672814995290594,-19.729839838147324,14.667060706414635,5.062779131732687
144,104,104,2020-06-11,69000.0,-1100.0,1942350,520292,433958,86334,258801,535839,-277038,190704,1163257,972553,59.889154889695476,-6.056937258616812,50.07094498931708,-22.232419546224566,9.818209900378408,4.444821993976369,-14.263031894354775
145,103,103,2020-06-12,67800.0,-1200.0,1689624,386297,229318,156979,189086,238651,-49565,-107414,1114241,1221655,65.94609214831229,9.349761493131306,72.30336453554162,8.770714200082345,-6.357272387229347,9.290765282690113,-2.9334928954607653
146,102,102,2020-06-15,62900.0,-4900.0,1545344,452323,239054,213269,218413,324492,-106079,-107190,874608,981798,56.59633065518098,-8.461148707053276,63.53265033545929,8.80122186701621,-6.936319680278308,13.800745982771476,-6.8644263024931655
147,101,101,2020-06-16,65200.0,2300.0,1220699,242507,260828,-18321,184036,291765,-107729,126050,794156,668106,65.05747936223426,29.09390491465782,54.73142846844308,-12.302875853603446,10.32605089379118,-1.500861391710815,-8.825189502080365
148,100,100,2020-06-17,68200.0,3000.0,1576915,777523,318976,458547,232277,200865,31412,-489959,567115,1057074,35.963574447576434,-14.949000164777505,67.03430432204652,7.829084416400497,-31.07072987447009,29.07873918378607,1.9919906906840252
149,99,99,2020-06-18,67800.0,-400.0,946224,274810,187485,87325,189667,198525,-8858,-78467,481747,560214,50.912574612353936,10.720507457370452,59.20521990564602,4.150769134323006,-8.292645293292075,9.228787263903683,-0.93614197061161
150,98,98,2020-06-19,68800.0,1000.0,861053,284388,205411,78977,230590,181594,48996,-127973,346075,474048,40.19206715498349,-13.710225430060198,55.05445077132303,5.6907181711113,-14.862383616339526,9.172141552262172,5.690242064077355
151,97,97,2020-06-22,67500.0,-1300.0,632910,152446,173618,-21172,139311,146864,-7553,28725,341153,312428,53.90229258504369,2.319085967870862,49.36373260021172,-1.3592556728549423,4.5385599848319655,-3.3451833594033906,-1.1933766254285758
152,96,96,2020-06-23,66600.0,-900.0,849668,304053,277214,26839,107329,141477,-34148,7309,438286,430977,51.583206617172834,-0.22391004421950106,50.722988273066655,-2.32699799223628,0.8602183441061685,3.1587631875038253,-4.0189815316099935
153,95,95,2020-06-24,67000.0,400.0,622511,177964,123704,54260,122042,168565,-46523,-7737,322505,330242,51.80711666139233,-15.321724638339234,53.04998626530293,6.942745390267887,-1.2428696039106135,8.716311840272702,-7.473442236362088
154,94,94,2020-06-25,64700.0,-2300.0,798688,175257,301425,-126168,87281,129010,-41729,167897,536150,368253,67.12884129973156,10.963266264562373,46.107240875035046,-3.4790484350437514,21.0216004246965,-15.796906927360872,-5.224693497335631
155,93,93,2020-06-26,64700.0,0.0,528872,102782,162347,-59565,129046,104277,24769,34796,297044,262248,56.16557503516919,9.790841108228127,49.58628931007879,-4.204533332986244,6.579285725090381,-11.26264956359951,4.683363838509129
156,92,92,2020-06-29,63500.0,-1200.0,756841,210571,190431,20140,195287,159299,35988,-56128,350983,407111,46.37473392694106,2.857119327558877,53.79082264306504,25.546699702522698,-7.416088716123995,2.6610609097551534,4.755027806368841
157,91,91,2020-06-30,63200.0,-300.0,648411,151363,198861,-47498,214875,266412,-51537,99035,282173,183138,43.51761459938219,1.8310862351059496,28.244122940542344,-25.55488081442603,15.273491658839841,-7.325292137240114,-7.948199521599727
158,90,90,2020-07-01,64400.0,1200.0,564319,272725,134885,137840,56349,125836,-69487,-68353,235245,303598,41.68652836427624,6.167982680892344,53.799003754968396,26.710717039744715,-12.112475390692143,24.425900953184282,-12.313425562492135
159,89,89,2020-07-02,64600.0,200.0,451291,111986,163201,-51215,179013,165843,13170,38045,160292,122247,35.51854568338389,-26.72412421569758,27.08828671522366,-9.430782980685166,8.430258968160233,-11.348553372435967,2.9182944042757333
160,88,88,2020-07-03,65000.0,400.0,494161,142245,144100,-1855,44337,169598,-125261,127116,307579,180463,62.24266989908147,20.346670545031213,36.519069695908826,-40.636548082489355,25.72360020317265,-0.37538373121310653,-25.34821647195955
161,87,87,2020-07-06,68100.0,3100.0,1461414,611340,238308,373032,237800,95543,142257,-515289,612274,1127563,41.89599935405026,-5.8417408279212,77.1556177783982,26.000883904382892,-35.25961842434793,25.525415795934624,9.734202628413305
162,86,86,2020-07-07,65500.0,-2600.0,1720050,567138,586353,-19215,331799,253810,77989,-58774,821113,879887,47.73774018197145,6.057953650419903,51.15473387401529,-1.6097940897396867,-3.416993692043836,-1.1171186884102209,4.534112380454057
163,85,85,2020-07-08,66400.0,900.0,1111546,436000,363358,72642,212256,161686,50570,-123212,463290,586502,41.67978653155155,13.545299200280088,52.76452796375498,3.765577852775415,-11.084741432203437,6.535222114064555,4.549519318138881
164,84,84,2020-07-09,67700.0,1300.0,984866,286320,277139,9181,421459,225153,196306,-205487,277087,482574,28.13448733127147,-0.8885386897962597,48.998950110979564,-5.0124925031585965,-20.864462779708106,0.9322080364232292,19.932254743284872
165,83,83,2020-07-10,68200.0,500.0,781290,290381,249536,40845,264155,109768,154387,-195232,226754,421986,29.023026021067718,-16.773024567062286,54.011442614138154,-12.454354945600517,-24.98841659307044,5.227892331912607,19.760524261157826
166,82,82,2020-07-13,68500.0,300.0,569857,168407,132770,35637,140478,58327,82151,-117788,260972,378760,45.79605058813001,-1.6715287880503382,66.46579755973869,-7.323856826243968,-20.669746971608667,6.2536741673788345,14.416072804229831
167,81,81,2020-07-14,70800.0,2300.0,1780194,482750,322490,160260,452429,144105,308324,-468584,845015,1313599,47.467579376180346,6.702221109784091,73.78965438598264,-4.689609758633381,-26.322075009802298,9.002389627197935,17.31968538260437
168,80,80,2020-07-15,74900.0,4100.0,2504840,582992,366488,216504,900741,172572,728169,-944673,1021107,1965780,40.765358266396255,-10.837777821331775,78.47926414461601,13.219045381973755,-37.71390587821977,8.64342632663164,29.070479551588125
169,79,79,2020-07-16,74500.0,-400.0,1184023,296244,258167,38077,276786,153160,123626,-161703,610993,772696,51.60313608772803,3.961511220546982,65.26021876264227,1.1195198784003964,-13.657082674914253,3.2159003668003066,10.441182308113946
170,78,78,2020-07-17,75700.0,1200.0,1266762,374644,244004,130640,288612,210248,78364,-209004,603506,812510,47.641624867181044,5.241884782841523,64.14069888424187,6.283628102687452,-16.49907401706082,10.312908028501012,6.186165988559807
171,77,77,2020-07-20,76000.0,300.0,901831,190190,274213,-84023,329267,105845,223422,-139399,382374,521773,42.399740084339534,-2.4670383357708303,57.85707078155442,8.587067810476924,-15.45733069721489,-9.316934104061623,24.774264801276523
172,76,76,2020-07-21,74900.0,-1100.0,912127,145842,268554,-122712,357043,194168,162875,-40163,409242,449405,44.86677842011036,5.373409157288642,49.2700029710775,-3.5644344454924815,-4.403224550967135,-13.453389714370914,17.856614265338052
173,75,75,2020-07-22,75000.0,100.0,801570,110716,257631,-146915,374287,120434,253853,-106938,316567,423505,39.493369262821716,-11.381833928165953,52.834437416569976,-6.697294626879303,-13.34106815374827,-18.328405504198013,31.66947365794628
174,74,74,2020-07-23,74100.0,-900.0,759138,106726,205993,-99267,266199,101217,164982,-65715,386213,451928,50.87520319098768,14.74395524799724,59.53173204344928,9.417684277898287,-8.656528852461609,-13.076278621278346,21.732807473739953
175,73,73,2020-07-24,74100.0,0.0,698830,194875,254300,-59425,251459,94318,157141,-97716,252496,350212,36.131247942990434,-18.001029941800713,50.11404776555099,-5.589451805614459,-13.982799822560565,-8.503498704978321,22.486298527538885
176,72,72,2020-07-27,73600.0,-500.0,568984,131813,113423,18390,129167,138617,-9450,-8940,308004,316944,54.132277884791144,-5.5477536036528505,55.70349957116546,10.068523618004512,-1.5712216863743094,3.232076824655878,-1.6608551382815686
177,71,71,2020-07-28,72500.0,-1100.0,975596,149805,372746,-222941,243555,157637,85918,137023,582236,445213,59.680031488444,5.790624492758781,45.63497595316093,-2.7561159258258883,14.045055535283046,-22.85177471002341,8.806719174740364
178,70,70,2020-07-29,72000.0,-500.0,804210,146302,281040,-134738,224524,134004,90520,44218,433384,389166,53.88940699568521,-7.037518480833107,48.39109187898683,8.1622489115313,5.4983151166983735,-16.75408164534139,11.255766528643017
179,69,69,2020-07-30,72100.0,100.0,735701,155457,218384,-62927,132004,221353,-89349,152276,448240,295964,60.92692547651831,-2.5159397905083694,40.22884296745553,4.0146858299025965,20.698082509062786,-8.55333892437281,-12.144743584689975
180,68,68,2020-07-31,70700.0,-1400.0,851076,152525,362507,-209982,158604,180359,-21755,231737,539947,308210,63.44286526702668,24.803097041761106,36.21415713755293,-28.76920243012535,27.22870812947375,-24.672532182789787,-2.5561759466839624
181,67,67,2020-08-03,74000.0,3300.0,1183563,299974,237338,62636,426263,177106,249157,-311793,457326,769119,38.63976822526558,-3.1832550645353086,64.98335956767828,-9.007931641713595,-26.343591342412697,5.2921559731083185,21.05143536930438
182,66,66,2020-08-04,77900.0,3900.0,1738014,580155,326724,253431,430969,125311,305658,-559089,726890,1285979,41.823023289800894,-2.063153983886373,73.99129120939187,11.259235242989753,-32.16826791959098,14.581643185843154,17.58662473374783
183,65,65,2020-08-05,78300.0,400.0,1197933,310822,303564,7258,361384,142881,218503,-225761,525727,751488,43.88617727368726,-8.151122949327357,62.73205596640212,1.5396000165120751,-18.84587869271487,0.6058769563907164,18.240001736324157
184,64,64,2020-08-06,77200.0,-1100.0,899941,336229,237715,98514,95407,111530,-16123,-82391,468305,550696,52.03730022301462,4.543091220645579,61.19245594989005,15.5170150443886,-9.155155726875428,10.946717618154967,-1.7915618912795397
185,63,63,2020-08-07,77200.0,0.0,759800,214036,321842,-107806,184903,90916,93987,13819,360861,347042,47.49420900236904,-2.378045273942668,45.67544090550145,-29.525512425626804,1.8187680968675968,-14.188733877336139,12.369965780468545
186,62,62,2020-08-10,85700.0,8500.0,3706582,1317890,716245,601645,540136,202952,337184,-938829,1848556,2787385,49.87225427631172,-15.671290368723447,75.20095333112826,22.49832040738457,-25.328699054816536,16.231800618467364,9.096898436349177
187,61,61,2020-08-11,83000.0,-2700.0,1684857,411404,515471,-104067,169138,281422,-112284,216351,1104315,887964,65.54354464503515,13.945915533955839,52.70263292374368,-16.84708968018235,12.84091172129148,-6.176607272902093,-6.664304448389387
188,60,60,2020-08-12,87300.0,4300.0,2704977,750319,557570,192749,558954,266103,292851,-485600,1395704,1881304,51.597629111079314,-4.6974637315365735,69.54972260392603,9.812539570754517,-17.952093492846704,7.125716780586305,10.826376712260402
189,59,59,2020-08-13,87000.0,-300.0,1950559,617840,606589,11251,234650,178761,55889,-67140,1098069,1165209,56.295092842615894,1.9916500284593184,59.73718303317151,-4.344292888216039,-3.4420901905556303,0.5768090070590021,2.8652811834966285
190,58,58,2020-08-14,88700.0,1700.0,1669303,584232,504675,79557,178582,94914,83668,-163225,906489,1069714,54.30344281415657,0.2938964868541092,64.08147592138755,5.922428339446412,-9.778033107230982,4.765881328913924,5.012151778317059
191,57,57,2020-08-18,84000.0,-4700.0,1462971,419995,423322,-3327,252832,188799,64033,-60706,790144,850850,54.009546327302466,8.899694754015776,58.15904758194114,-3.2489431293262427,-4.149501254638676,-0.2274139405360735,4.376915195174751
192,56,56,2020-08-19,85000.0,1000.0,1316003,388994,384861,4133,333362,123011,210351,-214484,593647,808131,45.109851573286676,2.5648719172559846,61.407990711267395,3.8187247441477297,-16.298139137980687,0.3140570348243887,15.9840821031563
193,55,55,2020-08-20,84900.0,-100.0,1424255,656533,515443,141090,161773,88594,73179,-214269,605949,820218,42.54497965603071,-6.870494537696416,57.589265967119644,-18.419504858133735,-15.044286311088955,9.906231679018154,5.138054632070802
194,54,54,2020-08-21,90300.0,5400.0,2978055,1033499,565093,468406,472936,149379,323557,-791963,1471620,2263583,49.41547419372712,5.402561186575795,76.00877082525341,21.732799563334197,-26.59329663152628,15.72858795421844,10.864708677307839
195,53,53,2020-08-24,90600.0,300.0,1265081,596727,370404,226323,111555,208042,-96487,-129836,556799,686635,44.01291300715132,-7.91686169313806,54.2759712619192,1.0660532517221384,-10.263058254767877,17.89000071932153,-7.626942464553652
196,52,52,2020-08-25,90300.0,-300.0,1161120,411053,399800,11253,147100,143489,3611,-14864,602967,617831,51.929774700289386,-15.589637011262958,53.209918010197065,12.697952810645551,-1.280143309907675,0.9691504754030592,0.31099283450461623
197,51,51,2020-08-26,87900.0,-2400.0,1571474,248481,669513,-421032,261943,265326,-3383,424415,1061050,636635,67.51941171155234,9.967423728992053,40.511965199551504,-12.470779278734176,27.007446512000843,-26.792170917240764,-0.2152755947600788
198,50,50,2020-08-27,86200.0,-1700.0,1330067,207589,553814,-346225,356998,71547,285451,60774,765480,704706,57.55198798256029,-3.071468885190398,52.982744478285674,2.3928435321805566,4.5692435042745965,-26.030643569083363,21.461400064808764
199,49,49,2020-08-28,85900.0,-300.0,954228,233627,344481,-110854,142115,127004,15111,95743,578486,482743,60.62345686775068,13.126979736334185,50.58990094610514,17.849148791160836,10.03355592164556,-11.617139719228527,1.5835837975829676
200,48,48,2020-08-31,84200.0,-1700.0,1388783,379875,262841,117034,349285,671244,-321959,204925,659623,454698,47.496477131416505,-0.8808246839158755,32.74075215494429,-29.82626830681302,14.755724976472207,8.4270904813783,-23.182815457850506
201,47,47,2020-09-01,87700.0,3500.0,1133236,455949,222247,233702,129058,201957,-72899,-160803,548229,709032,48.377301815332366,-26.480214026445488,62.567020461757316,19.628348240678967,-14.189718646424927,20.622535817781998,-6.43281717135707
202,46,46,2020-09-02,86500.0,-1200.0,1170481,205079,355396,-150317,89209,312496,-223287,373604,876193,502589,74.85751584177788,7.841233124948559,42.93867222107834,-7.379356744866463,31.918843620699526,-12.842327214196555,-19.076516406502968
203,45,45,2020-09-03,85700.0,-800.0,764553,135125,273276,-138151,117053,106569,10484,127667,512375,384708,67.01628271682931,-2.2955456594123547,50.31802896594481,2.732514132634215,16.698253750884508,-18.069512512540012,1.3712587616555032
204,44,44,2020-09-04,84000.0,-1700.0,974597,91798,418464,-326666,207288,92366,114922,211744,675511,463767,69.31182837624165,2.54656932501598,47.585514833310604,-6.715008733552202,21.72631354293108,-33.518059259365664,11.791745716434589
205,43,43,2020-09-07,83800.0,-200.0,629528,106680,225949,-119269,102542,61742,40800,78469,420306,341837,66.76525905122568,12.228579020485633,54.30052356686279,-12.344036197453748,12.464735484362887,-18.94578160145379,6.4810461170909
206,42,42,2020-09-08,85800.0,2000.0,1367597,474367,246490,227877,147388,209678,-62290,-165587,745842,911429,54.53668003074005,8.379971923507526,66.64455976431654,-9.818852400581818,-12.107879733576484,16.662584079959224,-4.554704346382743
207,41,41,2020-09-09,90200.0,4400.0,3555936,1166580,578593,587987,748053,258353,489700,-1077687,1641303,2718990,46.15670810723253,-8.011227029486264,76.46341216489836,8.651749507002037,-30.30670405766583,16.53536509093527,13.77133896673056
208,40,40,2020-09-10,93200.0,3000.0,2880767,916985,564324,352661,403330,362947,40383,-393044,1560452,1953496,54.16793513671879,-8.505521142212707,67.81166265789632,17.281473037137843,-13.643727521177519,12.241913351548385,1.4018141696291297
209,39,39,2020-09-11,92400.0,-800.0,1507008,462990,320410,142580,99524,425104,-325580,183000,944494,761494,62.6734562789315,0.0958350071571914,50.53018962075848,0.10550405925243213,12.143266658173015,9.461130929630102,-21.60439758780312
210,38,38,2020-09-14,92100.0,-300.0,1226790,280507,371640,-91133,178587,236545,-57958,149091,767696,618605,62.57762127177431,17.90185059541796,50.424685561506045,-0.35226200279876,12.15293571026826,-7.428573757529813,-4.724361952738447
211,37,37,2020-09-15,91800.0,-300.0,952767,190231,296051,-105820,336880,172930,163950,-58130,425656,483786,44.67577067635634,-17.059253029337313,50.77694756430481,-2.6612673632287596,-6.10117688794847,-11.106597940524807,17.20777482847328
212,36,36,2020-09-16,90600.0,-1200.0,815205,164829,236297,-71468,147109,143277,3832,67636,503267,435631,61.735023705693656,6.2200347494619175,53.43821492753357,-2.0243707162572235,8.296808778160095,-8.766874589827099,0.470065811667004
213,35,35,2020-09-17,90600.0,0.0,870174,279886,239928,39958,107211,147625,-40414,456,483077,482621,55.51498895623175,7.216653404993849,55.46258564379079,21.89865467915804,0.05240331244096008,4.591955172183954,-4.644358484624914
214,34,34,2020-09-18,89900.0,-700.0,931059,204413,329501,-125088,276960,289058,-12098,137186,449686,312500,48.29833555123789,-4.001060459290272,33.563930964632746,-18.807429748922036,14.734404586605143,-13.43502398881274,-1.2993805977924062
215,33,33,2020-09-21,90900.0,1000.0,1050515,279686,389868,-110182,221416,110478,110938,-756,549413,550169,52.299396010528156,-0.842577671437283,52.37136071355479,16.638780154623575,-0.07196470302661076,-10.48837950909792,10.560344212124528
216,32,32,2020-09-22,88900.0,-2000.0,1054942,156623,366137,-209514,337702,311847,25855,183659,560617,376958,53.14197368196545,20.769731633879978,35.732580558931204,-16.56333166801496,17.409393123034253,-19.860238761941414,2.4508456389071624
217,31,31,2020-09-23,91200.0,2300.0,1121711,380964,325952,55012,377624,209150,168474,-223486,363123,586609,32.37224204808547,-7.942267571150744,52.29591222694614,8.909120831559541,-19.92367017886069,4.9042935301517065,15.01937664870898
218,30,30,2020-09-24,89500.0,-1700.0,1150871,461461,310539,150922,225442,341006,-115564,-35358,463968,499326,40.31450961923621,-2.371734609497516,43.386791395386616,-27.73691958341152,-3.0722817761504118,13.113719956450375,-10.041438180299963
219,29,29,2020-09-25,92900.0,3400.0,1625943,554999,280100,274899,376890,189412,187478,-462377,694054,1156431,42.68624422873373,-14.94965659231189,71.12371097879814,23.73984179858537,-28.437466750064427,16.907050247148884,11.53041650291554
220,28,28,2020-09-28,91700.0,-1200.0,905918,195510,285272,-89762,188274,191387,-3113,92875,522134,429259,57.63590082104562,13.403442890597972,47.383869180212784,-4.333543149635267,10.252031640832834,-9.90840230572745,-0.3436293351053848
221,27,27,2020-09-29,91700.0,0.0,808542,158547,136412,22135,292357,253973,38384,-60519,357638,418157,44.232457930447644,7.598627537890928,51.71741232984805,12.238763846677498,-7.484954399400403,2.737643808237544,4.747310591162859
222,26,26,2020-10-05,92100.0,400.0,1007727,186363,302059,-115696,452195,307831,144364,-28668,369169,397837,36.63383039255672,-18.67457191143715,39.478648483170545,-28.705256854483533,-2.8448180906138267,-11.48088718472364,14.325705275337468
223,25,25,2020-10-06,94400.0,2300.0,2733167,517620,599783,-82163,703876,269804,434072,-351909,1511671,1863580,55.308402303993866,17.03980086914192,68.18390533765408,13.06738792038758,-12.875503033660221,-3.006146349637618,15.881649383297837
224,24,24,2020-10-07,96100.0,1700.0,1263545,315330,264567,50763,464674,302556,162118,-212881,483541,696422,38.268601434851945,-28.85295401437192,55.1165174172665,7.419698384628178,-16.847915982414555,4.01750630171462,12.830409680699935
225,23,23,2020-10-08,93300.0,-2800.0,2181852,362224,793552,-431328,355135,347626,7509,423819,1464493,1040674,67.12155544922386,-8.73887577597543,47.696819032638324,2.8798614879531432,19.42473641658555,-19.76889358214948,0.3441571655639338
226,22,22,2020-10-12,91900.0,-1400.0,1139080,91128,370907,-279779,183841,257672,-73831,353610,864111,510501,75.86043122519929,15.796723159777914,44.81695754468518,-11.742905389430632,31.0434736805141,-24.561839379148086,-6.481634301366015
227,21,21,2020-10-13,91700.0,-200.0,1015570,183145,332429,-149284,222436,108736,113700,35584,609989,574405,60.06370806542138,4.827891718192539,56.55986293411581,14.966982238601467,3.5038451313055723,-14.699528343688765,11.195683212383194
228,20,20,2020-10-14,91400.0,-300.0,847948,145916,286077,-140161,233661,209185,24476,115685,468371,352686,55.23581634722884,10.680463515110377,41.592880695514346,-11.12487424230786,13.642935651714492,-16.529433408652412,2.886497756937925
229,19,19,2020-10-15,91400.0,0.0,678538,138792,221875,-83083,237421,98953,138468,-55385,302325,357710,44.55535283211847,-24.55339248196309,52.71775493782221,-7.326280359762793,-8.162402105703732,-12.244413724802447,20.406815830506176
230,18,18,2020-10-16,89900.0,-1500.0,749853,105345,204723,-99378,126294,94888,31406,67972,518214,450242,69.10874531408156,17.18393390050334,60.044035297585,18.014066455341638,9.06471001649657,-13.252997587527153,4.188287571030589
231,17,17,2020-10-19,89100.0,-800.0,487840,131845,176204,-44359,102685,106597,-3912,48271,253310,205039,51.92481141357821,9.692771737152944,42.02996884224336,-24.699896013945647,9.894842571334863,-9.092940308297802,-0.8019022630370614
232,16,16,2020-10-20,90700.0,1600.0,498432,155571,109207,46364,132363,56622,75741,-122105,210498,332603,42.23203967642527,2.5912356215516468,66.72986485618901,35.26064924516417,-24.497825179763737,9.301970980996405,15.195854198767336
233,15,15,2020-10-21,90400.0,-300.0,502901,95328,234823,-139495,208219,109819,98400,41095,199354,158259,39.640804054873634,-35.08168776395968,31.469215611024836,-13.914668618158085,8.171588443848789,-27.73806375409872,19.56647531024993
234,14,14,2020-10-22,88400.0,-2000.0,598631,61032,163954,-102922,90287,162995,-72708,175630,447312,271682,74.72249181883329,46.463296557314266,45.38388422918292,-13.882878213412216,29.338607589650394,-17.192895122370878,-12.145712467279509
235,13,13,2020-10-23,89600.0,1200.0,453141,81570,104443,-22873,243517,80136,163381,-140508,128054,268562,28.25919526151905,-8.390252569939339,59.26676244259513,17.23552698907214,-31.007567181076087,-5.047656248275923,36.055223429352004
236,12,12,2020-10-26,89100.0,-500.0,397433,58782,176104,-117322,192994,54283,138711,-21389,145657,167046,36.64944783145838,5.444474002472887,42.03123545352299,3.0711658168629508,-5.3817876220646,-29.519944242174148,34.901731864238755
237,11,11,2020-10-27,89400.0,300.0,523862,120429,213295,-92866,239962,106470,133492,-40626,163471,204097,31.204973828985487,4.11564585832938,38.96006963666004,-1.8732925330415424,-7.75509580767454,-17.727187694469155,25.482283502143694
238,10,10,2020-10-28,90000.0,600.0,375683,84419,136598,-52179,189494,85681,103813,-51634,101770,153404,27.089327970656115,-53.014731175006354,40.83336216970157,9.866296012186591,-13.744034199045473,-13.889103313165624,27.63313751221109
239,9,9,2020-10-29,87200.0,-2800.0,786668,88682,266910,-178228,67833,276150,-208317,386545,630153,243608,80.10405914566245,10.208034244619654,30.96706615751499,-18.847959033904136,49.136992988147476,-22.656063294807968,-26.4809296933395
240,8,8,2020-10-30,84000.0,-3200.0,981485,97529,297793,-200264,197937,194765,3172,197092,686019,488927,69.89602490104281,24.993871262271036,49.81502519141912,-9.929641652888774,20.080999709623683,-20.404183456700817,0.3231837470771331
