,Unnamed: 0,Unnamed: 0.1,날짜,종가,대비,거래량,기관 매수,기관 매도,기관 순매수,외국인 매수,외국인 매도,외국인 순매수,개인 순매수,개인 매수,개인 매도,개인매수비율(%),개인매수비율증가(%p),개인매도비율(%),개인매도비율증가(%p),개인 순매수비율,기관 순매수비율,외국인 순매수비율
15,233,233,2019-12-02,309000.0,2500.0,123351,47054,35626,11428,59676,62173,-2497,-8931,16621,25552,13.47455634733403,-3.0300097692145584,20.714870572593654,-3.0504351319806524,-7.240314225259625,9.264618851894188,-2.0243046266345632
16,232,232,2019-12-03,309500.0,500.0,97676,41430,45178,-3748,40125,29285,10840,-7092,16121,23213,16.504566116548588,-48.20304527936917,23.765305704574303,12.789433848597266,-7.260739588025718,-3.8371759695319216,11.09791555755764
17,231,231,2019-12-04,296500.0,-13000.0,316394,55693,144050,-88357,55970,137617,-81647,170004,204731,34727,64.70761139591775,21.68903631956467,10.975871855977044,-3.5066795884729647,53.73173953994071,-27.926256502967817,-25.80548303697289
18,230,230,2019-12-05,293500.0,-3000.0,199730,28288,85214,-56926,85521,85590,-69,56995,85921,28926,43.01857507635308,9.091600651389273,14.482551444450008,-9.918284971827939,28.53602363190307,-28.50147699394182,-0.034546637961247684
19,229,229,2019-12-06,294500.0,1000.0,155425,36179,53605,-17426,66515,63895,2620,14806,52731,37925,33.92697442496381,3.3922692713627813,24.400836416277947,4.130270706042957,9.526138008685859,-11.211838507318642,1.6857004986327808
20,228,228,2019-12-09,295000.0,500.0,150943,62013,40400,21613,42840,79946,-37106,15493,46090,30597,30.53470515360103,-2.83152629406268,20.270565710234987,-6.982274109474961,10.26413944336604,14.318650086456476,-24.58278952982252
21,227,227,2019-12-10,299000.0,4000.0,159077,41175,20138,21037,64824,95586,-30762,9725,53078,43353,33.366231447663715,2.875646168864133,27.252839819709948,9.733810064092076,6.113391627953758,13.224413334422954,-19.337804962376712
22,226,226,2019-12-11,300500.0,1500.0,137285,39026,43990,-4964,56400,69244,-12844,17808,41859,24051,30.49058527879957,18.50624748057797,17.519029755617876,2.8958458097796136,12.971555523181706,-3.6158356703208656,-9.355719852860835
23,225,225,2019-12-12,300500.0,0.0,246964,126176,147329,-21153,91191,63521,27670,-6517,29597,36114,11.984337798221604,-18.12141118237615,14.62318394583826,-11.12221194070563,-2.6388461476166567,-8.565215982896293,11.204062130512948
24,224,224,2019-12-13,303000.0,2500.0,223170,78156,47254,30902,77827,118460,-40633,9731,67187,57456,30.105748980597753,11.998658379384475,25.74539588654389,-19.59685892354592,4.3603530940538615,13.846843213693594,-18.207196307747452
25,223,223,2019-12-16,309000.0,6000.0,182481,60796,39268,21528,88643,60472,28171,-49699,33042,82741,18.10709060121328,-9.566822688285722,45.34225481008982,24.16766816183205,-27.235164208876537,11.797392605257533,15.437771603619009
26,222,222,2019-12-17,305500.0,-3500.0,176726,46697,44947,1750,81122,94358,-13236,11486,48907,37421,27.673913289499,-0.0006771951565553991,21.174586648257755,-2.117670359756236,6.499326641241241,0.9902334687595488,-7.489560110000792
27,221,221,2019-12-18,307000.0,1500.0,207013,36383,66905,-30522,113340,91890,21450,9072,57290,48218,27.674590484655557,-1.2055417131326749,23.292257008013987,-17.47750456383224,4.382333476641564,-14.744001584441554,10.361668107799993
28,220,220,2019-12-19,309000.0,2000.0,110138,29535,26949,2586,48795,38286,10509,-13095,31808,44903,28.880132197788228,6.9440503052319045,40.769761571846225,-13.734329025824346,-11.889629374058002,2.3479634640178686,9.541665910040132
29,219,219,2019-12-20,314500.0,5500.0,248130,55954,39766,16188,137746,73123,64623,-80811,54430,135241,21.936081892556324,-10.332049939475283,54.504090597670576,7.3798061387715865,-32.56800870511425,6.52399951638254,26.044009188731714
30,218,218,2019-12-23,313000.0,-1500.0,121761,48442,37741,10701,34029,26641,7388,-18089,39290,57379,32.26813183203161,-3.6107587414099314,47.12428445889899,-8.98915529852543,-14.856152626867388,8.788528346514894,6.0676242803524945
31,217,217,2019-12-24,312500.0,-500.0,224260,65003,67975,-2972,78795,30445,48350,-45378,80462,125840,35.87889057344154,-30.43199698913065,56.11343975742442,-1.8849718713780348,-20.234549183982878,-1.3252474806028716,21.559796664585747
32,216,216,2019-12-26,308000.0,-4500.0,166208,39949,56007,-16058,16045,13803,2242,13816,110214,96398,66.31088756257218,17.591447907975937,57.99841162880247,22.596532226040825,8.312475933769734,-9.661388140161725,1.3489122063919907
33,215,215,2019-12-27,310500.0,2500.0,149622,38617,68287,-29670,38110,28366,9744,19926,72895,52969,48.71943965459625,20.502385391030355,35.40187940276163,-22.39917391400268,13.317560251834625,-19.829971528251196,6.51241127641657
34,214,214,2019-12-30,317500.0,7000.0,168990,51910,23655,28255,69396,47657,21739,-49994,47684,97678,28.21705426356589,-20.261038298227987,57.801053316764296,31.53291659599812,-29.583999053198408,16.719924255873128,12.864074797325285
35,213,213,2020-01-02,314000.0,-3500.0,139496,34602,55636,-21034,37269,47217,-9948,30982,67625,36643,48.47809256179389,14.212807462115045,26.26813672076619,5.437984627207445,22.2099558410277,-15.078568561105694,-7.131387279922005
36,212,212,2020-01-03,311000.0,-3000.0,165030,45297,69198,-23901,63185,61456,1729,22172,56548,34376,34.26528509967884,-6.020193424287164,20.830152093558745,-12.757004268182499,13.4351330061201,-14.482821305217236,1.0476882990971341
37,211,211,2020-01-06,307000.0,-4000.0,138154,38577,44799,-6222,43921,46953,-3032,9254,55656,46402,40.285478523966006,19.786629598800825,33.587156361741236,-14.654090984807027,6.698322162224764,-4.503669817739624,-2.19465234448514
38,210,210,2020-01-07,311000.0,4000.0,133788,43903,33899,10004,62460,35348,27112,-37116,27425,64541,20.498848925165188,-45.236877620599,48.24124734654827,24.124620374565172,-27.742398421383086,7.4775017191377415,20.26489670224534
39,209,209,2020-01-08,302000.0,-9000.0,225471,40693,68063,-27370,36563,103032,-66469,93839,148215,54376,65.73572654576421,37.095250463174736,24.116626971983088,4.531084657726293,41.61909957378111,-12.139033401191284,-29.480066172589826
40,208,208,2020-01-09,306500.0,4500.0,198621,56133,64634,-8501,85602,95086,-9484,17985,56886,38901,28.64047608258945,10.207824330734653,19.585542314256802,-41.56627746409964,9.054933768332656,-4.280010673594433,-4.77492309473822
41,207,207,2020-01-10,325000.0,18500.0,610981,181835,90927,90908,316526,146428,170098,-261006,112620,373626,18.432651751854802,-11.707150994121525,61.15181977835644,6.42231374805889,-42.71916802650164,14.87902242459258,27.84014560190906
42,206,206,2020-01-13,332500.0,7500.0,359435,97752,63483,34269,153350,99235,54115,-88384,108333,196717,30.13980274597633,-0.24271476942311665,54.729506030297536,16.934565512123857,-24.58970328432123,9.534129953955514,15.055573330365712
43,205,205,2020-01-14,333500.0,1000.0,425340,61270,87711,-26441,234841,176872,57969,-31528,129229,160757,30.382517515399442,-6.6794329001058514,37.794940518173696,14.508522320508812,-7.4124230027742515,-6.216438613814829,13.628861616589079
44,204,204,2020-01-15,328500.0,-5000.0,231766,63448,50810,12638,82421,126986,-44565,31927,85897,53970,37.061950415505294,6.437098295801983,23.28641819766489,1.6331421990228137,13.775532217840409,5.452913714694994,-19.228445932535397
45,203,203,2020-01-16,329000.0,500.0,194414,50145,58420,-8275,84730,93897,-9167,17442,59539,42097,30.624852119703302,10.931629152564524,21.653275998642073,-12.788842779132187,8.97157612106124,-4.2563807133231135,-4.7151954077381255
46,202,202,2020-01-17,333000.0,4000.0,221203,31319,49432,-18113,146322,95584,50738,-32625,43562,76187,19.693222967138787,-15.454543775775653,34.44211877777426,-32.17573254446271,-14.748895810635481,-8.188406124690895,22.93730193532637
47,201,201,2020-01-20,354000.0,21000.0,556519,169956,83198,86758,190959,102580,88379,-175137,195604,370741,35.147766742914435,-2.6654500964559915,66.61785132223697,37.35285404913847,-31.47008457932254,15.589404854102016,15.880679725220526
48,200,200,2020-01-21,344500.0,-9500.0,364883,67929,44295,23634,158980,213805,-54825,31191,137974,106783,37.81321683937042,5.444282182650562,29.264997273098498,0.4797351424119362,8.548219566271927,6.477144728584231,-15.02536429485616
49,199,199,2020-01-22,351500.0,7000.0,311524,108707,48535,60172,101980,173316,-71336,11164,100837,89673,32.36893465671986,-1.9392375873897123,28.785262130686558,-2.5704167435028857,3.5836725260333067,19.31536575031137,-22.89903827634468
50,198,198,2020-01-23,348500.0,-3000.0,260932,82668,101288,-18620,88743,77827,10916,7704,89521,81817,34.30817224410958,-7.869503194738767,31.355678874189447,-2.203227579479534,2.9524933699201323,-7.135958793862003,4.18346542394187
51,197,197,2020-01-28,336500.0,-12000.0,348298,100177,82363,17814,101217,149050,-47833,30019,146904,116885,42.177675438848354,13.017331948014352,33.55890645366898,11.287119514992455,8.618768985179358,5.114585785735204,-13.73335477091456
52,196,196,2020-01-29,335000.0,-1500.0,272147,86257,90124,-3867,106531,121411,-14880,18747,79359,60612,29.160343490834,11.129491287461054,22.271786938676524,-5.547041997875301,6.888556552157474,-1.4209232510371232,-5.467633301120349
53,195,195,2020-01-30,343500.0,8500.0,642288,118336,136558,-18222,408142,327053,81089,-62867,115810,178677,18.03085220337294,-13.214387997190313,27.818828936551824,-6.9349904031841305,-9.787976733178883,-2.8370450638965696,12.625021797075455
54,194,194,2020-01-31,337500.0,-6000.0,391298,78694,104838,-26144,190342,150469,39873,-13729,122262,135991,31.24524020056325,10.391944369809341,34.753819339735955,-2.097679866250104,-3.508579139172702,-6.681352830834812,10.189931970007514
55,193,193,2020-02-03,350000.0,12500.0,594448,209064,140429,68635,261422,234956,26466,-95101,123962,219063,20.85329583075391,-5.7982454604159335,36.85149920598606,-15.953008665003464,-15.998203375232148,11.546005706134094,4.452197669098053
56,192,192,2020-02-04,379500.0,29500.0,995237,226144,233969,-7825,503847,235738,268109,-260284,265246,525530,26.65154129116984,-0.06378757500819532,52.80450787098953,14.526280538067098,-26.15296657981968,-0.7862448843843225,26.939211464204007
57,191,191,2020-02-05,382000.0,2500.0,731711,130172,217108,-86936,406060,234517,171543,-84607,195479,280086,26.71532886617804,-0.7525165595978827,38.27822733292243,3.923278577006855,-11.562898466744384,-11.881193531325893,23.444091998070284
58,190,190,2020-02-06,382000.0,0.0,551088,130383,127323,3060,269333,234439,34894,-37954,151372,189326,27.467845425775923,-7.996529867358117,34.35494875591557,-18.039319071731807,-6.887103330139651,0.555265220799582,6.331838109340068
59,189,189,2020-02-07,386500.0,4500.0,392312,95686,97427,-1741,157495,89336,68159,-66418,139131,205549,35.46437529313404,5.121522848494706,52.39426782764738,18.59514208767807,-16.929892534513346,-0.4437794408531985,17.373671975366545
60,188,188,2020-02-10,387000.0,500.0,291904,80088,58389,21699,123244,134854,-11610,-10089,88572,98661,30.34285244463933,-7.356786143525113,33.799125739969305,-27.53387666367879,-3.4562732953299715,7.433608309581232,-3.9773350142512607
61,187,187,2020-02-11,413500.0,26500.0,983089,241092,147473,93619,371376,232658,138718,-232337,370621,602958,37.699638588164454,1.5240138457095749,61.3330024036481,32.45925399206779,-23.633363815483648,9.522942480284085,14.110421335199561
62,186,186,2020-02-12,408000.0,-5500.0,463511,122703,104379,18324,173130,225299,-52169,33845,167678,133833,36.175624742454865,6.328580140500217,28.87374841158031,-4.586415829240806,7.301876330874563,3.9533042365769098,-11.255180567451475
63,185,185,2020-02-13,411500.0,3500.0,448366,120356,108475,11881,194186,189867,4319,-16200,133824,150024,29.847044601954646,-4.287446499361092,33.460164240821115,-1.0498281364698414,-3.6131196388664617,2.6498441005785454,0.9632755382879166
64,184,184,2020-02-14,413500.0,2000.0,301730,86540,88104,-1564,112196,109499,2697,-1133,102994,104127,34.134491101315746,-7.40899540119711,34.509992377290956,-2.6306983907583468,-0.3755012759752096,-0.5183442150266795,0.8938454910018891
65,183,183,2020-02-17,419500.0,6000.0,514355,130852,105158,25694,169822,218162,-48340,22646,213681,191035,41.54348650251285,12.529704997249231,37.140690768049296,5.260039477261729,4.402795734463552,4.995382566515344,-9.398178300978897
66,182,182,2020-02-18,418000.0,-1500.0,366288,79938,98006,-18068,180076,151507,28569,-10501,106274,116775,29.01378150526362,-14.046902790360427,31.88065129078757,0.17004262234758372,-2.8668697855239587,-4.932730528982659,7.799600314506616
67,181,181,2020-02-19,404000.0,-14000.0,766920,182373,203558,-21185,254306,320167,-65861,87046,330241,243195,43.06068429562405,13.706715633923563,31.71060866843999,-22.484472660330415,11.35007562718406,-2.762348093673395,-8.587727533510666
68,180,180,2020-02-20,419000.0,15000.0,482732,133774,151169,-17395,207257,69946,137311,-119916,141701,261617,29.35396866170048,-10.024566921103244,54.19508132877042,22.99839567263608,-24.841112667069925,-3.603448704457132,28.444561371527058
69,179,179,2020-02-21,407000.0,-12000.0,400924,121729,135714,-13985,121317,140135,-18818,32803,157878,125075,39.37853558280373,5.007577855272295,31.196685656134328,-6.107344974589528,8.181849926669393,-3.488192275842803,-4.693657650826591
70,178,178,2020-02-24,395000.0,-12000.0,463848,134649,126536,8113,169770,164278,5492,-13605,159429,173034,34.370957727531426,-2.706232030624029,37.30403063072386,9.349266836396133,-2.933072903192425,1.7490643486659423,1.184008554526483
71,177,177,2020-02-25,399500.0,4500.0,478820,98950,100103,-1153,202337,244864,-42527,43680,177533,133853,37.07718975815546,7.9675056362464,27.954763794327725,0.926453880932236,9.122425963827745,-0.2408003007393175,-8.881625663088425
72,176,176,2020-02-26,395000.0,-4500.0,334971,116446,112609,3837,121016,131825,-10809,6972,97509,90537,29.109684121909066,-4.473235809473941,27.02830991339549,-12.536285107235965,2.081374208513573,1.145472294616549,-3.2268465031301217
73,175,175,2020-02-27,388000.0,-7000.0,345104,146886,135855,11031,82322,72710,9612,-20643,115896,136539,33.582919931382996,-1.9102127792746868,39.56459502063146,5.156719183086139,-5.9816750892484585,3.1964277435207937,2.7852473457276647
74,174,174,2020-02-28,368000.0,-20000.0,643995,181098,194996,-13898,234323,227414,6909,6989,228574,221585,35.49313271065769,-1.8968444438652268,34.40787583754532,-2.0746984102551957,1.0852568731123688,-2.1580912895286453,1.0728344164162764
75,173,173,2020-03-02,377000.0,9000.0,514325,169977,153273,16704,152042,173413,-21371,4667,192306,187639,37.38997715452292,-5.6373935795792605,36.48257424780051,0.36477624407370257,0.9074029067224032,3.2477519078403727,-4.155154814562777
76,172,172,2020-03-03,386500.0,9500.0,547921,180650,223444,-42794,131515,126580,4935,37859,235756,197897,43.02737073410219,5.303107487167196,36.11779800372681,7.869714292705279,6.9095727303753645,-7.810250017794536,0.9006772874191717
77,171,171,2020-03-04,392000.0,5500.0,478790,144167,142805,1362,154003,200736,-46733,45371,180620,135249,37.724263246934974,11.442206010661188,28.248083711021533,-10.366740254771704,9.476179535913447,0.2844670941331273,-9.760646630046576
78,170,170,2020-03-05,406000.0,14000.0,645954,113652,150752,-37100,362532,245768,116764,-79664,169770,249434,26.2820572362738,-9.04094328661153,38.61482396579324,10.091849167747206,-12.332766729519438,-5.743443031547137,18.07620976106658
79,169,169,2020-03-06,400000.0,-6000.0,357631,120220,110189,10031,111085,145435,-34350,24319,126326,102007,35.32300052288532,-24.515336130729214,28.522974798046032,-2.1668913112059442,6.800025724839291,2.8048463360279174,-9.604872060867207
80,168,168,2020-03-09,374000.0,-26000.0,611394,122703,178892,-56189,122843,244866,-122023,178212,365848,187636,59.83833665361453,12.651105903719394,30.689866109251966,-1.8512189014763865,29.14847054436256,-9.190309358613268,-19.95816118574929
81,167,167,2020-03-10,373500.0,-500.0,660399,167539,128133,39406,181236,317365,-136129,96723,311624,214901,47.18723074989514,-2.981688546203756,32.54108501072836,-13.49494961716912,14.646145739166775,5.966998738641339,-20.613144477808113
82,166,166,2020-03-11,365000.0,-8500.0,447847,95782,128621,-32839,127385,113055,14330,18509,224680,206171,50.16891929609889,5.758191120714543,46.03603462789747,16.018749705151482,4.132884668201417,-7.332638155441479,3.199753487240062
83,165,165,2020-03-12,341500.0,-23500.0,1041370,217856,189449,28407,361034,539330,-178296,149889,462480,312591,44.41072817538435,2.5170711582393186,30.017284922746,-9.886957257606422,14.393443252638349,2.7278488913642605,-17.121292144002613
84,164,164,2020-03-13,340500.0,-1000.0,899561,234886,190622,44264,287816,349976,-62160,17896,376859,358963,41.89365701714503,-9.26038661482322,39.90424218035242,4.986901173896938,1.9894148367926128,4.9206223924781085,-6.910037229270723
85,163,163,2020-03-16,312500.0,-28000.0,747892,138840,207110,-68270,226475,279638,-53163,121433,382577,261144,51.15404363196825,5.2933918928590185,34.91734100645548,-2.7122994638113624,16.236702625512773,-9.128323340803217,-7.1083792847095575
86,162,162,2020-03-17,306500.0,-6000.0,819960,251624,230592,21032,192297,280820,-88523,67491,376039,308548,45.86065173910923,-13.356380023208587,37.62964047026684,2.107600006306015,8.231011268842382,2.5650031708863845,-10.796014439728769
87,161,161,2020-03-18,280000.0,-26500.0,946373,95059,193448,-98389,290900,416754,-125854,224243,560414,336171,59.217031762317816,-3.688419085975916,35.52204046396083,-5.748299298078116,23.694991298356985,-10.396429314868449,-13.298561983488538
88,160,160,2020-03-19,230000.0,-50000.0,1394682,251865,283979,-32114,265486,535113,-269627,301741,877331,575590,62.905450848293725,12.90487660516532,41.270339762038944,-13.384130491018515,21.63511108625479,-2.302603747664342,-19.33250733859045
89,159,159,2020-03-20,272500.0,42500.0,1306067,308548,229118,79430,344478,363125,-18647,-60783,653041,713824,50.000574243128405,-15.624775236424,54.65447025305746,-9.587098453831267,-4.653896009929047,6.081617558670421,-1.427721548741374
90,158,158,2020-03-23,268000.0,-4500.0,947838,130524,136104,-5580,195292,202828,-7536,13116,622022,608906,65.6253494795524,1.3932170630758949,64.24156870688873,4.121011349009294,1.383780772663683,-0.5887081969703684,-0.7950725756933147
91,157,157,2020-03-24,288000.0,20000.0,966345,181927,136943,44984,163714,248430,-84716,39732,620704,580972,64.23213241647653,3.6320809131132417,60.12055735787944,-5.475942403886408,4.111575058597085,4.655066254805479,-8.766641313402562
92,156,156,2020-03-25,307500.0,19500.0,803831,148815,130914,17901,167894,145632,22262,-40163,487122,527285,60.60005150336328,-0.9701379548993074,65.59649976176584,27.35287330642227,-4.996448258402575,2.226960642224548,2.7694876161780275
93,155,155,2020-03-26,299500.0,-8000.0,720792,157855,161543,-3688,119144,283592,-164448,168136,443793,275657,61.570189458262575,10.733004250693073,38.24362645534357,-15.441838591017678,23.326563002919013,-0.5116593968856479,-22.814903606033365
94,154,154,2020-03-27,303500.0,4000.0,648602,171415,177555,-6140,147456,122842,24614,-18474,329731,348205,50.837185207569505,5.186658820671448,53.685465046361244,6.624133109126575,-2.84827983879174,-0.9466514133474766,3.794931252139216
95,153,153,2020-03-30,303000.0,-500.0,473701,161292,136229,25063,96162,114542,-18380,-6683,216247,222930,45.65052638689807,-3.3833846051155945,47.06133193723467,2.367873754435415,-1.4108055503366048,5.290890245112423,-3.8800846947758174
96,152,152,2020-03-31,305000.0,2000.0,492967,107686,186275,-78589,143560,86368,57192,21397,241721,220324,49.033910992013645,-7.936123655893872,44.693458182799255,16.711394355248082,4.34045280921441,-15.942040745120869,11.60158793590646
97,151,151,2020-04-01,292000.0,-13000.0,599459,130418,169906,-39488,127529,261812,-134283,173771,341512,167741,56.97003464790753,-0.5873841412680321,27.982063827551173,-8.020700055007048,28.98797082035636,-6.587272857693352,-22.400697962663003
98,150,150,2020-04-02,291000.0,-1000.0,688886,172282,201370,-29088,120099,239498,-119399,148487,396505,248018,57.557418789175564,-5.263794280231828,36.00276388255822,-12.998071146445618,21.55465490661735,-4.2224693200326335,-17.332185586584714
99,149,149,2020-04-03,290500.0,-500.0,540101,125211,109664,15547,75592,165783,-90191,74644,339298,264654,62.821213069407385,15.49396378377105,49.00083502900384,5.1793228817903625,13.820378040403554,2.8785356812892404,-16.698913721692797
100,148,148,2020-04-06,296500.0,6000.0,494846,145314,69759,75555,115335,208238,-92903,17348,234197,216849,47.32724928563634,6.320277600182963,43.821512147213475,-14.963187769315814,3.5057371384228633,15.26838652833407,-18.774123666756925
101,147,147,2020-04-07,309000.0,12500.0,717617,105774,135329,-29555,317570,160439,157131,-127576,294273,421849,41.00697168545338,-13.812654093363447,58.78469991652929,-9.714378392358013,-17.77772823107591,-4.118492176188691,21.8962204072646
102,146,146,2020-04-08,313000.0,4000.0,616801,143184,114342,28842,135489,79956,55533,-84375,338128,422503,54.81962577881682,11.354505196568013,68.4990783088873,9.42472971250764,-13.679452530070474,4.676062457745692,9.003390072324787
103,145,145,2020-04-09,324500.0,11500.0,470177,144568,125423,19145,121246,67000,54246,-73391,204363,277754,43.465120582248815,-18.331135040214885,59.07434859637965,0.4116900436998492,-15.60922801413085,4.071870806100682,11.53735720803017
104,144,144,2020-04-10,324000.0,-500.0,313697,70623,80459,-9836,49221,49215,6,9830,193853,184023,61.79625562246371,-3.904824508156743,58.66265855267982,7.140260495240313,3.1335970697839,-3.1355097434785795,0.0019126736946798984
105,143,143,2020-04-13,315000.0,-9000.0,298575,52032,97687,-45655,50376,47055,3321,42334,196167,153833,65.70108013062045,21.03271225728928,51.522398057439496,-16.319064154908688,14.178682073180942,-15.290965419073935,1.1122833458929915
106,142,142,2020-04-14,326500.0,11500.0,436161,121558,79471,42087,119777,60792,58985,-101072,194826,295898,44.668367873331185,-4.950860031835255,67.84146221234819,4.061533204028302,-23.173094339017016,9.649418448692114,13.523675890324904
107,141,141,2020-04-16,343000.0,16500.0,621763,169310,108154,61156,143939,117049,26890,-88046,308514,396560,49.619227905166426,-11.971004581394348,63.77992900831989,-10.175314277376962,-14.160701103153453,9.835902104177956,4.324798998975494
108,140,140,2020-04-17,362500.0,19500.0,753764,142578,132797,9781,146941,63519,83422,-93203,464245,557448,61.590232486560794,-5.791874377862115,73.95524328569684,30.749350213503146,-12.365010799136071,1.2976210060443325,11.067389793091737
109,139,139,2020-04-20,351500.0,-11000.0,504864,114176,117593,-3417,50500,169140,-118640,122057,340188,218131,67.38210686442291,18.557016237804557,43.205893072193696,-4.8715279531817535,24.176213792229195,-0.6768159345883248,-23.499397857640872
110,138,138,2020-04-21,354000.0,2500.0,710608,187885,153478,34407,175768,215488,-39720,5313,346955,341642,48.825090626618326,-12.07328730978086,48.077421025375465,-3.2120532403866235,0.7476696012428793,4.841910026343638,-5.5895796275865175
111,137,137,2020-04-22,355000.0,1000.0,362008,96630,101223,-4593,44921,75113,-30192,34785,220457,185672,60.898377936399186,18.508622659137107,51.28947426576208,-6.869844695659921,9.608903670637114,-1.268756491569247,-8.340147179067866
112,136,136,2020-04-23,361000.0,6000.0,343123,134942,77016,57926,62732,66549,-3817,-54109,145449,199558,42.38975527726209,-17.65423163755485,58.159318961422,12.574089693489945,-15.769563684159909,16.881992754784726,-1.1124290706248197
113,135,135,2020-04-24,353500.0,-7500.0,270535,63037,89927,-26890,45058,57284,-12226,39116,162440,123324,60.04398691481694,20.442661888334364,45.585229267932064,13.948650996211855,14.458757646884875,-9.939564196869169,-4.51919345001571
114,134,134,2020-04-27,353500.0,0.0,445576,115377,63314,52063,153745,241297,-87552,35489,176454,140965,39.60132502648258,-3.358209529060197,31.6365782717202,-28.04922268519461,7.964746754762375,11.684426450257645,-19.64917320502002
115,133,133,2020-04-28,362500.0,9000.0,582497,169639,124682,44957,162620,110147,52473,-97430,250238,347668,42.959534555542774,7.182645643107783,59.6858009569148,-15.418081500945034,-16.726266401372026,7.7179796634145745,9.008286737957448
116,132,132,2020-04-29,376500.0,14000.0,566265,100454,91477,8977,263219,49501,213718,-222695,202592,425287,35.77688891243499,-35.560376602472076,75.10388245785984,41.616579359585685,-39.326993545424855,1.585300168648954,37.74169337677589
117,131,131,2020-05-04,360000.0,-16500.0,669179,89923,156905,-66982,101882,288184,-186302,253284,477374,224090,71.33726551490706,10.830592882144494,33.487303098274154,-7.5137225665920315,37.84996241663293,-10.009578901908158,-27.84038351472476
118,130,130,2020-05-06,361000.0,1000.0,344167,77503,80578,-3075,58420,122477,-64057,67132,208244,141112,60.506672632762566,-9.789404553159605,41.00102566486617,-5.273668683889191,19.5056469678964,-0.8934616043955406,-18.61218536350086
119,129,129,2020-05-07,354000.0,-7000.0,431374,55615,80713,-25098,72520,151044,-78524,103622,303239,199617,70.29607718592219,-0.2374947185000167,46.27469434875538,6.543912193243967,24.021382837166826,-5.818153157121197,-18.20322968004562
120,128,128,2020-05-08,352500.0,-1500.0,678484,120340,122152,-1812,79585,286765,-207180,208992,478559,269567,70.5335719044222,0.09132180710652447,39.730782155511406,7.540345307427138,30.802789748910808,-0.2670659882915441,-30.535723760619263
121,127,127,2020-05-11,346500.0,-6000.0,629395,99623,122516,-22893,86412,304274,-217862,240755,443360,202605,70.44225009731568,1.0785590226501824,32.19043684808427,-11.097633756007397,38.251813249231404,-3.6373024888980687,-34.61451076033334
122,126,126,2020-05-12,338000.0,-8500.0,554982,73201,92972,-19771,96825,221769,-124944,144715,384956,240241,69.3636910746655,21.664183124999067,43.28807060409167,-2.8855936731470067,26.07562047057382,-3.562457881516878,-22.513162589056943
123,125,125,2020-05-13,352000.0,14000.0,861294,233971,133754,100217,216490,329849,-113359,13142,410833,397691,47.69950794966643,-8.511529109254298,46.17366427723867,-3.968041905256854,1.5258436724277658,11.635631967713694,-13.161475640141461
124,124,124,2020-05-14,344500.0,-7500.0,399418,124909,108872,16037,49992,90271,-40279,24242,224517,200275,56.211037058920716,20.99941383662716,50.141706182495525,12.68733237975438,6.0693308764252,4.0150919588000535,-10.084422835225253
125,123,123,2020-05-15,346500.0,2000.0,364374,120543,75233,45310,115529,152667,-37138,-8172,128302,136474,35.211623222293575,-13.587490601468856,37.454373802741145,-32.30755191886648,-2.242750580447562,12.435025550670463,-10.192274970222902
126,122,122,2020-05-18,354000.0,7500.0,408948,139749,77377,62372,69636,46281,23355,-85727,199563,285290,48.799113823762426,-0.6542280727012297,69.76192572160762,3.9442394861653733,-20.962811897845203,15.251816856910903,5.710995040934299
127,121,121,2020-05-19,357000.0,3000.0,395494,147838,79110,68728,52071,56079,-4008,-64720,195585,260305,49.45334189646365,2.7097130574307684,65.81768623544225,-3.4259286409323693,-16.364344338978597,17.377760471713856,-1.0134161327352629
128,120,120,2020-05-20,362500.0,5500.0,358098,111514,70124,41390,79196,40014,39182,-80572,167388,247960,46.7436288390329,-0.32477443937009554,69.24361487637462,-9.32000336578983,-22.49998603734173,11.558288513200296,10.941697524141436
129,119,119,2020-05-21,377500.0,15000.0,1033430,276849,147097,129752,270162,74433,195729,-325481,486419,811900,47.068403278403,-6.965338048671223,78.56361824216445,19.72145011488152,-31.49521496376145,12.555470617264836,18.939744346496614
130,118,118,2020-05-22,377000.0,-500.0,504011,164330,107981,56349,67345,99459,-32114,-24235,272336,296571,54.03374132707421,7.359997519572438,58.84216812728293,-10.346372439758142,-4.808426800208727,11.180113132451474,-6.3716863322427475
131,117,117,2020-05-25,389500.0,12500.0,505854,206717,130407,76310,63036,25454,37582,-113892,236101,349993,46.67374380750177,-1.172768441235391,69.18854056704107,-7.010993092480334,-22.51479675953932,15.085380366667064,7.429416392872253
132,116,116,2020-05-26,414000.0,24500.0,958956,308396,185932,122464,191733,42304,149429,-271893,458827,730720,47.846512248737156,-15.209979607322829,76.1995336595214,28.104017084057013,-28.353021410784226,12.770554644842932,15.582466765941296
133,115,115,2020-05-27,395500.0,-18500.0,622426,156679,169702,-13023,73267,153365,-80098,93121,392480,299359,63.05649185605999,9.1667545733645,48.0955165754644,7.2805364326257305,14.960975280595605,-2.092296915617278,-12.868678364978328
134,114,114,2020-05-28,388500.0,-7000.0,842769,252506,263832,-11326,136097,234961,-98864,110190,454166,343976,53.88973728269549,20.61199063261619,40.81498014283866,3.9638581212054413,13.074757139856827,-1.3439032522553631,-11.730853887601464
135,113,113,2020-05-29,390500.0,2000.0,526505,186242,173673,12569,165054,158809,6245,-18814,175209,194023,33.2777466500793,-6.913113190182017,36.851122021633216,-15.915673445134358,-3.5733753715539263,2.387251782984017,1.1861235885699093
136,112,112,2020-06-01,396000.0,5500.0,401656,183485,153939,29546,56742,35776,20966,-50512,161429,211941,40.19085984026132,-5.158542434012183,52.766795466767576,8.550693446725736,-12.575935626506267,7.356045969685503,5.219889656820762
137,111,111,2020-06-02,395000.0,-1000.0,390982,143811,138712,5099,69863,79393,-9530,4431,177308,172877,45.3494022742735,8.09450857477993,44.216102020041845,-18.410822385678074,1.1333002542316526,1.3041521093042647,-2.4374523635359173
138,110,110,2020-06-03,400500.0,5500.0,474692,198332,145251,53081,99514,32156,67358,-120439,176846,297285,37.25489369949357,-7.391937334143684,62.62692440571992,-4.641487733199185,-25.372030706226354,11.182198141110446,14.189832565115907
139,109,109,2020-06-04,417500.0,17000.0,966577,378724,233936,144788,156307,82440,73867,-218655,431546,650201,44.646831033637255,-1.8241404947534792,67.2684121389191,-4.526394484276864,-22.621581105281834,14.97945843942076,7.6421226658610735
140,108,108,2020-06-05,434000.0,16500.0,865564,262623,146545,116078,200705,97589,103116,-219194,402236,621430,46.47097152839074,-5.3380075313815,71.79480662319597,23.108813588170882,-25.32383509480524,13.410677893258038,11.913157201547198
141,107,107,2020-06-08,434000.0,0.0,684281,150807,198137,-47330,178955,152995,25960,21370,354519,333149,51.80897905977224,-4.43688151453415,48.68599303502509,6.583033632545033,3.1229860247471435,-6.916749113302869,3.7937630885557247
142,106,106,2020-06-09,432500.0,-1500.0,609988,190042,154118,35924,76853,199047,-122194,86270,343093,256823,56.245860574306384,23.89437464012925,42.102959402480046,-7.782307098512312,14.142901171826331,5.889296182875729,-20.032197354702056
143,105,105,2020-06-10,440000.0,7500.0,535589,189730,121506,68224,172588,146903,25685,-93909,173271,267180,32.35148593417713,-9.78910560083559,49.885266500992365,-6.068712068619611,-17.533780566815224,12.738125689661288,4.795654877153937
144,104,104,2020-06-11,463000.0,23000.0,1250374,389222,401427,-12205,334237,149313,184924,-172719,526915,699634,42.14059153501272,-18.28277312815269,55.95397856961198,0.5008705834329703,-13.813387034599247,-0.9761079485018084,14.789494983101056
145,103,103,2020-06-12,462000.0,-1000.0,1007453,273814,226302,47512,124902,222487,-97585,50073,608737,558664,60.42336466316543,1.9601742196462129,55.453107986179006,1.1114318426062226,4.97025667698642,4.716051269885544,-9.686307946871963
146,102,102,2020-06-15,428000.0,-34000.0,851192,205169,250342,-45173,148389,138298,10091,35082,497634,462552,58.46319044351921,12.419298177037987,54.341676143572776,-19.13544488494517,4.121514299946428,-5.307028261543811,1.1855139615973835
147,101,101,2020-06-16,487500.0,59500.0,1156149,318395,212419,105976,305418,94225,211193,-317169,532336,849505,46.043892266481215,-9.425765651570998,73.47712102851796,21.481283428269414,-27.43322876203673,9.16629257993563,18.266936182101094
148,100,100,2020-06-17,491500.0,4000.0,1390544,293763,307668,-13905,325451,359851,-34400,48305,771330,723025,55.469657918052214,9.049646023034585,51.995837600248535,9.073078662791602,3.47382031780368,-0.9999683577074872,-2.473851960096193
149,99,99,2020-06-18,491000.0,-500.0,509457,145248,137348,7900,127719,153436,-25717,17817,236490,218673,46.42001189501765,-10.399258821300158,42.92275893745693,-24.311582522788683,3.4972529575606965,1.5506706159695518,-5.047923573530249
150,98,98,2020-06-19,512000.0,21000.0,738862,147396,120519,26877,171650,121574,50076,-76953,419816,496769,56.819270716317796,-15.592159111912727,67.23434146024562,10.458706137041318,-10.415070743927824,3.6376210983918513,6.777449645535972
151,97,97,2020-06-22,506000.0,-6000.0,509229,97084,77867,19217,43405,142244,-98839,79622,368740,289118,72.41142982823051,5.423531157519776,56.7756353232043,-0.356140724829622,15.635794505026224,3.773744229020736,-19.40953873404696
152,96,96,2020-06-23,504000.0,-2000.0,516968,109148,89170,19978,61514,132445,-70931,50953,346306,295353,66.98789867071075,8.012216379869116,57.131776048033935,-8.471618926953433,9.856122622676839,3.864455827053125,-13.720578449729965
153,95,95,2020-06-24,516000.0,12000.0,391402,85128,60059,25069,75442,74570,872,-25941,230832,256773,58.97568229084164,-20.60609656438504,65.60339497498735,16.53535601262871,-6.627712684145713,6.4049238378955655,0.2227888462501469
154,94,94,2020-06-25,499000.0,-17000.0,551096,59444,198756,-139312,53080,81928,-28848,168160,438572,270412,79.58177885522667,17.72267186167044,49.068038962358635,-8.371218188702509,30.51373989286803,-25.279080232845093,-5.2346596600229365
155,93,93,2020-06-26,501000.0,2000.0,473636,97524,142673,-45149,83125,58910,24215,20934,292987,272053,61.859106993556225,3.807330573750754,57.43925715106114,12.010759230166087,4.419849842495081,-9.53242574466468,5.112575902169597
156,92,92,2020-06-29,489500.0,-11500.0,454763,115464,195437,-79973,75301,52734,22567,57406,263998,206592,58.05177641980548,3.7899286749227343,45.42849792089506,-2.6890214162586834,12.62327849891042,-17.58564351101563,4.962365012105207
157,91,91,2020-06-30,490500.0,1000.0,443059,147789,127882,19907,54858,101988,-47130,27223,240412,213189,54.26184774488274,1.9960493053399655,48.11751933715375,-11.87497792630709,6.1443284077289935,4.493081056924699,-10.637409464653693
158,90,90,2020-07-01,491500.0,1000.0,357203,129303,96592,32711,41205,46316,-5111,-27600,186695,214295,52.26579843954278,10.54198203227984,59.99249726346083,25.174374128988372,-7.726698823918053,9.157537870622589,-1.4308390467045349
159,89,89,2020-07-02,496000.0,4500.0,362498,115682,62898,52784,95568,173385,-77817,25033,151248,126215,41.72381640726294,-13.57541409133428,34.818123134472465,-37.64220649719528,6.905693272790471,14.561183785841575,-21.466877058632047
160,88,88,2020-07-03,507000.0,11000.0,443404,110407,87277,23130,87798,34835,52963,-76093,245199,321292,55.29923049859722,-2.7388746287607546,72.46032963166773,11.36154263964432,-17.16109913307052,5.216461736926144,11.944637396144376
161,87,87,2020-07-06,509000.0,2000.0,317805,94215,48850,45365,39142,74780,-35638,-9727,184448,194175,58.038105127357966,8.930885746162076,61.09878699202341,-2.125476325089089,-3.0606818646654395,14.274476487154072,-11.213794622488631
162,86,86,2020-07-07,516000.0,7000.0,630054,201656,127678,73978,118996,104029,14967,-88945,309402,398347,49.1072193811959,-9.610682091190576,63.2242633171125,30.531365055276734,-14.117043935916605,11.741533265402648,2.375510670513956
163,85,85,2020-07-08,513000.0,-3000.0,358194,79736,118736,-39000,68134,122354,-54220,93220,210324,117104,58.717901472386465,9.72251807016631,32.692898261835765,-30.56315812364405,26.025003210550707,-10.887954572103386,-15.137048638447324
164,84,84,2020-07-09,539000.0,26000.0,819218,252761,237227,15534,165078,63786,101292,-116826,401379,518205,48.995383402220156,-23.295149520328888,63.25605638547982,19.70202204351675,-14.260672983259644,1.8961985698556427,12.364474413404002
165,83,83,2020-07-10,529000.0,-10000.0,470969,86358,101589,-15231,44145,164254,-120109,135340,340466,205126,72.29053292254905,14.107348313550705,43.55403434196306,-19.4085869685294,28.736498580585984,-3.2339708133656355,-25.50252776722035
166,82,82,2020-07-13,547000.0,18000.0,368579,81819,77794,4025,72309,58718,13591,-17616,214451,232067,58.183184608998346,-17.944426157310023,62.96262131049246,23.91004556596787,-4.7794367014941175,1.0920318303538723,3.6874048711402434
167,81,81,2020-07-14,534000.0,-13000.0,441154,61689,117746,-56057,43625,151126,-107501,163558,335840,172282,76.12761076630835,31.78362797715589,39.0525757445246,-26.52221680329552,37.07503502178377,-12.706900538134073,-24.368134483649698
168,80,80,2020-07-15,544000.0,10000.0,341645,77572,74455,3117,112574,43157,69417,-72534,151499,224033,44.34398278915248,-33.53781236549058,65.57479254782011,16.822571973768298,-21.230809758667625,0.9123505393024924,20.31845921936513
169,79,79,2020-07-16,523000.0,-21000.0,504937,68145,131202,-63057,43538,127567,-84029,147086,393254,246168,77.88179515464306,16.744100077056114,48.75222057405181,1.6830566182095694,29.12957458059124,-12.488092573925064,-16.641482006666177
170,78,78,2020-07-17,516000.0,-7000.0,540426,94165,95016,-851,115857,191036,-75179,76030,330404,254374,61.13769507758694,4.24395389165678,47.069163955842235,0.06602622549860371,14.068531121744696,-0.15746836754708324,-13.911062754197614
171,77,77,2020-07-20,511000.0,-5000.0,318383,54126,101779,-47653,83117,66954,16163,31490,181140,149650,56.893741185930146,11.081398423615287,47.00313773034364,-24.67701399444265,9.890603455586511,-14.967193600160813,5.076590144574302
172,76,76,2020-07-21,531000.0,20000.0,489307,97749,100068,-2319,167395,38503,128892,-126573,224163,350736,45.81234276231486,-12.31922430075904,71.68015172478628,23.916490728248572,-25.867808962471408,-0.4739355864518594,26.341744548923273
173,75,75,2020-07-22,527000.0,-4000.0,332150,53279,92878,-39599,85787,80625,5162,34437,193084,158647,58.1315670630739,3.0949891843689703,47.763660996537716,-13.809224772485381,10.367906066536204,-11.922023182297153,1.5541171157609517
174,74,74,2020-07-23,532000.0,5000.0,270382,93640,87850,5790,27933,16050,11883,-17673,148809,166482,55.03657787870494,-15.760430726105788,61.5728857690231,21.054777302666448,-6.536307890318142,2.1414147391468368,4.394893151171305
175,73,73,2020-07-24,516000.0,-16000.0,406633,43210,107090,-63880,75539,134783,-59244,123124,287884,164760,70.79700860481073,20.24375664804592,40.51810846635664,-4.085646658503599,30.278900138454084,-15.709497261658546,-14.569402876795538
176,72,72,2020-07-27,517000.0,1000.0,257568,81154,39612,41542,46205,103071,-56866,15324,130209,114885,50.55325195676481,9.80774272525538,44.603755124860236,-18.797859213344427,5.949496831904584,16.12855634240278,-22.078053174307364
177,71,71,2020-07-28,528000.0,11000.0,372041,101056,119565,-18509,119395,16596,102799,-84290,151590,235880,40.74550923150943,-11.921812044344994,63.40161433820466,14.997699352933367,-22.656105106695232,-4.9749893156937,27.63109442238893
178,70,70,2020-07-29,527000.0,-1000.0,315710,86173,118268,-32095,63261,44626,18635,13460,166276,152816,52.66732127585443,-4.393938593064257,48.40391498527129,4.599204071504482,4.26340629058313,-10.16597510373444,5.9025688131513085
179,69,69,2020-07-30,530000.0,3000.0,244581,73018,72624,394,32002,64819,-32817,32423,139561,107138,57.061259868918675,7.7365826006065745,43.80471091376681,-34.83851192057624,13.256548955151873,0.16109182642968994,-13.417640781581564
180,68,68,2020-07-31,568000.0,38000.0,1376453,320608,179621,140987,376914,114345,262569,-403556,678931,1082487,49.32467726831211,-15.85140031601012,78.64322283434304,13.719871457466185,-29.318545566030952,10.242776179063142,19.07576938696781
181,67,67,2020-08-03,635000.0,67000.0,1715295,219341,381086,-161745,377992,220582,157410,4335,1117962,1113627,65.17607758432223,-1.0914024321295557,64.92335137687687,8.208968586869531,0.25272620744536656,-9.429573338696843,9.176847131251478
182,66,66,2020-08-04,642000.0,7000.0,894736,106629,217718,-111089,195188,169574,25614,85475,592919,507444,66.26748001645178,-3.1007289408864835,56.71438279000734,-8.263098000829373,9.553097226444446,-12.415841097262211,2.8627438708177606
183,65,65,2020-08-05,670000.0,28000.0,917661,130779,186843,-56064,150317,134545,15772,40292,636565,596273,69.36820895733828,7.7628252348148035,64.97748079083672,8.11907754397199,4.390728166501574,-6.1094456449603936,1.7187174784588208
184,64,64,2020-08-06,680000.0,10000.0,634951,131940,128434,3506,111847,145494,-33647,30141,391164,361023,61.60538372252346,-8.739449282472314,56.85840324686472,-8.0220023583502,4.746980475658751,0.552168592537062,-5.299149068195813
185,63,63,2020-08-07,746000.0,66000.0,1399982,168860,276019,-107159,246307,215649,30658,76501,984815,908314,70.34483300499579,-9.622326431112429,64.88040560521492,13.323907761584294,5.464427399780854,-7.6543126983061205,2.1898852985252666
186,62,62,2020-08-10,720000.0,-26000.0,1035305,132286,168907,-36621,75115,332631,-257516,294137,827904,533767,79.9671594361082,16.456587168139492,51.556497843630616,-14.828885346486304,28.410661592477574,-3.5372185008282586,-24.87344309164932
187,61,61,2020-08-11,758000.0,38000.0,1087515,147562,204995,-57433,249266,160569,88697,-31264,690687,721951,63.51057226796871,-9.67030986444766,66.38538319011693,10.50581191828966,-2.8748109221482,-5.281122559229068,8.155933481377268
188,60,60,2020-08-12,741000.0,-17000.0,673527,128204,116975,11229,52430,180188,-127758,116529,492893,376364,73.18088213241637,8.81216389529611,55.87957127182728,-0.6398660140597627,17.30131086058911,1.6671937427898214,-18.96850460337893
189,59,59,2020-08-13,737000.0,-4000.0,970866,215759,192156,23603,130173,229982,-99809,76206,624934,548728,64.36871823712026,-14.914513536668663,56.51943728588703,7.607292108737369,7.849280951233228,2.4311284976505507,-10.280409448883779
190,58,58,2020-08-14,700000.0,-37000.0,1160403,104273,209824,-105551,136125,383001,-246876,352427,920005,567578,79.28323177378894,22.923700867688517,48.91214517714966,-13.586773358904686,30.37108659663927,-9.096064039820648,-21.275022556818627
191,57,57,2020-08-18,690000.0,-10000.0,1051815,219844,159121,60723,239173,235321,3852,-64575,592798,657373,56.35953090610041,-10.348873179970633,62.498918536054354,13.59449231620573,-6.139387629953937,5.773163531609646,0.3662240983442906
192,56,56,2020-08-19,683000.0,-7000.0,746732,154318,153696,622,94281,227851,-133570,132948,498133,365185,66.70840408607104,9.673109073670666,48.90442621984862,-8.510425944185677,17.80397786622242,0.08329628300380859,-17.887274149226233
193,55,55,2020-08-20,667000.0,-16000.0,841507,224754,209145,15609,136797,149212,-12415,-3194,479956,483150,57.03529501240038,-4.328198086981871,57.41485216403429,-14.266937027840704,-0.3795571516339139,1.854886530949832,-1.4753293793159177
194,54,54,2020-08-21,699000.0,32000.0,1078744,270232,187012,83220,146557,118469,28088,-111308,661955,773263,61.36349309938225,6.962389649187095,71.681789191875,16.393264099862833,-10.318296092492751,7.714527265041567,2.603768827451184
195,53,53,2020-08-24,702000.0,3000.0,574924,178855,173763,5092,83304,83294,10,-5102,312765,317867,54.40110345019515,9.890989887782466,55.28852509201218,-4.872234685616063,-0.8874216418170053,0.8856822814841614,0.0017393603328439936
196,52,52,2020-08-25,713000.0,11000.0,450237,160322,136596,23726,89514,42775,46739,-70465,200401,270866,44.51011356241269,-9.830211466493594,60.16075977762823,-13.468589634839187,-15.65064621521554,5.269669085392803,10.380977129822735
197,51,51,2020-08-26,757000.0,44000.0,1094918,295349,197331,98018,204587,91406,113181,-211199,594982,806181,54.34032502890628,-12.34302767720166,73.62934941246742,9.878120348969027,-19.289024383561145,8.952085909629762,10.336938473931381
198,50,50,2020-08-27,762000.0,5000.0,1060767,241647,256253,-14606,111765,128262,-16497,31103,707355,676252,66.68335270610794,2.093943680975954,63.75122906349839,3.462856352637921,2.9321236426095463,-1.376928203837412,-1.5551954387721338
199,49,49,2020-08-28,759000.0,-3000.0,496857,139141,132315,6826,36799,64995,-28196,21370,320917,299547,64.58940902513199,1.2187637479860527,60.28837271086047,13.920121783050108,4.301036314271512,1.3738359326727811,-5.674872246944291
200,48,48,2020-08-31,740000.0,-19000.0,835300,221416,210201,11215,84549,237785,-153236,142021,529335,387314,63.37064527714593,4.609430373811306,46.368250927810365,-4.305533804898204,17.002394349335567,1.3426313899197893,-18.34502573925536
201,47,47,2020-09-01,743000.0,3000.0,645681,173694,187928,-14234,92577,130562,-37985,52219,379410,327191,58.76121490333464,-2.8939390330684347,50.67378473270857,5.469699351967421,8.08743017062605,-2.2044941697215807,-5.882936000904472
202,46,46,2020-09-02,742000.0,-1000.0,462821,96248,152798,-56550,81220,100809,-19589,76139,285353,209214,61.655153936403075,6.307862496705326,45.20408538074115,-19.433961952422205,16.45106855566191,-12.218546695158606,-4.232521860503304
203,45,45,2020-09-03,768000.0,26000.0,690256,138893,169065,-30172,169325,75023,94302,-64130,382038,446168,55.34729143969772,-24.428847934097533,64.63804733316336,19.544662184549946,-9.290755893465613,-4.37113186991493,13.661887763380545
204,44,44,2020-09-04,743000.0,-25000.0,773517,70076,217577,-147501,86359,207135,-120776,268277,617082,348805,79.77613937379526,-1.3213544165595437,45.09338514861342,-5.351285260105591,34.68275422518187,-19.06887631428915,-15.613877910892715
205,43,43,2020-09-07,720000.0,-23000.0,635302,71913,142695,-70782,48175,172131,-123956,194738,515214,320476,81.09749379035482,17.572807709210153,50.444670408719006,-5.708804316409534,30.65282338163582,-11.141472874318039,-19.511350507317783
206,42,42,2020-09-08,709000.0,-11000.0,811834,182172,182446,-274,113947,173515,-59568,59842,515715,455873,63.52468608114466,2.48477478835526,56.15347472512854,8.311194199003012,7.37121135601613,-0.033750742146793564,-7.337460613869338
207,41,41,2020-09-09,699000.0,-10000.0,575376,82783,130256,-47473,141384,169847,-28463,75936,351209,275273,61.039911292789405,5.630992004750475,47.842280526125535,6.647078926412347,13.197630766663885,-8.25077862128417,-4.946852145379717
208,40,40,2020-09-10,713000.0,14000.0,541097,121607,180479,-58872,119674,137712,-18038,76910,299816,222906,55.40891928803893,-17.100628022963008,41.19520159971318,-5.594912304819238,14.213717688325751,-10.88011946102085,-3.3335982273049014
209,39,39,2020-09-11,705000.0,-8000.0,361882,46775,100875,-54100,52708,91682,-38974,93074,262399,169325,72.50954731100194,5.340110068360488,46.790113904532426,-17.594818229065265,25.719433406469516,-14.949624463222818,-10.769808943246694
210,38,38,2020-09-14,712000.0,7000.0,327850,72987,84281,-11294,34648,32483,2165,9129,220215,211086,67.16943724264145,7.392018970074197,64.38493213359769,0.7800089548566973,2.78450510904377,-3.4448680799145954,0.6603629708708251
211,37,37,2020-09-15,726000.0,14000.0,435166,84088,78153,5935,90947,80226,10721,-16656,260131,276787,59.77741827256725,-15.631485407435413,63.60492317874099,-10.174522947618671,-3.8275049061737363,1.3638473593984823,2.463657546775253
212,36,36,2020-09-16,687000.0,-39000.0,958233,120106,179267,-59161,115534,71987,43547,15614,722593,706979,75.40890368000267,2.9234313776211565,73.77944612635966,-5.077850144779036,1.6294575536430076,-6.1739681267499655,4.544510573106958
213,35,35,2020-09-17,645000.0,-42000.0,3408145,495678,440274,55404,442057,280300,161757,-217161,2470410,2687571,72.48547230238151,15.366702862908726,78.85729627113871,11.971425870065147,-6.371823968757198,1.6256350595411873,4.74618890921601
214,34,34,2020-09-18,666000.0,21000.0,1775061,324412,357011,-32599,436756,230785,205971,-173372,1013893,1187265,57.11876943947279,-6.277624732724617,66.88587040107355,-2.592151089311613,-9.767100961600756,-1.836500266751396,11.603601228352153
215,33,33,2020-09-21,627000.0,-39000.0,1239438,212299,192269,20030,241380,186032,55348,-75378,785759,861137,63.39639417219741,9.069786313123963,69.47802149038516,0.7482936153709971,-6.081627318187759,1.6160550184841842,4.465572299703576
216,32,32,2020-09-22,639000.0,12000.0,1209481,242816,217989,24827,309595,160219,149376,-174203,657070,831273,54.32660785907344,-6.514180836458372,68.72972787501415,14.395708774187467,-14.403120015940724,2.052698636853328,12.350421379087393
217,31,31,2020-09-23,630000.0,-9000.0,1271568,265729,343801,-78072,232207,236873,-4666,82738,773632,690894,60.84078869553181,18.605725849281736,54.33401910082668,-0.7899092136657515,6.50676959470512,-6.139821071307236,-0.3669485233978835
218,30,30,2020-09-24,611000.0,-19000.0,872924,192739,199289,-6550,311505,192445,119060,-112510,368680,481190,42.235062846250074,1.1192527674033317,55.12392831449245,-5.145905460931118,-12.888865468242367,-0.7503516915561951,13.639217159798562
219,29,29,2020-09-25,627000.0,16000.0,493489,119405,101472,17933,171182,94592,76590,-94523,202902,297425,41.11581007884674,-9.848067331527773,60.26983377542357,5.085434506537587,-19.154023696576825,3.633920918196758,15.520102778380066
220,28,28,2020-09-28,626000.0,-1000.0,367111,74058,66273,7785,105959,98250,7709,-15494,187094,202588,50.96387741037453,13.480871259376135,55.184399268885976,-5.1817379129913865,-4.220521858511458,2.120612021977004,2.0999098365344544
221,27,27,2020-09-29,654000.0,28000.0,677451,138300,156793,-18493,285222,111707,173515,-155022,253929,408951,37.48300615099839,7.3837274604038114,60.366137181877356,10.776397407943263,-22.88313103087898,-2.729791527357698,25.612922558236686
222,26,26,2020-10-05,659000.0,5000.0,443499,102090,86707,15383,207919,136862,71057,-86440,133490,219930,30.09927869059457,-1.7385550808345087,49.5897397739341,-19.283778887174503,-19.490461083339525,3.468553480391162,16.02190760294837
223,25,25,2020-10-06,674000.0,15000.0,451956,118834,90130,28704,189229,50548,138681,-167385,143893,311278,31.837833771429075,-1.9834838540610849,68.8735186611086,9.666606304762377,-37.03568488967953,6.351060722725222,30.684624166954304
224,24,24,2020-10-07,680000.0,6000.0,294545,88454,67497,20957,106472,52657,53815,-74772,99619,174391,33.82131762549016,-3.088368933744832,59.206912356346216,3.8628358555493487,-25.38559473085607,7.115041844200378,18.27055288665569
225,23,23,2020-10-08,692000.0,12000.0,564700,147943,205330,-57387,208328,46842,161486,-104099,208429,312528,36.90968655923499,-21.055278952499734,55.34407650079688,5.10172407627455,-18.43438994156189,-10.162387108199043,28.596777049760927
226,22,22,2020-10-12,672000.0,-20000.0,551057,121110,173640,-52530,110527,100553,9974,42556,319420,276864,57.964965511734725,-16.96572218715584,50.24235242452232,3.2206809994673122,7.722613087212394,-9.532589187688387,1.8099761004759944
227,21,21,2020-10-13,644000.0,-28000.0,678451,97242,272663,-175421,72841,86769,-13928,189349,508368,319019,74.93068769889057,22.432924553149682,47.021671425055025,8.195533938134929,27.90901627383555,-25.856104567610632,-2.052911706224916
228,20,20,2020-10-14,628000.0,-16000.0,725349,121300,239154,-117854,223257,204570,18687,99167,380792,281625,52.49776314574088,18.557290404920405,38.826137486920096,-15.887722978896337,13.671625658820787,-16.247902733718526,2.5762770748977393
229,19,19,2020-10-15,637000.0,9000.0,531454,122247,153518,-31271,228829,87157,141672,-110401,180378,290779,33.94047274082047,1.304975814112609,54.713860465816424,9.026289831613859,-20.77338772499596,-5.884046408532065,26.657434133528017
230,18,18,2020-10-16,640000.0,3000.0,310579,120916,131585,-10669,88304,37098,51206,-40537,101359,141896,32.63549692670786,-21.53980906935662,45.687570634202565,8.3479134174299,-13.052073707494712,-3.4351968420273105,16.487270549522027
231,17,17,2020-10-19,615000.0,-25000.0,473127,133432,214821,-81389,83377,81642,1735,79654,256318,176664,54.17530599606447,14.676715810357905,37.339657216772665,1.9103930715669648,16.83564877929182,-17.202357929266352,0.3667091499745311
232,16,16,2020-10-20,621000.0,6000.0,483397,134985,111947,23038,157477,200186,-42709,19671,190935,171264,39.498590185706576,0.23077494523859346,35.4292641452057,0.8888661035474854,4.069326040500872,4.7658549804818815,-8.835181020982754
233,15,15,2020-10-21,617000.0,-4000.0,241633,77692,96043,-18351,69057,62129,6928,11423,94884,83461,39.267815240467975,12.244184834151447,34.54039804165821,-19.220581442488985,4.727417198809764,-7.5945752442754095,2.8671580454656436
234,14,14,2020-10-22,639000.0,22000.0,512433,138062,151005,-12943,235893,85939,149954,-137011,138478,275489,27.02363040631653,3.805286630590537,53.760979484147214,5.300965385684719,-26.737349077830658,-2.5257936159458896,29.26314269377655
235,13,13,2020-10-23,650000.0,11000.0,405718,75575,111552,-35977,235942,97555,138387,-102410,94201,196611,23.218343775725998,-5.358383651149801,48.46001409846248,7.217508194023551,-25.241670322736482,-8.867489241295678,34.10915956403216
236,12,12,2020-10-26,646000.0,-4000.0,264208,70121,96175,-26054,118585,59067,59518,-33464,75502,108966,28.576727426875802,-5.782539257134175,41.24250590443893,8.672150723634914,-12.665778477563133,-9.861169987282748,22.526948464845876
237,11,11,2020-10-27,632000.0,-14000.0,261388,79605,111873,-32268,91972,64380,27592,4676,89811,85135,34.35926668400997,-15.8160908905951,32.57035518080401,-14.556959036606774,1.788911503205962,-12.344866635040631,10.555955131834668
238,10,10,2020-10-28,642000.0,10000.0,368105,67140,147413,-80273,116267,47214,69053,11220,184698,173478,50.17535757460507,22.858032971736762,47.12731421741079,-7.9059560030869855,3.048043357194279,-21.807093084853506,18.759049727659225
239,9,9,2020-10-29,651000.0,9000.0,386081,114444,106926,7518,166170,66682,99488,-107006,105467,212473,27.317324602868307,-24.702532695651776,55.033270220497776,13.964788623723305,-27.715945617629465,1.947259771913148,25.768685845716313
240,8,8,2020-10-30,611000.0,-40000.0,820454,178619,244331,-65712,215036,239175,-24139,89851,426799,336948,52.0198572985201,9.341703831920897,41.06848159677447,-13.596680030249829,10.95137570174562,-8.009224161257059,-2.9421515404885588
