,Unnamed: 0,Unnamed: 0.1,날짜,종가,대비,거래량,기관 매수,기관 매도,기관 순매수,외국인 매수,외국인 매도,외국인 순매수,개인 순매수,Unnamed: 11,Unnamed: 12,개인 매수,개인 매도,개인매수비율(%),개인매수비율증가(%p),개인매도비율(%),개인매도비율증가(%p),개인 순매수비율,기관 순매수비율,외국인 순매수비율
15,233,233,2019-12-02,171500.0,-500.0,275601,115780,71677,44103,116583,139579,-22996,-21107,,,43238,64345,15.688622319948037,-2.1149800001903563,23.34715766633648,-6.847204804407389,-7.6585353463884385,16.00248184875962,-8.343946502371182
16,232,232,2019-12-03,172000.0,500.0,245675,109659,95245,14414,92277,76250,16027,-30441,,,43739,74180,17.803602320138395,2.29307363553575,30.194362470743872,-9.000135259220173,-12.390760150605473,5.867100844611784,6.523659305993692
17,231,231,2019-12-04,174500.0,2500.0,228851,67216,69153,-1937,126139,70001,56138,-54201,,,35496,89697,15.510528684602644,-6.969112124387445,39.194497729964034,24.709729830266447,-23.683969045361394,-0.8464022442549957,24.53037128961639
18,230,230,2019-12-05,170500.0,-4000.0,271499,134145,101323,32822,76322,130850,-54528,21706,,,61032,39326,22.479640808990087,12.037646832480748,14.484767899697607,-21.840040933478516,7.994872909292483,12.08917896566838,-20.084051874960867
19,229,229,2019-12-06,174000.0,3500.0,208849,103867,92287,11580,83174,40698,42476,-54056,,,21808,75864,10.441993976509343,0.7989923955688667,36.32480883317611,1.9073670154622349,-25.88281485666678,5.5446758184142615,20.33813903825252
20,228,228,2019-12-09,175000.0,1000.0,271990,71940,74304,-2364,173822,104074,69748,-67384,,,26228,93612,9.643001580940476,-3.651174423064884,34.41744181771389,7.4114013283554385,-24.77444023677341,-0.8691496010882753,25.64358983786169
21,227,227,2019-12-10,174500.0,-500.0,215711,69189,52588,16601,117845,104868,12977,-29578,,,28677,58255,13.294176004005358,1.6261558157745206,27.006040489358448,2.4657811114469226,-13.711864485353088,7.69594503757342,6.015919447779668
22,226,226,2019-12-11,174000.0,-500.0,200711,111588,86063,25525,65704,65393,311,-25836,,,23419,49255,11.66802018823084,7.109489467269863,24.540259377911525,7.561807185572167,-12.872239189680686,12.717290033929382,0.1549491557513041
23,225,225,2019-12-12,175500.0,1500.0,609714,354850,403685,-48835,227070,102509,124561,-75726,,,27794,103520,4.558530720960976,-12.995027279624233,16.978452192339358,-11.309673961961801,-12.419921471378384,-8.009492975395021,20.429414446773404
24,224,224,2019-12-13,175500.0,0.0,317833,154411,129227,25184,107631,98697,8934,-34118,,,55791,89909,17.553558000585213,1.27276388232508,28.28812615430116,-23.552299789436393,-10.734568153715943,7.9236580216654655,2.8109101320504792
25,223,223,2019-12-16,179500.0,4000.0,335819,134084,43276,90808,147061,118453,28608,-119416,,,54674,174090,16.280794118260133,-1.089307728796662,51.840425943737536,15.325181251868045,-35.559631825477425,27.040757074495488,8.518874750981928
26,222,222,2019-12-17,180500.0,1000.0,370752,109812,120000,-10188,196540,115371,81169,-70981,,,64400,135381,17.370101847056794,-6.7876483324535855,36.515244691869505,18.040970219694408,-19.145142844812703,-2.7479285344381155,21.893071379250824
27,221,221,2019-12-18,178500.0,-2000.0,310567,65370,118621,-53251,170171,134571,35600,17651,,,75026,57375,24.15775017951038,8.312747366708258,18.474274472175086,-0.08617719310483096,5.683475707335293,-17.146380652162012,11.46290494482672
28,220,220,2019-12-19,179000.0,500.0,296857,76983,103731,-26748,172837,138028,34809,-8061,,,47037,55098,15.845002812802123,-5.4021951913386825,18.560451665279924,-17.174201778879006,-2.7154488524777918,-9.010398946294007,11.7258477987718
29,219,219,2019-12-20,183500.0,4500.0,560761,144299,121541,22758,297316,238834,58482,-81240,,,119146,200386,21.247198004140802,-0.14010140126805834,35.73465344415892,-1.7709408273070937,-14.48745544001812,4.058413477399463,10.429041962618657
30,218,218,2019-12-23,184000.0,500.0,250256,110930,68181,42749,85803,88215,-2412,-40337,,,53523,93860,21.38729940540886,-7.379243191778902,37.505594271466016,13.237604197024329,-16.11829486605716,17.082107921488394,-0.9638130554312384
31,217,217,2019-12-24,182000.0,-2000.0,193440,85323,55178,30145,52471,91318,-38847,8702,,,55646,46944,28.76654259718776,0.05689121850175384,24.26799007444169,-32.07650267751015,4.498552522746071,15.583643507030606,-20.082196029776675
32,216,216,2019-12-26,180500.0,-1500.0,173426,91048,27769,63279,32588,47941,-15353,-47926,,,49790,97716,28.70965137868601,0.7261720774769458,56.344492751951826,34.71950395845129,-27.63484137326583,36.487608547737935,-8.85276717447211
33,215,215,2019-12-27,183500.0,3000.0,323473,135144,166621,-31477,97810,86901,10909,20568,,,90519,69951,27.98347930120907,0.9481763727099056,21.624988793500552,-12.087674634917615,6.3584905077085265,-9.730951269503171,3.372460761794648
34,214,214,2019-12-30,186500.0,3000.0,376541,113824,90646,23178,160918,158953,1965,-25143,,,101799,126942,27.03530292849916,-6.8038402327568255,33.71266342841815,22.41809184779016,-6.677360499919,6.155504978209544,0.5218555217094553
35,213,213,2020-01-02,182500.0,-4000.0,300640,76903,167156,-90253,122003,99528,22475,67778,,,101734,33956,33.83914316125598,0.3912496889836419,11.294571580627991,-0.2167421498667128,22.544571580627995,-30.020290047897817,7.475718467269825
36,212,212,2020-01-03,181500.0,-1000.0,454492,99668,264574,-164906,202806,137600,65206,99700,,,152018,52318,33.44789347227234,8.328610213599559,11.511313730494704,-4.7615619162740535,21.93657974177763,-36.2835869498253,14.347007208047664
37,211,211,2020-01-06,180500.0,-1000.0,287970,96303,145965,-49662,119331,95144,24187,25475,,,72336,46861,25.11928325867278,5.026715460824787,16.27287564676876,-28.33433502561061,8.846407611904018,-17.245546411084486,8.39913879918047
38,210,210,2020-01-07,187000.0,6500.0,328624,136909,105983,30926,125686,76051,49635,-80561,,,66029,146590,20.092567797847995,-8.062297728479656,44.60721067237938,28.371693834694337,-24.51464287453138,9.410755148741421,15.103887725789962
39,209,209,2020-01-08,183000.0,-4000.0,820867,278797,361022,-82225,310956,326573,-15617,97842,,,231114,133272,28.154865526327647,8.523357400874799,16.235516837685033,-3.02467644176091,11.919348688642616,-10.01684803993826,-1.9025006487043576
40,208,208,2020-01-09,186000.0,3000.0,531355,156160,206000,-49840,270882,223015,47867,1973,,,104313,102340,19.631508125452854,5.16314661579365,19.26019327944595,-5.410832128151507,0.3713148460069069,-9.379793170291046,9.008478324284141
41,207,207,2020-01-10,188000.0,2000.0,398739,107785,172356,-64571,233263,128010,105253,-40682,,,57691,98373,14.4683615096592,-1.9506360299338112,24.67102540759745,7.855579617972612,-10.202663897938251,-16.193800957518576,26.39646485545683
42,206,206,2020-01-13,188000.0,0.0,337749,87005,122767,-35762,195289,158188,37101,-1339,,,55455,56794,16.41899753959301,-3.754715670031832,16.81544578962484,-12.292289116197386,-0.3964482500318284,-10.588336308915792,10.984784558947618
43,205,205,2020-01-14,190500.0,2500.0,501286,167931,150483,17448,232227,204890,27337,-44785,,,101128,145913,20.173713209624843,2.4689896027089904,29.107734905822223,14.367696978600485,-8.93402169619738,3.4806477739254635,5.453373922271917
44,204,204,2020-01-15,191500.0,1000.0,323778,97577,129641,-32064,168877,146412,22465,9599,,,57324,47725,17.704723606915852,-7.484275483277411,14.740037927221739,1.3226324675653434,2.9646856796941115,-9.90308174119304,6.9383960614989295
45,203,203,2020-01-16,191500.0,0.0,245107,63540,98645,-35105,119827,113575,6252,28853,,,61740,32887,25.18899909019327,3.757905351665404,13.417405459656393,1.2363965057057842,11.771593630536866,-14.322316376113285,2.550722745576422
46,202,202,2020-01-17,191000.0,-500.0,286019,74487,123136,-48649,150235,128043,22192,26457,,,61297,34840,21.43109373852786,-10.363827676896133,12.181008953950613,-0.31313596185712633,9.250084784577249,-17.0090098909513,7.758925106374053
47,201,201,2020-01-20,187500.0,-3500.0,454733,135152,142161,-7009,174999,255757,-80758,87767,,,144582,56815,31.794921415423993,4.7052811523497065,12.494144915807738,-20.51923155722934,19.300776499616262,-1.5413440414484985,-17.759432458167762
48,200,200,2020-01-21,182000.0,-5500.0,547678,86967,76885,10082,312347,289986,22361,-32443,,,148364,180807,27.089640263074287,5.520821227685361,33.01337647303708,3.3936468916928,-5.9237362099627875,1.8408626966940433,4.082873513268746
49,199,199,2020-01-22,186000.0,4000.0,429852,142062,96780,45282,195076,205751,-10675,-34607,,,92714,127321,21.568819035388927,-8.368482955146522,29.61972958134428,15.388850878184906,-8.050910545955352,10.534323441556626,-2.4834128956012766
50,198,198,2020-01-23,183000.0,-3000.0,375929,90147,159224,-69077,173239,163207,10032,59045,,,112543,53498,29.93730199053545,0.37990287703905423,14.230878703159373,-10.39951732584202,15.706423287376074,-18.37501230285507,2.668589015478987
51,197,197,2020-01-28,178500.0,-4500.0,476253,142003,137646,4357,193482,221304,-27822,23465,,,140768,117303,29.557399113496395,5.8752398895882045,24.630396029001393,10.759065576043565,4.927003084495006,0.9148498802107284,-5.841852964705733
52,196,196,2020-01-29,180000.0,1500.0,434897,130402,180821,-50419,201502,193750,7752,42667,,,102993,60326,23.68215922390819,4.09243688656878,13.871330452957828,-6.167521598430487,9.810828770950364,-11.593319797561266,1.7824910266108986
53,195,195,2020-01-30,180000.0,0.0,772160,369921,271226,98695,250975,346202,-95227,-3468,,,151264,154732,19.58972233733941,7.333409285959867,20.038852051388314,4.257061494618334,-0.4491297140489018,12.781677372565275,-12.332547658516368
54,194,194,2020-01-31,179500.0,-500.0,537062,216198,120500,95698,255040,331804,-76764,-18934,,,65824,84758,12.256313051379545,-6.414313171833253,15.781790556769982,3.07663551872819,-3.5254775053904392,17.818799319259227,-14.29332181386879
55,193,193,2020-02-03,177500.0,-2000.0,485913,208521,106625,101896,186669,317552,-130883,28987,,,90723,61736,18.6706262232128,-11.67102886327913,12.70515503804179,-10.271331439331169,5.965471185171008,20.970009034539107,-26.93548021971011
56,192,192,2020-02-04,180500.0,3000.0,563463,187472,210143,-22671,205027,223856,-18829,41500,,,170964,129464,30.34165508649193,12.03401478175461,22.976486477372962,6.3008212601612055,7.3651686091189665,-4.023511747887617,-3.3416568612313498
57,191,191,2020-02-05,181500.0,1000.0,653809,208561,230263,-21702,325551,314519,11032,10670,,,119697,109027,18.30764030473732,-13.083584973735066,16.67566521721176,8.757198899109156,1.6319750875255616,-3.319318027130248,1.6873429396046855
58,190,190,2020-02-06,181500.0,0.0,659850,211064,90800,120264,241651,516800,-275149,154885,,,207135,52250,31.39122527847238,14.933420045934188,7.918466318102598,-18.38462453833679,23.47275896036978,18.22596044555581,-41.698719405925594
59,189,189,2020-02-07,185000.0,3500.0,728633,146086,162585,-16499,462630,374395,88235,-71736,,,119917,191653,16.457805232538192,-8.141606845946793,26.303090856439386,10.430364549376248,-9.845285623901196,-2.26437726537228,12.109662889273475
60,188,188,2020-02-10,183500.0,-1500.0,433051,144040,74047,69993,182483,290267,-107784,37791,,,106528,68737,24.599412078484985,10.149106623249288,15.872726307063141,-3.7176190097061763,8.726685771421842,16.16276142994705,-24.88944720136889
61,187,187,2020-02-11,184500.0,1000.0,400386,107439,65525,41914,235090,256424,-21334,-20580,,,57857,78437,14.450305455235698,-3.7058333600826376,19.59034531676932,1.788008236074102,-5.14003986153362,10.468397995933923,-5.328358134400304
62,186,186,2020-02-12,185000.0,500.0,351892,129673,121983,7690,158329,167264,-8935,1245,,,63890,62645,18.156138815318336,-3.609105651990987,17.802337080695214,4.024709603508626,0.353801734623123,2.1853295897604945,-2.539131324383617
63,185,185,2020-02-13,184500.0,-500.0,555923,210958,240804,-29846,223967,238526,-14559,44405,,,120998,76593,21.765244467309323,9.741205488131882,13.777627477186586,-5.526801051131091,7.987616990122732,-5.36872912255834,-2.6188878675643927
64,184,184,2020-02-14,186500.0,2000.0,659429,182718,101764,80954,397421,430366,-32945,-48009,,,79290,127299,12.024038979177439,-17.890463576783212,19.30442852831768,-25.893022233028887,-7.280389549140241,12.27637850322021,-4.995988954079969
65,183,183,2020-02-17,188500.0,2000.0,312407,133439,81262,52177,85513,89945,-4432,-47745,,,93455,141200,29.91450255596065,3.0013959311870444,45.197450761346566,29.45949067547738,-15.282948205385926,16.701610399254818,-1.4186621938688957
66,182,182,2020-02-18,186500.0,-2000.0,345642,72897,142471,-69574,179722,148774,30948,38626,,,93023,54397,26.913106624773608,6.976165815882549,15.737960085869195,-20.376623600418466,11.175146538904416,-20.128919517882665,8.953772978978247
67,181,181,2020-02-19,189500.0,3000.0,560743,293958,93854,200104,154990,264379,-109389,-90715,,,111795,202510,19.93694080889106,-11.369885083360266,36.11458368628766,14.576546896567445,-16.177642877396597,35.685510117825814,-19.507867240429217
68,180,180,2020-02-20,190000.0,500.0,427402,171806,205611,-33805,121790,129737,-7947,41752,,,133806,92054,31.30682589225132,17.46618757918208,21.538036789720216,4.8187226583112235,9.768789102531107,-7.909415491738456,-1.8593736107926493
69,179,179,2020-02-21,189500.0,-500.0,434019,125948,129544,-3596,248000,231910,16090,-12494,,,60071,72565,13.840638313069242,-0.7355085276957194,16.719314131408993,-1.1252318938874597,-2.87867581833975,-0.828535156295001,3.7072109746347515
70,178,178,2020-02-24,184000.0,-5500.0,567036,198723,158106,40617,285661,307745,-22084,-18533,,,82652,101185,14.576146840764961,3.7651903232203168,17.844546025296452,-10.56666813242871,-3.2683991845314937,7.16303726747508,-3.8946380829435867
71,177,177,2020-02-25,190500.0,6500.0,704859,235935,204296,31639,392722,300304,92418,-124057,,,76202,200259,10.810956517544644,-9.37501053948822,28.411214157725162,16.57898931327118,-17.60025764018052,4.488699158271372,13.11155848190915
72,176,176,2020-02-26,187000.0,-3500.0,494066,210535,151466,59069,183799,284141,-100342,41273,,,99732,58459,20.185967057032865,-4.109528895895661,11.83222484445398,-2.875183835095614,8.353742212578886,11.9556901304684,-20.309432343047284
73,175,175,2020-02-27,182000.0,-5000.0,535696,224351,179125,45226,181195,277784,-96589,51363,,,130150,78787,24.295495952928533,6.827452700262555,14.707408679549596,-1.4557591376161594,9.588087273378932,8.442474836474418,-18.030562109853353
74,174,174,2020-02-28,174000.0,-8000.0,830654,261067,203694,57373,424488,492700,-68212,10839,,,145099,134260,17.46804325266597,0.24387980116030405,16.16316781716575,1.339304042930717,1.3048754355002203,6.9069672812025225,-8.211842716702742
75,173,173,2020-03-02,175000.0,1000.0,659376,206487,144319,62168,339317,417312,-77995,15827,,,113572,97745,17.224163451505667,-9.831435680716552,14.823863774235035,-0.506815770714347,2.4002996772706315,9.42830797602582,-11.82860765329645
76,172,172,2020-03-03,175000.0,0.0,544379,171115,180631,-9516,225979,280291,-54312,63828,,,147285,83457,27.05559913222222,11.323076011836305,15.330679544949383,-5.658899624049307,11.724919587272836,-1.7480468570609815,-9.976872730211856
77,171,171,2020-03-04,178500.0,3500.0,450252,136713,111308,25405,242703,244438,-1735,-23670,,,70836,94506,15.732523120385911,1.01608793520073,20.98957916899869,9.37086223778176,-5.257056048612776,5.642395813899772,-0.3853397652869948
78,170,170,2020-03-05,181000.0,2500.0,483840,109122,156375,-47253,303514,271249,32265,14988,,,71204,56216,14.716435185185187,0.8197298768628816,11.618716931216927,-6.024198784152741,3.0977182539682535,-9.766245039682538,6.6685267857142865
79,169,169,2020-03-06,179500.0,-1500.0,293897,84221,141520,-57299,168834,100525,68309,-11010,,,40842,51852,13.896705308322305,-20.920811519525486,17.64291571536967,4.6961376663372825,-3.7462104070473665,-19.496286113842608,23.24249652088997
80,168,168,2020-03-09,168000.0,-11500.0,668089,232208,184001,48207,203269,397592,-194323,146116,,,232612,86496,34.81751682784779,19.6761582734198,12.946778049032387,-9.99210560546582,21.870738778815397,7.215655399205795,-29.08639417802119
81,167,167,2020-03-10,172000.0,4000.0,666532,294323,202959,91364,271287,310678,-39391,-51973,,,100922,152895,15.141358554427994,-1.0451728558840632,22.93888365449821,10.311305743613627,-7.797525100070215,13.707368888515479,-5.909843788445267
82,166,166,2020-03-11,170000.0,-2000.0,483822,174420,232231,-57811,231088,190496,40592,17219,,,78314,61095,16.186531410312053,5.679850225092434,12.627577910884582,1.763132664385246,3.558953499427475,-11.948815886834414,8.389862387406941
83,165,165,2020-03-12,166500.0,-3500.0,980814,408577,370121,38456,469186,504133,-34947,-3509,,,103051,106560,10.506681185219623,-8.452924773686139,10.864445246499336,-11.174492065876418,-0.3577640612797125,3.9208249474416155,-3.5630608861619018
84,164,164,2020-03-13,166000.0,-500.0,1242510,526196,244192,282004,480739,724482,-243743,-38261,,,235575,273836,18.95960595890576,-14.994034624591508,22.038937312375754,0.4659749331123706,-3.0793313534699918,22.696316327433987,-19.616984973963987
85,163,163,2020-03-16,155000.0,-11000.0,812823,266580,191200,75380,270260,446273,-176013,100633,,,275983,175350,33.95364058349727,-0.4209732763924592,21.572962379263387,-4.9997065088471295,12.380678204233885,9.273851748781713,-21.6545299530156
86,162,162,2020-03-17,151000.0,-4000.0,979243,257652,121884,135768,384980,597148,-212168,76400,,,336611,260211,34.374613859889735,5.209128343415866,26.572668888110513,0.2039970408816032,7.801944971779221,13.86458723728431,-21.66653220906353
87,161,161,2020-03-18,146000.0,-5000.0,666723,181495,178661,2834,290775,312256,-21481,18647,,,194453,175806,29.16548551647386,11.748419593737493,26.36867184722891,-5.40662423760687,2.796813669244949,0.4250640820850638,-3.2218777513300125
88,160,160,2020-03-19,144000.0,-2000.0,1154230,445222,285662,159560,507975,501808,6167,-165727,,,201033,366760,17.417065922736366,-8.382542252472447,31.775296084835787,10.36242198485532,-14.358230162099408,13.823934571099349,0.5342955910000606
89,159,159,2020-03-20,154000.0,10000.0,997895,480191,264693,215498,260251,519524,-259273,43775,,,257453,213678,25.799608175208817,-4.453590786730569,21.41287409998046,-2.7981582441387616,4.386734075228357,21.59525801812816,-25.981992093356517
90,158,158,2020-03-23,143000.0,-11000.0,1033851,253950,260763,-6813,467128,522782,-55654,62467,,,312773,250306,30.253198961939386,9.8780061510533,24.21103234411922,-1.3288901776494164,6.042166617820169,-0.6589924466871918,-5.3831741711329775
91,157,157,2020-03-24,156000.0,13000.0,960786,386049,224534,161515,378975,490868,-111893,-49622,,,195762,245384,20.375192810886084,-25.81523619931901,25.53992252176864,-3.9092102521715804,-5.164729710882548,16.81071539343829,-11.64598568255574
92,156,156,2020-03-25,156000.0,0.0,1039579,275923,330588,-54665,283470,402844,-119374,174039,,,480186,306147,46.1904290102051,12.267143971392484,29.44913277394021,6.3458431838115175,16.741296236264873,-5.2583786321193475,-11.482917604145525
93,155,155,2020-03-26,152500.0,-3500.0,988725,239037,339867,-100830,414280,420430,-6150,106980,,,335408,228428,33.92328503881261,16.643977426408426,23.1032895901287,-12.23631453693494,10.819995448683914,-10.197982249867254,-0.6220131988166578
94,154,154,2020-03-27,164000.0,11500.0,1217815,272162,392332,-120170,735223,395112,340111,-219941,,,210430,430371,17.279307612404182,-7.5687497089026685,35.339604127063645,13.382658515726195,-18.06029651465945,-9.867672840291837,27.92796935495129
95,153,153,2020-03-30,162500.0,-1500.0,630830,249220,156468,92752,224861,335851,-110990,18238,,,156749,138511,24.848057321306854,4.415273416113791,21.956945611337446,-2.6511425768314965,2.891111709969405,14.70316884105068,-17.594280551020084
96,152,152,2020-03-31,170000.0,7500.0,858165,234791,239772,-4981,448027,407215,40812,-35831,,,175347,211178,20.43278390519306,-7.942590773926121,24.608088188168946,7.462188590371968,-4.175304282975884,-0.5804245104379694,4.755728793413853
97,151,151,2020-04-01,163000.0,-7000.0,720283,171792,265524,-93732,344108,331260,12848,80884,,,204383,123499,28.375374679119183,2.027435702449626,17.145899597796973,-18.65336857123629,11.229475081322203,-13.013218415539448,1.783743334217245
98,150,150,2020-04-02,173500.0,10500.0,1086863,350250,268480,81770,450247,429294,20953,-102723,,,286366,389089,26.347938976669553,-6.125148833487593,35.799268169033276,14.526956901032774,-9.45132919236371,7.523487320849086,1.927841871514625
99,149,149,2020-04-03,172000.0,-1500.0,663454,284095,172917,111178,163915,349405,-185490,74312,,,215444,141132,32.473087810157146,-16.334701715231574,21.272311268000493,-11.637457215418696,11.200776542156653,16.757454171653198,-27.958230713809854
100,148,148,2020-04-06,173000.0,1000.0,655547,234436,188425,46011,101153,251383,-150230,104219,,,319958,215739,48.80778952538872,-10.060186435879912,32.909768483419185,7.420558309451067,15.898021041969528,7.018718718871416,-22.91673976084095
101,147,147,2020-04-07,169500.0,-3500.0,873091,185339,409425,-224086,173781,241122,-67341,291427,,,513971,222544,58.86797596126864,10.835857818697654,25.489210173968118,3.892885478983434,33.37876578730052,-25.66582406644897,-7.712941720851549
102,146,146,2020-04-08,166500.0,-3000.0,588577,161619,322304,-160685,144252,139162,5090,155595,,,282706,127111,48.03211814257097,14.759309135379805,21.596324694984684,3.304897136013736,26.43579344758629,-27.30059108663777,0.8647976390514749
103,145,145,2020-04-09,167500.0,1000.0,682921,265528,287212,-21684,190166,270793,-80627,102311,,,227227,124916,33.27280900719117,-10.308394995124218,18.29142755897095,-6.325292857799084,14.981381448220219,-3.175184245322665,-11.806197202897556
104,144,144,2020-04-10,166500.0,-1000.0,483720,179789,235582,-55793,93120,129062,-35942,91735,,,210811,119076,43.58120400231539,9.498336308341957,24.616720416770033,-14.171199383697864,18.96448358554536,-11.534151988753825,-7.430331596791532
105,143,143,2020-04-13,166000.0,-500.0,413768,138728,170846,-32118,134016,82430,51586,-19468,,,141024,160492,34.082867693973434,2.3016011905407194,38.7879198004679,-10.397926855636577,-4.705052106494461,-7.762320914135457,12.46737302062992
106,142,142,2020-04-14,168500.0,2500.0,520725,223214,77224,145990,132018,187378,-55360,-90630,,,165493,256123,31.78126650343271,6.812001309024668,49.18584665610448,12.221208922561564,-17.404580152671755,28.035911469585677,-10.63133131691392
107,141,141,2020-04-16,170500.0,2000.0,841066,252440,132738,119702,378618,397431,-18813,-100889,,,210008,310897,24.96926519440805,-15.197462396086054,36.96463773354291,-22.943076556298234,-11.995372539134861,14.232176785175007,-2.2368042460401445
108,140,140,2020-04-17,179000.0,8500.0,900031,267363,153737,113626,271155,207106,64049,-177675,,,361513,539188,40.166727590494105,5.471380284464331,59.90771428984114,21.860818220245832,-19.740986699347022,12.624676261151006,7.116310438196018
109,139,139,2020-04-20,180000.0,1000.0,663723,143455,194918,-51463,289987,216279,73708,-22245,,,230281,252526,34.69534730602977,3.803560439139172,38.0468960695953,2.9764883767809707,-3.3515487635655234,-7.753686402309397,11.10523516587492
110,138,138,2020-04-21,178500.0,-1500.0,759150,250514,218587,31927,274121,274326,-205,-31722,,,234515,266237,30.8917868668906,0.8209386338452092,35.07040769281433,1.85790714097314,-4.178620825923732,4.205624711848778,-0.027003885925047752
111,137,137,2020-04-22,182000.0,3500.0,611589,216554,184653,31901,211125,223812,-12687,-19214,,,183910,203124,30.070848233045396,-9.280887381928995,33.212500551841195,-22.516796881312622,-3.1416523187957925,5.2160846581609555,-2.074432339365162
112,136,136,2020-04-23,190000.0,8000.0,1521478,542023,298162,243861,380727,375407,5320,-249181,,,598728,847909,39.35173561497439,0.37812210354167775,55.72929743315381,10.605117804750511,-16.377561818179426,16.027901816523144,0.3496600016562842
113,135,135,2020-04-24,192500.0,2500.0,928695,280120,255379,24741,286629,254250,32379,-57120,,,361946,419066,38.97361351143271,5.0935233186569695,45.124179628403304,9.904137939585622,-6.150566116970588,2.6640608595932997,3.486505257377288
114,134,134,2020-04-27,197500.0,5000.0,927347,289412,256588,32824,323749,344147,-20398,-12426,,,314186,326612,33.88009019277574,0.62318036251434,35.22004168881767,5.8962512983427775,-1.3399514960419348,3.5395596254692148,-2.19960812942728
115,133,133,2020-04-28,198000.0,500.0,433549,114064,154772,-40708,175300,151644,23656,17052,,,144185,127133,33.2569098302614,4.380807676267935,29.323790390474898,1.0417098961070188,3.9331194397865055,-9.389480773799502,5.456361334012994
116,132,132,2020-04-29,197500.0,-500.0,676743,139629,240519,-100890,341697,244827,96870,4020,,,195417,191397,28.876102153993465,5.2225139718203835,28.282080494367882,3.8483483483243504,0.5940216596255891,-14.908170457618327,14.314148797992738
117,131,131,2020-05-04,199000.0,1500.0,1104027,157727,343924,-186197,685158,490348,194810,-8613,,,261142,269755,23.65358818217308,-13.059556517869751,24.43373214604353,-18.056227288560518,-0.7801439638704488,-16.865257824310458,17.645401788180905
118,130,130,2020-05-06,212000.0,13000.0,992225,324003,240140,83863,303945,330489,-26544,-57319,,,364277,421596,36.71314470004283,1.5444902769799853,42.489959434604046,6.09755437131291,-5.7768147345612135,8.452014412053718,-2.6751996774925044
119,129,129,2020-05-07,215500.0,3500.0,984024,182367,216338,-33971,455589,409576,46013,-12042,,,346068,358110,35.168654423062854,-5.71753525080122,36.392405063291136,4.864429683918832,-1.2237506402282872,-3.4522531970764936,4.676003837304781
120,128,128,2020-05-08,214000.0,-1500.0,732394,161167,230068,-68901,271779,271417,362,68539,,,299448,230909,40.88618967386407,-6.8442684392225885,31.52797537937231,-4.513891511545528,9.358214294491763,-9.40764124228216,0.04942694779039697
121,127,127,2020-05-11,214500.0,500.0,599328,155067,182558,-27491,158199,200761,-42562,70053,,,286062,216009,47.730458113086655,6.662260979683161,36.04186689091783,2.5852747032640337,11.68859122216883,-4.586970740562764,-7.101620481606067
122,126,126,2020-05-12,219500.0,5000.0,1056584,199099,224432,-25333,423565,478655,-55090,80423,,,433920,353497,41.068197133403494,-8.353794958778174,33.4565921876538,4.137153382577972,7.611604945749699,-2.397632369977209,-5.213972575772488
123,125,125,2020-05-13,218500.0,-1000.0,1014692,198159,278171,-80012,315052,439019,-123967,203979,,,501481,297502,49.42199209218168,7.5284453767630595,29.319438805075823,-4.501413961516164,20.102553287105838,-7.885348460419516,-12.217204826686325
124,124,124,2020-05-14,219000.0,500.0,866427,279708,302119,-22411,223742,271275,-47533,69944,,,362977,293033,41.89354671541861,-7.8973562050864246,33.82085276659199,4.399803692321356,8.072693948826617,-2.586599909744272,-5.486094039082347
125,123,123,2020-05-15,213000.0,-6000.0,1050469,259930,266358,-6428,267501,475052,-207551,213979,,,523038,309059,49.790902920505026,11.081922256682804,29.421049074270634,-0.07280448165152363,20.369853846234395,-0.6119171531953822,-19.757936693039014
126,122,122,2020-05-18,215000.0,2000.0,638906,162344,153130,9214,229248,297338,-68090,58876,,,247314,188438,38.708980663822224,5.452550595481122,29.49385355592216,2.34082550348554,9.215127107900068,1.4421526797369253,-10.657279787636991
127,121,121,2020-05-19,213500.0,-1500.0,917603,160257,270172,-109915,452184,398274,53910,56005,,,305162,249157,33.2564300683411,-7.3662938192792975,27.15302805243661,-26.46235908103257,6.103402015904481,-11.978491787842893,5.875089771938408
128,120,120,2020-05-20,222000.0,8500.0,977544,329584,202354,127230,250855,251076,-221,-127009,,,397105,524114,40.622723887620396,-6.906684363117607,53.615387133469184,20.473346402481877,-12.99266324584878,13.015270923866346,-0.02260767801756238
129,119,119,2020-05-21,225000.0,3000.0,1004395,238586,276540,-37954,288426,394978,-106552,144506,,,477383,332877,47.52940825073801,7.804735536868512,33.14204073098731,-5.4438413693103564,14.387367519750695,-3.778792208244764,-10.608575311505932
130,118,118,2020-05-22,230500.0,5500.0,1108281,245842,252553,-6711,422178,428088,-5910,12621,,,440261,427640,39.72467271386949,-22.129644578846573,38.58588210029767,-10.9781376855494,1.1387906135718289,-0.6055323514523844,-0.5332582621194444
131,117,117,2020-05-25,241000.0,10500.0,1015069,244099,275053,-30954,143106,236907,-93801,124755,,,627864,503109,61.854317292716075,-0.8864328016707219,49.564019785847066,7.542382251536187,12.290297506868992,-3.0494478700462726,-9.240849636822718
132,116,116,2020-05-26,239000.0,-2000.0,1568016,396707,362679,34028,187524,546431,-358907,324879,,,983785,658906,62.74075009438679,-0.5496557864645624,42.021637534310884,10.263042486567805,20.71911256007592,2.1701309170314587,-22.889243477107378
133,115,115,2020-05-27,228500.0,-10500.0,1351505,245341,445364,-200023,250791,476922,-226131,426154,,,855373,429219,63.29040588085135,19.278453782773266,31.75859504774307,-22.23499571350171,31.531810833108274,-14.80001923781266,-16.731791595295615
134,114,114,2020-05-28,240500.0,12000.0,1625154,456124,424932,31192,453768,322743,131025,-162217,,,715262,877479,44.0119520980781,12.330044971656662,53.99359076124478,40.207658907581454,-9.98163866316669,1.9193257992780992,8.06231286388859
135,113,113,2020-05-29,226000.0,-14500.0,3114298,499568,332750,166818,1628061,2352213,-724152,557334,,,986669,429335,31.68190712642143,-1.0400464366534692,13.78593185366333,-38.56905357562047,17.895975272758093,5.356520153177377,-23.25249542593548
136,112,112,2020-06-01,237000.0,11000.0,1140644,382992,235415,147577,384411,308045,76366,-223943,,,373241,597184,32.7219535630749,-24.409157367573147,52.35498542928381,22.593274020666442,-19.633031866208913,12.93804201836857,6.694989847840343
137,111,111,2020-06-02,234000.0,-3000.0,689584,166238,233525,-67287,129379,250827,-121448,188735,,,393967,205232,57.13111093064804,-4.872093698320668,29.761711408617373,0.9963062316381441,27.369399522030676,-9.757621986589015,-17.611777535441657
138,110,110,2020-06-03,225500.0,-8500.0,1476614,333231,497582,-164351,227835,554278,-326443,490794,,,915548,424754,62.00320462896872,28.774798937039947,28.765405176979225,-19.71610441326155,33.23779945198948,-11.130261530772428,-22.10753792121705
139,109,109,2020-06-04,232500.0,7000.0,1052789,310525,301466,9059,392439,240915,151524,-160583,,,349825,510408,33.22840569192877,-15.92341525160569,48.48150959024078,17.892163103398993,-15.253103898312009,0.860476315766977,14.39262758254503
140,108,108,2020-06-05,231000.0,-1500.0,1061922,272108,227211,44897,267860,509876,-242016,197119,,,521954,324835,49.15182094353446,8.689338053838064,30.589346486841784,-29.89662306420355,18.56247445669268,4.227899977587809,-22.790374434280487
141,107,107,2020-06-08,240500.0,9500.0,1624752,451189,321236,129953,516148,320769,195379,-325332,,,657415,982747,40.462482889696396,-11.160307230589542,60.48596955104533,22.058141119043285,-20.023486661348933,7.998328360266673,12.025158301082255
142,106,106,2020-06-09,237500.0,-3000.0,934440,291679,266992,24687,160377,308363,-147986,123299,,,482384,359085,51.62279012028594,16.565899162394963,38.42782843200205,-11.253494157862463,13.194961688283891,2.6419031719532557,-15.836864860237148
143,105,105,2020-06-10,244000.0,6500.0,1431071,557114,445668,111446,372268,274428,97840,-209286,,,501689,710975,35.056890957890985,-8.253047819253055,49.681322589864514,17.71657313446563,-14.624431631973536,7.787594046696495,6.836837585277041
144,104,104,2020-06-11,240500.0,-3500.0,1423978,504384,618833,-114449,302870,349974,-47104,161553,,,616724,455171,43.30993877714403,-4.038305294540379,31.964749455398888,-13.294266848511953,11.345189321745135,-8.03727304775776,-3.307916273987379
145,103,103,2020-06-12,242000.0,1500.0,1318334,536632,256110,280522,157494,465559,-308065,27543,,,624208,596665,47.348244071684405,0.3363754023338501,45.259016303910855,8.8043858152516,2.0892277677735693,21.278522741581423,-23.367750509354988
146,102,102,2020-06-15,231500.0,-10500.0,1311773,382411,397069,-14658,312673,436502,-123829,138487,,,616689,478202,47.01186866935057,17.429203892817295,36.45463048865924,-23.50076444017516,10.557238180691325,-1.1174189436739437,-9.439819237017382
147,101,101,2020-06-16,243500.0,12000.0,1155474,425424,216432,208992,388230,246273,141957,-350949,,,341820,692769,29.58266477653327,-13.126739450582132,59.9553949288344,3.0976734471347167,-30.37273015230113,18.08712268731274,12.285607464988393
148,100,100,2020-06-17,251000.0,7500.0,1357900,483094,328654,154440,294855,257175,37680,-192120,,,579951,772071,42.7094042271154,-6.706043222268613,56.85772148169968,18.445995499944274,-14.148317254584287,11.373444288975625,2.7748729656086604
149,99,99,2020-06-18,247500.0,-3500.0,744330,234332,184367,49965,142184,274053,-131869,81904,,,367814,285910,49.41544744938401,17.469407196977617,38.4117259817554,7.330520040095853,11.003721467628603,6.712748377735681,-17.71646984536429
150,98,98,2020-06-19,249500.0,2000.0,919945,244727,263630,-18903,381332,370385,10947,7956,,,293886,285930,31.946040252406398,-5.279852630433975,31.08120594165956,-18.123862375709255,0.8648343107468381,-2.054796754153781,1.189962443406943
151,97,97,2020-06-22,270000.0,20500.0,1841479,458958,352047,106911,697014,583331,113683,-220594,,,685507,906101,37.22589288284037,-12.408221870673644,49.20506831736881,11.294299927458761,-11.97917543452844,5.805713776806577,6.173461657721862
152,96,96,2020-06-23,276000.0,6000.0,2104075,534832,592531,-57699,524904,713873,-188969,246668,,,1044339,797671,49.634114753514005,-1.967840897624356,37.91076838991005,0.7459600608059276,11.723346363603962,-2.742250157432601,-8.981096206171358
153,95,95,2020-06-24,279000.0,3000.0,995065,264920,285505,-20585,216672,339746,-123074,143659,,,513473,369814,51.60195565113836,-14.379217448178096,37.16480832910413,12.998547786934193,14.43714732203424,-2.0687090793063767,-12.368438242727864
154,94,94,2020-06-25,269500.0,-9500.0,1196267,233163,409336,-176173,173793,497838,-324045,500218,,,789311,289093,65.98117309931646,17.334692163558618,24.16626054216993,-12.031961927494411,41.81491255714653,-14.726896253094,-27.088016304052523
155,93,93,2020-06-26,269000.0,-500.0,937593,282642,313489,-30847,198845,284712,-85867,116714,,,456106,339392,48.64648093575785,11.654480307393575,36.198222469664344,3.0972939141903377,12.448258466093495,-3.2900202966532386,-9.158238169440258
156,92,92,2020-06-29,264000.0,-5000.0,814814,346298,381703,-35405,167100,163400,3700,31705,,,301416,269711,36.992000628364266,-0.12178376307814175,33.100928555474006,-3.0663523475693637,3.891072072890255,-4.345163436072527,0.4540913631822723
157,91,91,2020-06-30,267000.0,3000.0,862860,304536,268385,36151,238084,282402,-44318,8167,,,320240,312073,37.11378439144241,-4.2146362084865245,36.16728090304336,-4.64017848074004,0.9465034883990452,4.189671557378949,-5.136175045777994
158,90,90,2020-07-01,269000.0,2000.0,655711,232264,196802,35462,152452,191330,-38878,3416,,,270995,267579,41.328420599928926,10.127401530774577,40.80745938378341,-8.955345182733204,0.5209612161455275,5.408175247936971,-5.9291364640825
159,89,89,2020-07-02,277000.0,8000.0,1015829,389021,186434,202587,309859,323890,-14031,-188556,,,316949,505505,31.20101906915436,-22.627303666817003,49.76280456651661,6.944112054633165,-18.561785497362248,19.94302190624603,-1.3812364088837787
160,88,88,2020-07-03,277500.0,500.0,971940,292419,239004,53415,156342,316764,-160422,107007,,,523179,416172,53.828322735971355,14.685131216406072,42.818692511883455,4.16789309687762,11.009630224087909,5.4957096117044255,-16.505339835792338
161,87,87,2020-07-06,281500.0,4000.0,1211636,438950,329550,109400,298413,413779,-115366,5966,,,474273,468307,39.14319151956529,-11.198225296119453,38.65079941500583,4.3620899419986685,0.4923921045594552,9.029114354476095,-9.521506459035553
162,86,86,2020-07-07,279500.0,-2000.0,1365047,409185,491920,-82735,268678,405070,-136392,219127,,,687184,468057,50.34141681568474,4.165755768427759,34.28870947300716,-3.5887718787545846,16.05270734267758,-6.060963468657122,-9.991743874020457
163,85,85,2020-07-08,282500.0,3000.0,1353345,435183,430608,4575,293246,410124,-116878,112303,,,624916,512613,46.175661047256966,-8.965115027637545,37.87748135176175,-0.9121603517239408,8.298179695495236,0.3380512729570065,-8.636230968452242
164,84,84,2020-07-09,287500.0,5000.0,2006662,683980,612992,70988,216193,615293,-399100,328112,,,1106489,778377,55.14077607489453,-16.868989572206893,38.78964170348569,-17.220248418839518,16.351134371408836,3.5376162004363465,-19.888750571845183
165,83,83,2020-07-10,299000.0,11500.0,2120904,409920,496066,-86146,183726,436922,-253196,339342,,,1527258,1187916,72.00976564710142,14.100377696830456,56.0098901223252,12.78834087144857,15.999875524776227,-4.061758570873552,-11.938116953902677
166,82,82,2020-07-13,297000.0,-2000.0,1254800,396882,394347,2535,131271,318109,-186838,184303,,,726647,542344,57.90938795027096,-12.3459453012507,43.221549250876635,5.839738337248447,14.687838699394328,0.2020242269684412,-14.889862926362767
167,81,81,2020-07-14,287000.0,-10000.0,1360849,302105,507179,-205074,102675,344960,-242285,447359,,,956069,508710,70.25533325152165,20.05136771644712,37.381810913628186,-7.816810614726392,32.87352233789348,-15.069563191801588,-17.803959146091884
168,80,80,2020-07-15,286500.0,-500.0,1276196,382515,408566,-26051,252980,290807,-37827,63878,,,640701,576823,50.20396553507455,-15.297291547686768,45.19862152835458,-1.9676764039944958,5.005344006719972,-2.0413008660111767,-2.964043140708794
169,79,79,2020-07-16,273000.0,-13500.0,1338814,245864,462634,-216770,216010,244711,-28701,245471,,,876940,631469,65.50125708276131,11.946411635630355,47.16629793234908,-9.37625319329984,18.33495915041223,-16.19119608847831,-2.1437630619339205
170,78,78,2020-07-17,276000.0,3000.0,926932,226565,293048,-66483,203950,109773,94177,-27694,,,496417,524111,53.55484544713096,-5.7703345337867304,56.5425511256489,22.840614302886344,-2.987705678517949,-7.172370788795726,10.160076467313676
171,77,77,2020-07-20,263000.0,-13000.0,1556415,329904,483089,-153185,303165,548784,-245619,398804,,,923346,524542,59.32517998091769,21.453053108097386,33.70193682276257,-9.59693961221155,25.623243158155123,-9.84216934429442,-15.7810738138607
172,76,76,2020-07-21,270000.0,7000.0,1179638,350698,333653,17045,382186,335215,46971,-64016,,,446754,510770,37.872126872820296,-8.207733226276176,43.29887643497412,5.808039767512561,-5.426749562153814,1.444934802032488,3.981814760121325
173,75,75,2020-07-22,270000.0,0.0,905784,295377,278655,16722,193023,287543,-94520,77798,,,417384,339586,46.07986009909648,16.68318658965538,37.49083666746157,-23.16967842375595,8.589023431634915,1.846135502503908,-10.435158934138824
174,74,74,2020-07-23,284000.0,14000.0,1396607,475417,394383,81034,510634,155035,355599,-436633,,,410556,847189,29.39667350944109,-10.672912347703619,60.660515091217505,26.715035902122963,-31.263841581776404,5.802204915198049,25.46163666657836
175,73,73,2020-07-24,281000.0,-3000.0,1233584,255031,291183,-36152,484261,523655,-39394,75546,,,494292,418746,40.069585857144716,-1.3856831078735468,33.94547918909454,-14.016464160035431,6.124106668050168,-2.930647608918404,-3.193459059131765
176,72,72,2020-07-27,284500.0,3500.0,691075,228244,193861,34383,176344,165761,10583,-44966,,,286487,331453,41.455268965018256,2.572808868395562,47.961943349129974,1.5582051995181203,-6.50667438411171,4.975292117353399,1.5313822667583112
177,71,71,2020-07-28,288000.0,3500.0,978238,305809,302535,3274,292066,221764,70302,-73576,,,380363,453939,38.88246009662271,-4.433661413730327,46.40373814961186,3.5404901977081447,-7.5212780529891505,0.3346833797092323,7.1865946732799175
178,70,70,2020-07-29,292000.0,4000.0,964066,333954,276223,57731,212516,274613,-62097,4366,,,417596,413230,43.31612151035303,6.081294821527377,42.86324795190371,-4.714880715063124,0.4528735584493178,5.98828295988034,-6.441156518329658
179,69,69,2020-07-30,294000.0,2000.0,1150474,312641,356386,-43745,409456,246714,162742,-118997,,,428377,547374,37.23482668882565,5.636482060458111,47.57812866696682,1.0939433097458249,-10.343301978141184,-3.802345815724649,14.14564779386583
180,68,68,2020-07-31,301000.0,7000.0,1567503,427562,424365,3197,644636,414497,230139,-233336,,,495305,728641,31.598344628367528,-11.151658354249776,46.48418535722102,-10.588196799569216,-14.885840728853472,0.2039549525583045,14.681885776295164
181,67,67,2020-08-03,314500.0,13500.0,1341104,333463,315085,18378,434319,260619,173700,-192078,,,573322,765400,42.75000298261731,-14.247122093839426,57.072382156790226,15.857279866319251,-14.32237917417292,1.3703635213972964,12.952015652775627
182,66,66,2020-08-04,311000.0,-3500.0,1330818,413500,432639,-19139,158790,349681,-190891,210030,,,758528,548498,56.997125076456726,9.05598383001719,41.215102290470966,-6.942598474648378,15.782022785985761,-1.43813804742647,-14.343884738559293
183,65,65,2020-08-05,313500.0,2500.0,809939,156812,261767,-104955,264833,158124,106709,-1754,,,388294,390048,47.94114124643954,10.573197019201388,48.15770076511935,-4.106686931153575,-0.2165595186798018,-12.958383285654845,13.174942804334648
184,64,64,2020-08-06,322000.0,8500.0,1032045,347262,317962,29300,299129,174691,124438,-153738,,,385654,539392,37.367944227238155,-17.800905360912928,52.26438769627293,10.424996544205783,-14.896443469034779,2.8390234921926853,12.057419976842096
185,63,63,2020-08-07,314000.0,-8000.0,1063254,279347,339735,-60388,197322,278660,-81338,141726,,,586585,444859,55.16884958815109,11.119032947088597,41.83939115206713,0.4463174946344992,13.329458436083947,-5.679545997475675,-7.649912438608272
186,62,62,2020-08-10,313500.0,-500.0,968592,359278,358828,450,182651,208834,-26183,25733,,,426663,400930,44.04981664106249,2.323215223053083,41.393073657432645,3.6793097150000382,2.6567429836298464,0.04645919024728679,-2.7032021738771332
187,61,61,2020-08-11,311500.0,-2000.0,665863,298936,281165,17771,89085,133576,-44491,26720,,,277842,251122,41.7266014180094,-15.056257679165725,37.71376394243261,2.9198836257330427,4.012837475576808,2.6688673195537214,-6.68170479513053
188,60,60,2020-08-12,305000.0,-6500.0,856711,243424,330197,-86773,126822,228431,-101609,188382,,,486465,298083,56.78285909717514,19.376344453091427,34.793880316699564,13.387422556650643,21.98897878047557,-10.128619802944051,-11.860358977531511
189,59,59,2020-08-13,307000.0,2000.0,1406370,536740,604918,-68178,343556,500398,-156842,225020,,,526074,301054,37.40651464408371,-4.6912365907968185,21.40645776004892,-14.324012711343286,16.000056884034787,-4.847799654429489,-11.152257229605299
190,58,58,2020-08-14,305000.0,-2000.0,608156,238249,236398,1851,113887,154461,-40574,38723,,,256020,217297,42.09775123488053,2.6765871415165283,35.73047047139221,-18.004463968588368,6.367280763488315,0.30436269641342023,-6.671643459901736
191,57,57,2020-08-18,307500.0,2500.0,1494966,498464,411360,87104,407169,280287,126882,-213986,,,589333,803319,39.421164093364,6.291046074750511,53.73493443998057,3.4669325101966564,-14.31377034661658,5.826487023785156,8.487283322831424
192,56,56,2020-08-19,315000.0,7500.0,941038,359700,286170,73530,269571,181827,87744,-161274,,,311767,473041,33.13011801861349,-13.091135780439267,50.26800192978393,4.5886213386357255,-17.13788391117043,7.813712092391592,9.324171818778838
193,55,55,2020-08-20,305500.0,-9500.0,1186809,464171,500386,-36215,174080,144296,29784,6431,,,548558,542127,46.221253799052754,4.0495853910375175,45.6793805911482,0.5032145163695247,0.5418732079045575,-3.0514598389462835,2.509586631041726
194,54,54,2020-08-21,312500.0,7000.0,781961,294142,248027,46115,158053,180674,-22621,-23494,,,329766,353260,42.17166840801524,6.160961124816017,45.17616607477867,-5.814015086121621,-3.004497666763432,5.8973529370390585,-2.892855270275628
195,53,53,2020-08-24,320000.0,7500.0,783392,317899,242712,75187,183388,141227,42161,-117348,,,282105,399453,36.01070728319922,-2.5159328623365127,50.990181160900285,6.302446868320452,-14.979473877701075,9.59762162493362,5.3818522527674535
196,52,52,2020-08-25,325000.0,5000.0,897649,246533,307794,-61261,305282,188716,116566,-55305,,,345834,401139,38.52664014553573,-1.2864675766400142,44.68773429257984,-2.6593764559322963,-6.161094147044112,-6.824605163042571,12.985699310086682
197,51,51,2020-08-26,334000.0,9000.0,1155853,353685,341542,12143,341987,267048,74939,-87082,,,460181,547263,39.813107722175744,-5.791356996113485,47.347110748512144,4.683065867608349,-7.534003026336394,1.0505661187019455,6.483436907634449
198,50,50,2020-08-27,337000.0,3000.0,1232239,448326,442495,5831,221957,264021,-42064,36233,,,561956,525723,45.60446471828922,-0.1631584084025235,42.66404488090379,10.612008999211042,2.9404198373854418,0.4732036561089205,-3.4136234934943626
199,49,49,2020-08-28,333000.0,-4000.0,969408,294066,347853,-53787,231667,310840,-79173,132960,,,443675,310715,45.76762312669175,-6.039989540069961,32.052035881692746,9.578527433565958,13.715587244999009,-5.548437809467221,-8.167149435531789
200,48,48,2020-08-31,322500.0,-10500.0,1528978,433418,440487,-7069,303433,744876,-441443,448512,,,792127,343615,51.80761266676171,9.797477726946953,22.47350844812679,-13.284241629923232,29.33410421863493,-0.4623349714645992,-28.871769247170327
201,47,47,2020-09-01,324500.0,2000.0,691864,209747,244340,-34593,191464,200129,-8665,43258,,,290653,247395,42.010134939814755,8.712896107247047,35.75775007805002,-2.0017590697402525,6.25238486176474,-4.99997109258467,-1.25241376918007
202,46,46,2020-09-02,332500.0,8000.0,808064,214742,298299,-83557,324259,204644,119615,-36058,,,269063,305121,33.297238832567714,7.430163175846361,37.75950914779028,-7.505877235776977,-4.462270315222557,-10.340393830191669,14.802664145414223
203,45,45,2020-09-03,339000.0,6500.0,776547,201830,264414,-62584,373847,160626,213221,-150637,,,200870,351507,25.867075656721354,-29.36161934309556,45.26538638356725,8.965670032979645,-19.398310726845892,-8.059267500872451,27.457578227718354
204,44,44,2020-09-04,328500.0,-10500.0,1174337,297112,407071,-109959,228654,340985,-112331,222290,,,648571,426281,55.22869499981692,-17.826011030466358,36.29971635058761,2.4025241537012434,18.92897864922931,-9.36349616847634,-9.565482480752971
205,43,43,2020-09-07,314500.0,-14000.0,1308247,231198,440682,-209484,121313,424106,-302793,512277,,,955736,443459,73.05470603028327,13.311749554608175,33.897192196886365,-9.021474039790602,39.157513833396905,-16.01257254937332,-23.144941284023584
206,42,42,2020-09-08,311000.0,-3500.0,989171,252451,328133,-75682,145760,236499,-90739,166421,,,590960,424539,59.74295647567509,10.620822163035015,42.91866623667697,3.508842565896856,16.82429023899811,-7.65105325570604,-9.173236983292071
207,41,41,2020-09-09,304500.0,-6500.0,925825,228851,309961,-81110,242189,250998,-8809,89919,,,454785,364866,49.12213431264008,10.052661556318114,39.40982367078011,16.902260307400926,9.712310641859963,-8.76083493100748,-0.951475710852483
208,40,40,2020-09-10,307500.0,3000.0,834946,295461,421855,-126394,213276,225165,-11889,138283,,,326209,187926,39.06947275632197,-8.913112157695394,22.507563363379187,-8.401313030901147,16.561909392942773,-15.137984971483185,-1.4239244214595914
209,39,39,2020-09-11,306000.0,-1500.0,517023,125939,213881,-87942,143003,143336,-333,88275,,,248081,159806,47.982584914017366,-4.741883562501002,30.90887639428033,-0.8102308565146537,17.073708519737036,-17.009301327020268,-0.06440719271676502
210,38,38,2020-09-14,303000.0,-3000.0,608816,170770,276373,-105603,117051,139332,-22281,127884,,,320995,193111,52.72446847651836,8.621383832070158,31.719107250794988,-17.778439695576182,21.005361225723373,-17.345634805918372,-3.6597264198049984
211,37,37,2020-09-15,312000.0,9000.0,797985,255401,289323,-33922,190648,113679,76969,-43047,,,351936,394983,44.1030846444482,-8.354547221387115,49.49754694637117,25.115420058136287,-5.394462301922967,-4.250957098191069,9.645419400114037
212,36,36,2020-09-16,307000.0,-5000.0,696219,182622,289150,-106528,148377,237316,-88939,195467,,,365220,169753,52.45763186583533,-7.285348234126309,24.382126888234893,-8.885836332880434,28.075504977600442,-15.300932608848653,-12.774572368751786
213,35,35,2020-09-17,300500.0,-6500.0,823516,157968,349928,-191960,173555,199621,-26066,218026,,,491993,273967,59.74298009996164,11.499970218391233,33.26796322111532,6.287651743783237,26.475016878846308,-23.309808188304785,-3.165208690541532
214,34,34,2020-09-18,298000.0,-2500.0,750488,154739,256703,-101964,233691,291301,-57610,159574,,,362058,202484,48.243009881570394,-1.28612319892666,26.980311477332076,-13.838774409769616,21.262698404238307,-13.586359808551235,-7.676338595687072
215,33,33,2020-09-21,292000.0,-6000.0,656024,170175,251110,-80935,160926,137131,23795,57140,,,324923,267783,49.52913308049706,6.564720919256786,40.819085887101686,-1.3526996099694628,8.710047193395361,-12.337201078009342,3.6271538846139775
216,32,32,2020-09-22,284500.0,-7500.0,864846,156138,336150,-180012,337132,163975,173157,6855,,,371576,364721,42.96441216124028,12.275259442510336,42.171785497071156,-1.4347892039864192,0.7926266641691122,-20.81434151282425,20.021714848655137
217,31,31,2020-09-23,296500.0,12000.0,984136,439510,377067,62443,242603,177921,64682,-127125,,,302023,429148,30.68915271872993,6.698580602603471,43.606574701057575,12.047428393350947,-12.917421982327644,6.344956388141477,6.57246559418617
218,30,30,2020-09-24,294000.0,-2500.0,848971,269366,300607,-31241,375932,280436,95496,-64255,,,203673,267928,23.99057211612646,-5.238872700298554,31.559146307706627,6.017554594268116,-7.56857419158016,-3.6798665678804094,11.248440759460573
219,29,29,2020-09-25,295000.0,1000.0,648182,222278,221190,1088,236444,261436,-24992,23904,,,189460,165556,29.229444816425012,2.8771710695911468,25.54159171343851,-2.4894380809614916,3.687853102986507,0.16785409036350898,-3.855707193350016
220,28,28,2020-09-28,298500.0,3500.0,724465,274753,256801,17952,258799,264589,-5790,-12162,,,190913,203075,26.352273746833873,-2.155647333678065,28.031029794400002,9.285626529297566,-1.678756047566135,2.4779664994168114,-0.799210451850676
221,27,27,2020-09-29,296500.0,-2000.0,765489,146684,238985,-92301,400580,383010,17570,74731,,,218225,143494,28.507921080511927,7.482699242177034,18.745403265102446,-9.445384321658306,9.762517815409495,-12.05778267225264,2.295264856843142
222,26,26,2020-10-05,298500.0,2000.0,906516,232146,305708,-73562,483773,345254,138519,-64957,,,190597,255554,21.0252218383349,-2.9771269308639847,28.19078758676074,-21.014660636694714,-7.165565748425841,-8.114804371902977,15.280370120328817
223,25,25,2020-10-06,305000.0,6500.0,868540,314857,201395,113462,345213,239776,105437,-218899,,,208470,427369,24.002348769198885,2.865667164243064,49.205448223455456,16.737488235126776,-25.203099454256567,13.063531904114953,12.139567550141615
224,24,24,2020-10-07,305000.0,0.0,534644,209363,226166,-16803,212275,134890,77385,-60582,,,113006,173588,21.13668160495582,-5.773663496037263,32.46795998832868,14.901969251809291,-11.331278383372862,-3.1428389732233035,14.474117356596164
225,23,23,2020-10-08,301000.0,-4000.0,756735,291294,435847,-144553,261801,187960,73841,70712,,,203640,132928,26.910345100993084,-14.905451851546106,17.565990736519392,-2.613599583310968,9.344354364473693,-19.102195616695408,9.757841252221716
226,22,22,2020-10-12,292000.0,-9000.0,914860,208676,381291,-172615,323628,348954,-25326,197941,,,382556,184615,41.81579695253919,19.22036295310165,20.17959031983036,-7.320735688399187,21.636206632708827,-18.86791421638284,-2.768292416325995
227,21,21,2020-10-13,295000.0,3000.0,636487,209550,260256,-50706,283120,201195,81925,-31219,,,143817,175036,22.59543399943753,7.0614521385461675,27.500326008229546,-5.983025408032451,-4.90489200879201,-7.966541343342441,12.871433352134455
228,20,20,2020-10-14,298500.0,3500.0,759464,221702,247809,-26107,419787,257361,162426,-136319,,,117975,254294,15.533981860891366,-21.514585909823765,33.483351416262,12.842489498963886,-17.94936955537063,-3.4375559605195245,21.38692551589016
229,19,19,2020-10-15,292500.0,-6000.0,624097,151681,230906,-79225,241197,264372,-23175,102400,,,231219,128819,37.04856777071513,19.32109972903504,20.64086191729811,-9.2309914862182,16.407705853417013,-12.694340783564096,-3.713365069852924
230,18,18,2020-10-16,293500.0,1000.0,446832,157821,138747,19074,209799,174608,35191,-54265,,,79212,133477,17.727468041680094,-24.405260654052142,29.871853403516308,-2.172941955813372,-12.144385361836214,4.268718444516058,7.8756669173201574
231,17,17,2020-10-19,286000.0,-7500.0,434420,174731,187966,-13235,76656,107245,-30589,43824,,,183033,139209,42.13272869573224,14.322998723910718,32.04479535932968,-15.995027732091742,10.08793333640256,-3.04659085677455,-7.0413424796280095
232,16,16,2020-10-20,290000.0,4000.0,535870,173995,187663,-13668,212851,90776,122075,-108407,,,149024,257431,27.80972997182152,1.5577803261535232,48.03982309142143,9.563380431690994,-20.230093119599907,-2.550618620187732,22.780711739787638
233,15,15,2020-10-21,297500.0,7500.0,640501,231182,249268,-18086,241175,144791,96384,-78298,,,168144,246442,26.251949645668002,-1.8553926128419391,38.47644265973043,16.163421107229983,-12.224493014062428,-2.823727051167758,15.048220065230186
234,14,14,2020-10-22,293000.0,-4500.0,416425,168701,146030,22671,130678,177478,-46800,24129,,,117046,92917,28.10734225850993,-20.090393176136946,22.313021552500448,-4.703234253935449,5.7943207060094855,5.444197634628083,-11.238518340637569
235,13,13,2020-10-23,286500.0,-6500.0,451654,134472,187787,-53315,99495,141847,-42352,95667,,,217687,122020,48.19773543464688,7.29592166858346,27.0162558064359,-11.856992504524882,21.181479628210976,-11.80439008621644,-9.377089541994538
236,12,12,2020-10-26,281500.0,-5000.0,349163,68044,135398,-67354,138305,78034,60271,7083,,,142814,135731,40.90181376606343,-42.68557891687282,38.87324831096078,-44.48584819812085,2.0285654551026306,-19.290130970349097,17.26156551524646
237,11,11,2020-10-27,283500.0,2000.0,2071432,164275,199631,-35356,175701,145074,30627,4729,,,1731456,1726727,83.58739268293623,58.68174311512209,83.35909650908164,30.52915644935621,0.2282961738546088,-1.7068385541982551,1.4785423803436464
238,10,10,2020-10-28,298500.0,15000.0,698195,301549,229723,71826,222756,99616,123140,-194966,,,173890,368856,24.90564956781415,-12.022189423332913,52.82994005972543,7.93700330410477,-27.924290491911286,10.28738389704882,17.636906594862467
239,9,9,2020-10-29,298500.0,0.0,785050,255309,283192,-27883,239839,149426,90413,-62530,,,289902,352432,36.92783899114706,12.490305940062456,44.89293675562066,25.29828536542687,-7.965097764473599,-3.5517482962868607,11.516846060760459
240,8,8,2020-10-30,290000.0,-8500.0,939833,195885,318070,-122185,514276,437606,76670,45515,,,229672,184157,24.43753305108461,-23.822895545012088,19.59465139019379,0.40528035109536376,4.842881660890818,-13.000713956628466,8.157832295737649
