,Unnamed: 0,Unnamed: 0.1,날짜,종가,대비,거래량,기관 매수,기관 매도,기관 순매수,외국인 매수,외국인 매도,외국인 순매수,개인 순매수,개인 매수,개인 매도,개인매수비율(%),개인매수비율증가(%p),개인매도비율(%),개인매도비율증가(%p),개인 순매수비율,기관 순매수비율,외국인 순매수비율
15,233,233,2019-12-02,42650.0,-600.0,1012449,436310,442272,-5962,323819,472515,-148696,154658,252320,97662,24.9217491448952,10.452335302742966,9.646115508040404,2.742528097365298,15.275633636854794,-0.5888691677309178,-14.686764469123876
16,232,232,2019-12-03,43000.0,350.0,943466,333837,585682,-251845,473115,292651,180464,71381,136514,65133,14.469413842152235,5.079756032110236,6.903587410675106,-0.47751798505446,7.565826431477128,-26.693595741658946,19.12776931018182
17,231,231,2019-12-04,42950.0,-50.0,1177913,387168,429322,-42154,680143,661648,18495,23659,110602,86943,9.389657810042,-4.683153270241418,7.381105395729567,-13.220697840072804,2.0085524143124323,-3.5787023320058444,1.570149917693412
18,230,230,2019-12-05,43750.0,800.0,1085604,419556,655463,-235907,513273,206487,306786,-70879,152775,223654,14.072811080283413,-7.560519643486407,20.60180323580237,14.030429950544095,-6.5289921555189565,-21.730483675447037,28.259475830965986
19,229,229,2019-12-06,43800.0,50.0,676997,240660,236882,3778,289880,395627,-105747,101969,146457,44488,21.633330723769824,-9.670513692387065,6.5713732852582805,-1.6730174471889772,15.061957438511545,0.5580526944727968,-15.62001013298434
20,228,228,2019-12-09,43350.0,-450.0,582117,244232,232997,11235,155660,301128,-145468,134233,182225,47992,31.303844416156892,12.074525144366667,8.244390732447258,-13.819029372059912,23.05945368370963,1.93002437654286,-24.98947806025249
21,227,227,2019-12-10,44050.0,700.0,628665,236352,242716,-6364,271425,247244,24181,-17817,120888,138705,19.229319271790217,6.464434301043919,22.06342010450717,11.26501913026631,-2.834100832716948,-1.0123038502222963,3.846404682939245
22,226,226,2019-12-11,44250.0,200.0,944325,328894,339141,-10247,494889,503212,-8323,18570,120542,101972,12.7648849707463,5.782136249883722,10.798400974240858,-2.299770271522789,1.9664839965054404,-1.0851137055568794,-0.8813702909485611
23,225,225,2019-12-12,45000.0,750.0,1837371,883172,963186,-80014,825900,633523,192377,-112363,128299,240662,6.98274872086258,-19.51366439768068,13.098171245763648,2.7713821506349468,-6.115422524901067,-4.354809126735971,10.47023165163704
24,224,224,2019-12-13,44450.0,-550.0,851436,338435,465781,-127346,287401,297729,-10328,137674,225600,87926,26.496413118543266,8.361679050359522,10.3267890951287,2.081364668657752,16.16962402341456,-14.956614472491179,-1.2130095509233811
25,223,223,2019-12-16,44450.0,0.0,734662,389038,238334,150704,212395,435752,-223357,72653,133229,60576,18.134734068183736,1.3238759657751409,8.245424426470949,-2.577278919300598,9.889309641712787,20.51337894160852,-30.40268858332131
26,222,222,2019-12-17,44650.0,200.0,892679,370893,366233,4660,371719,429834,-58115,53455,150067,96612,16.810858102408595,6.251999143493251,10.822703345771547,-12.829678949125547,5.988154756637044,0.5220241542592579,-6.510178910896302
27,221,221,2019-12-18,45250.0,600.0,780340,213059,376164,-163105,484886,219607,265279,-102174,82395,184569,10.558858958915343,-21.039081164260462,23.652382294897087,17.569822695026527,-13.093523335981752,-20.901786400799647,33.995309736781394
28,220,220,2019-12-19,44700.0,-550.0,729364,305651,322488,-16837,193249,362512,-169263,186100,230464,44364,31.597940123175807,8.583439427536128,6.082559599870572,-3.5912213015614087,25.51538052330524,-2.3084495533094587,-23.206930969995774
29,219,219,2019-12-20,44700.0,0.0,751826,272771,279708,-6937,306026,399388,-93362,100299,173029,72730,23.014500695639683,1.95179872840798,9.67378090143198,-4.3340639310415146,13.340719794207704,-0.9226868982982764,-12.418032895909427
30,218,218,2019-12-23,44750.0,50.0,564448,336016,328847,7169,109544,156534,-46990,39821,118888,79067,21.062701967231703,0.287848468795076,14.007844832473495,-7.822648199642957,7.054857134758207,1.2700904246272464,-8.324947559385452
31,217,217,2019-12-24,44700.0,-50.0,482930,316870,220987,95883,65732,156517,-90785,-5098,100328,105426,20.77485349843663,2.6374703782599447,21.83049303211645,-28.515341599565684,-1.0556395336798294,19.854430248690285,-18.798790715010462
32,216,216,2019-12-26,45100.0,400.0,439661,316700,182190,134510,43218,36120,7098,-141608,79743,221351,18.137383120176683,-17.362946623424893,50.34583463168214,43.466520789859466,-32.20845151150546,30.59402585173577,1.6144256597696862
33,215,215,2019-12-27,44350.0,-750.0,823367,339954,533442,-193488,191115,233283,-42168,235656,292298,56642,35.50032974360158,8.911629681428819,6.879313841822662,-3.4408991270118863,28.62101590177891,-23.49960588656091,-5.121410015218001
34,214,214,2019-12-30,44300.0,-50.0,644977,232265,179526,52739,241221,398888,-157667,104928,171491,66563,26.588700062172762,-24.469321574264544,10.320212968834547,2.1982465754953644,16.268487093338212,8.176880725979379,-24.44536781931759
35,213,213,2020-01-02,42500.0,-1800.0,1355029,400218,882003,-481785,262960,362971,-100011,581796,691851,110055,51.0580216364373,9.831433455105604,8.121966393339184,-4.533857575266683,42.93605524309812,-35.555327598154726,-7.380727644943392
36,212,212,2020-01-03,42000.0,-500.0,1569720,470693,928299,-457606,451885,442760,9125,448481,647142,198661,41.2265881813317,5.488936534884559,12.655823968605864,-0.7059129849855079,28.57076421272584,-29.152078077618942,0.581313864893102
37,211,211,2020-01-06,41900.0,-100.0,830880,289787,401397,-111610,244156,318463,-74307,185917,296937,111020,35.73765164644714,4.168507583640814,13.361736953591375,1.7437945260550798,22.37591469285577,-13.432746004236472,-8.943168688619295
38,210,210,2020-01-07,42050.0,150.0,1124218,380695,429687,-48992,388617,563920,-175303,224295,354906,130611,31.56914406280633,-3.9677617912948513,11.617942427536294,-4.234103274258988,19.951201635270028,-4.357873650839962,-15.593327984430067
39,209,209,2020-01-08,41300.0,-750.0,997335,314553,511330,-196777,328360,327907,453,196324,354422,158098,35.53690585410118,-5.089017502821194,15.852045701795285,6.185533408181927,19.68486015230589,-19.73028119939639,0.04542104709049617
40,208,208,2020-01-09,40750.0,-550.0,1908796,492233,781008,-288775,641097,943274,-302177,590952,775466,184514,40.62592335692237,-1.3369043949840744,9.666512293613355,-2.374951174660204,30.95941106330902,-15.128646539494007,-15.830764523815011
41,207,207,2020-01-10,40400.0,-350.0,1455064,379440,579077,-199637,465038,700776,-235738,435375,610586,175211,41.96282775190645,0.4103613193098568,12.04146346827356,2.4667301065152336,29.92136428363289,-13.72015251562818,-16.201211768004708
42,206,206,2020-01-13,40450.0,50.0,1299326,298128,404575,-106447,461296,770344,-309048,415495,539902,124407,41.5524664325966,6.6103560634484015,9.574733361758328,-9.605747741791527,31.977733070838266,-8.192478254110208,-23.785254816728052
43,205,205,2020-01-14,41150.0,700.0,1412170,425828,463364,-37536,492900,677945,-185045,222581,493442,270861,34.94211036914819,-3.7437147807086153,19.18048110354985,1.197338974632249,15.761629265598335,-2.658036921900338,-13.103592343697994
44,204,204,2020-01-15,41200.0,50.0,920045,279916,322345,-42429,284202,432247,-148045,190474,355927,165453,38.6858251498568,-10.087097185580006,17.983142128917606,2.4595467777915707,20.702683020939194,-4.611622257606965,-16.09106076333223
45,203,203,2020-01-16,41150.0,-50.0,1105472,295258,339314,-44056,271043,594549,-323506,367562,539171,171609,48.77292233543681,14.049786200662332,15.523595351126033,-6.29217758283325,33.24932698431078,-3.98526602211544,-29.26406096219533
46,202,202,2020-01-17,41400.0,250.0,1016691,252916,413255,-160339,410748,381637,29111,131228,353027,221799,34.72313613477448,-9.95315490996034,21.815772933959284,-3.3091668790875874,12.907363200815196,-15.770671718349035,2.8633085175338424
47,201,201,2020-01-20,41600.0,200.0,722748,257056,359278,-102222,142795,181880,-39085,141307,322897,181590,44.67629104473483,-3.692204305278665,25.124939813046872,1.5281748008249068,19.551351231687946,-14.143518902854106,-5.40783232883384
48,200,200,2020-01-21,41600.0,0.0,567421,196201,210994,-14793,96767,222534,-125767,140560,274453,133893,48.368495350013475,11.170693840988443,23.596765012221965,-4.189965763169536,24.77173033779152,-2.6070589562247437,-22.164671381566773
49,199,199,2020-01-22,42600.0,1000.0,1435894,566777,344199,222578,334996,692707,-357711,135133,534121,398988,37.19780150902504,1.7385464153962076,27.7867307753915,-11.064395182112708,9.411070733633544,15.50100494883327,-24.912075682466806
50,198,198,2020-01-23,43400.0,800.0,2060957,658321,632725,25596,671836,627527,44309,-69905,730800,800705,35.459255093628826,12.568326976328175,38.85112595750421,19.407725376223983,-3.3918708638753743,1.24194730894434,2.1499235549310343
51,197,197,2020-01-28,42700.0,-700.0,1631227,648247,530841,117406,609577,783220,-173643,56237,373403,317166,22.890928117300657,-11.646810354819262,19.443400581280226,1.8925354719891416,3.4475275360204307,7.197404162633403,-10.644931698653837
52,196,196,2020-01-29,42550.0,-150.0,1025015,336240,577555,-241315,334758,267561,67197,174118,354017,179899,34.53773847211992,5.383886719117374,17.550865109291085,-0.6502752522277788,16.986873362828838,-23.542582303673605,6.5557089408447675
53,195,195,2020-01-30,41950.0,-600.0,1030375,329718,460717,-130999,400263,382118,18145,112854,300394,187540,29.153851753002552,10.417231004631397,18.201140361518863,8.516729537634829,10.952711391483684,-12.713720732742932,1.7610093412592502
54,194,194,2020-01-31,40900.0,-1050.0,1349571,448067,574837,-126770,648640,644036,4604,122166,252864,130698,18.73662074837115,3.140639747428475,9.684410823884036,-2.825518052121712,9.052209924487112,-9.393355369965716,0.34114544547860026
55,193,193,2020-02-03,40100.0,-800.0,1428913,712281,683911,28370,493779,566246,-72467,44097,222853,178756,15.595981000942675,-6.695817848443882,12.509928876005747,5.246592382168728,3.0860521249369275,1.985425284814401,-5.071477409751329
56,192,192,2020-02-04,40250.0,150.0,1122184,482229,769101,-286872,389800,271575,118225,168647,250155,81508,22.29179884938656,-11.165939800370767,7.263336493837018,-0.895237500841068,15.028462355549536,-25.56372217033927,10.53525981478973
57,191,191,2020-02-05,39400.0,-850.0,1554328,483794,845316,-361522,550491,582201,-31710,393232,520043,126811,33.457738649757324,17.004353704879108,8.158573994678086,-21.95138505608488,25.299164655079235,-23.25905471689373,-2.040109938185505
58,190,190,2020-02-06,41300.0,1900.0,1405887,716378,503737,212641,458193,478838,-20645,-191996,231316,423312,16.453384944878216,-11.20636913878797,30.109959050762967,21.38545914039921,-13.656574105884758,15.12504205530032,-1.4684679494155648
59,189,189,2020-02-07,40500.0,-800.0,1054261,402375,598766,-196391,360280,363516,-3236,199627,291606,91979,27.659754083666183,2.344205952865696,8.724499910363752,-6.222396778002268,18.93525417330244,-18.628309308605747,-0.30694486469669274
60,188,188,2020-02-10,40650.0,150.0,701557,291930,429153,-137223,232024,167543,64481,72742,177603,104861,25.31554813080049,6.1910456721035345,14.946896688366019,-6.974083462527473,10.368651442434473,-19.55977917688798,9.191127734453508
61,187,187,2020-02-11,41350.0,700.0,1141865,594950,461779,133171,328539,429778,-101239,-31932,218376,250308,19.124502458696963,-3.4572130888352315,21.920980150893488,6.014569117097256,-2.7964776921965377,11.662587083411784,-8.866109391215248
62,186,186,2020-02-12,41650.0,300.0,1012598,471322,346460,124862,312614,505070,-192456,67594,228662,161068,22.58171554753219,1.8810916568375864,15.906411033796234,-0.9090037006167436,6.675304513735955,12.330855877653324,-19.006160391389283
63,185,185,2020-02-13,41250.0,-400.0,951609,273582,609808,-336226,481038,181784,299254,36972,196989,160017,20.7006238906946,-2.313179354164724,16.81541473441298,-11.930512942758453,3.8852091562816233,-35.3323686514104,31.447159495128776
64,184,184,2020-02-14,41650.0,400.0,984696,472204,371358,100846,285876,330278,-44402,-56444,226616,283060,23.013803244859325,-0.2051648783133828,28.74592767717143,19.07387025017605,-5.732124432312103,10.241333365830672,-4.509208933518568
65,183,183,2020-02-17,41450.0,-200.0,776081,391484,295260,96224,204399,405758,-201359,105135,180198,75063,23.21896812317271,12.219044709687054,9.672057426995378,-3.4984760351350612,13.546910696177333,12.398705805193016,-25.945616501370345
66,182,182,2020-02-18,41350.0,-100.0,809542,337521,417401,-79880,382972,285520,97452,-17572,89049,106621,10.999923413485654,-7.071773661787107,13.17053346213044,-0.1084005557785499,-2.170610048644789,-9.867307687556668,12.037917736201456
67,181,181,2020-02-19,41300.0,-50.0,818025,317066,350315,-33249,353128,359085,-5957,39206,147831,108625,18.071697075272766,0.9016170417215754,13.278934017908993,3.1072463235043486,4.792763057363771,-4.064545704593382,-0.7282173527703921
68,180,180,2020-02-20,40550.0,-750.0,1144520,522390,512998,9392,425615,515105,-89490,80098,196515,116417,17.170080033551184,-0.05009913499061725,10.17168769440464,-0.11037042672515618,6.998392339146543,0.8206060182434558,-7.818998357389997
69,179,179,2020-02-21,40050.0,-500.0,971041,400042,382689,17353,403784,488509,-84725,67372,167215,99843,17.2201791685418,-6.7552987506230355,10.282058121129797,-7.863016802765743,6.938121047412005,1.7870512161690393,-8.725172263581044
70,178,178,2020-02-24,38600.0,-1450.0,1185870,493281,461621,31660,408271,509072,-100801,69141,284318,215177,23.975477919164835,-2.411345297248872,18.14507492389554,10.510681068589175,5.830402995269296,2.6697698735949134,-8.50017286886421
71,177,177,2020-02-25,38150.0,-450.0,1407263,564586,571342,-6756,471345,728485,-257140,263896,371332,107436,26.386823216413703,15.635843664846814,7.634393855306362,-2.659818169368325,18.752429361107346,-0.4800808377680647,-18.272348523339275
72,176,176,2020-02-26,38150.0,0.0,1168647,630611,581404,49207,412395,466940,-54545,5338,125641,120303,10.750979551566896,-2.6657830499001705,10.294212024674687,-1.022266521203658,0.4567675268922096,4.2105956717469,-4.66736319863911
73,175,175,2020-02-27,37700.0,-450.0,1053667,563889,590604,-26715,348410,343825,4585,22130,141368,119238,13.416762601467068,-8.529769569106893,11.316478545878349,-11.023293065454393,2.1002840555887197,-2.5354310232739565,0.4351469676852364
74,174,174,2020-02-28,36250.0,-1450.0,1633356,649224,572621,76603,625667,695847,-70180,-6423,358465,364888,21.94653217057396,1.7667491553960244,22.339771611332736,15.6714902945565,-0.3932394407587813,4.6899145073088775,-4.296675066550097
75,173,173,2020-03-02,34500.0,-1750.0,2981038,731465,708742,22723,1648006,2073512,-425506,402783,601567,198784,20.179783015177936,-4.506225698872708,6.668281316776238,-11.773248055071187,13.511501698401696,0.7622512695242395,-14.273752967925935
76,172,172,2020-03-03,34900.0,400.0,1411743,460756,618928,-158172,602484,532468,70016,88156,348503,260347,24.68600871405065,8.264723973977926,18.441529371847427,2.7991283659570207,6.2444793422032205,-11.204022261842274,4.959542919639057
77,171,171,2020-03-04,35750.0,850.0,1614490,452025,544053,-92028,897345,817892,79453,12575,265120,252545,16.421284740072718,-19.74675803943313,15.642401005890406,5.551782989775464,0.7788837341823115,-5.700128213863201,4.921244479680889
78,170,170,2020-03-05,35900.0,150.0,963826,415855,547080,-131225,199374,319490,-120116,251341,348597,97256,36.16804277950585,-1.7749155604575009,10.090618016114943,-1.6131177735634576,26.077424763390898,-13.615009348160353,-12.46241541523055
79,169,169,2020-03-06,34650.0,-1250.0,1357464,364049,620979,-256930,478353,577611,-99258,356188,515062,158874,37.94295833996335,3.675820745492949,11.7037357896784,-7.660511675286847,26.239222550284943,-18.92720543601893,-7.312017114266013
80,168,168,2020-03-09,33000.0,-1650.0,1316550,373199,643846,-270647,492207,417764,74443,196204,451144,254940,34.2671375944704,-1.5781725940324378,19.36424746496525,4.791554387192836,14.902890129505145,-20.557289886445638,5.654399756940489
81,167,167,2020-03-10,31950.0,-1050.0,1625705,520047,601686,-81639,522919,787110,-264191,345830,582739,236909,35.84531018850284,13.411105794878873,14.572693077772415,-6.183871277269003,21.272617110730426,-5.021759790367871,-16.250857320362552
82,166,166,2020-03-11,31800.0,-150.0,1512601,520309,682345,-162036,652952,516292,136660,25376,339340,313964,22.43420439362397,3.34724782545062,20.756564355041405,1.913642812569176,1.6776400385825476,-10.712408625936384,9.034768587353836
83,165,165,2020-03-12,30500.0,-1300.0,1872682,715118,781344,-66226,800126,738470,61656,4570,357438,352868,19.086956568173346,-8.465635021493423,18.84292154247224,-1.206087121366494,0.24403502570110674,-3.536425298048467,3.2923902723473613
84,164,164,2020-03-13,28850.0,-1650.0,2777060,1173677,911139,262538,838231,1309148,-470917,208379,765152,556773,27.552591589666772,-14.27925875022094,20.049008663838734,2.165739771912396,7.5035829258280335,9.453810864727446,-16.95739379055548
85,163,163,2020-03-16,27100.0,-1750.0,1862674,390950,706031,-315081,692533,823536,-131003,446084,779191,333107,41.83185033988771,-10.286610517322023,17.88326889192634,-13.051291596868387,23.948581447961374,-16.915520375546123,-7.033061072415247
86,162,162,2020-03-17,25350.0,-1750.0,2682844,529807,563319,-33512,754780,1289599,-534819,568331,1398257,829926,52.11846085720973,15.95697246889904,30.934560488794734,0.0688483667646338,21.183900368415014,-1.2491222001726523,-19.93477816824236
87,161,161,2020-03-18,25300.0,-50.0,2019043,267753,723451,-455698,1021174,672400,348774,106924,730116,623192,36.16148838831069,0.5477510419174791,30.865712122030093,-2.5365127089297808,5.295776266280608,-22.569999747405078,17.274223481124473
88,160,160,2020-03-19,22550.0,-2750.0,2305074,844899,694023,150876,639252,841105,-201853,50977,820923,769946,35.613737346393215,-8.774700538230398,33.402224830959874,2.818364736363403,2.2115125154333444,6.5453863954042255,-8.75689891083757
89,159,159,2020-03-20,24150.0,1600.0,3015123,889084,787347,101737,787673,1305635,-517962,416225,1338366,922141,44.38843788462361,-19.76958415109977,30.583860094596467,-0.19580338732854585,13.80457779002714,3.374223870800628,-17.178801660827766
90,158,158,2020-03-23,21500.0,-2650.0,2365341,412327,646289,-233962,435458,991008,-555550,789512,1517556,728044,64.15802203572339,10.464869321049905,30.779663481925017,-8.702524430862955,33.37835855379837,-9.891258807926636,-23.48709974587174
91,157,157,2020-03-24,23100.0,1600.0,2947942,739852,500265,239587,625247,1283765,-658518,418931,1582843,1163912,53.69315271467349,-3.5393059117146213,39.482187912787964,-7.454568140572611,14.210964801885519,8.127263019421685,-22.3382278213072
92,156,156,2020-03-25,25150.0,2050.0,5010440,1351149,871734,479415,791693,1786968,-995275,515860,2867598,2351738,57.23245862638811,-2.306791146479867,46.936756053360575,6.769372391009745,10.29570257302752,9.568321345031574,-19.864023918059093
93,155,155,2020-03-26,25050.0,-100.0,3897513,896098,936901,-40803,680865,1395083,-714218,755021,2320550,1565529,59.539249772867976,9.945146505591616,40.16738366235085,-5.934663991560023,19.371866110517143,-1.0468983682671489,-18.324967742249992
94,154,154,2020-03-27,25500.0,450.0,2820545,589991,609373,-19382,831730,910843,-79113,98495,1398824,1300329,49.59410326727637,7.374140361448744,46.10204765391086,15.364215876234304,3.4920556133655016,-0.6871721599903565,-2.8048834533751457
95,153,153,2020-03-30,24950.0,-550.0,1986835,437634,516642,-79008,710360,859483,-149123,228131,838841,610710,42.219962905827614,1.4403884469459385,30.737831777676554,-13.129058318879226,11.482131128151055,-3.9765758102711097,-7.505555317879945
96,152,152,2020-03-31,26000.0,1050.0,2219339,366941,454821,-87880,947361,790963,156398,-68518,905037,973555,40.779574458881676,-21.683812840359074,43.86689009655578,0.986988971585042,-3.0873156376741004,-3.9597375614991672,7.047053199173268
97,151,151,2020-04-01,25550.0,-450.0,2170012,467630,516884,-49254,346919,722629,-375710,424964,1355463,930499,62.46338729924075,16.04679862239842,42.879901124970736,5.900000791142126,19.583486174270003,-2.2697570336016577,-17.313729140668347
98,150,150,2020-04-02,25800.0,250.0,1658336,476704,442255,34449,411889,602830,-190941,156492,769743,613251,46.41658867684233,-14.61299061990785,36.97990033382861,0.6827758840229592,9.43668834301372,2.077323292746464,-11.514011635760186
99,149,149,2020-04-03,25400.0,-400.0,1461529,296073,384717,-88644,273491,546319,-272828,361472,891965,530493,61.029579296750185,9.589404231675736,36.29712444980565,-23.73885960013064,24.73245484694453,-6.065155053372187,-18.667299793572347
100,148,148,2020-04-06,26800.0,1400.0,1721874,580493,182346,398147,255646,505784,-250138,-148009,885735,1033744,51.440175065074435,-6.119129768110888,60.03598404993628,7.170958044608369,-8.595808984861842,23.122888202040333,-14.527079217178493
101,147,147,2020-04-07,28250.0,1450.0,2680220,563825,425412,138413,573679,837909,-264230,125817,1542716,1416899,57.55930483318533,7.471904036422572,52.86502600532792,12.371401675832011,4.6942788278574135,5.16424024893479,-9.858519076792204
102,146,146,2020-04-08,28250.0,0.0,2550320,591367,466652,124715,681564,1050951,-369387,244672,1277389,1032717,50.08740079676277,-5.9318870422181424,40.49362432949591,-19.919102840472807,9.593776467266851,4.89017064525236,-14.483947112519214
103,145,145,2020-04-09,30150.0,1900.0,3167177,1130973,623936,507037,261974,629863,-367889,-139148,1774230,1913378,56.019287838980894,-23.519967022419692,60.41272716996872,0.7470471145743076,-4.3934393309878175,16.009114741613747,-11.61567541062593
104,144,144,2020-04-10,31000.0,850.0,2293372,266371,509354,-242983,202870,415662,-212792,455775,1824131,1368356,79.5392548614006,4.8545389869812245,59.665680055394404,6.272636555475351,19.87357480600618,-10.595010316686519,-9.278564489319656
105,143,143,2020-04-13,29500.0,-1500.0,2007475,305734,490971,-185237,202464,444652,-242188,427425,1499277,1071852,74.68471587441937,15.011624578402905,53.39304349991906,5.896925984616133,21.291672374500305,-9.227362731789936,-12.064309642710368
106,142,142,2020-04-14,29850.0,350.0,1717972,387980,242399,145581,304825,659603,-354778,209197,1025167,815970,59.673091296016466,-1.1014541251724737,47.49611751530293,17.074205652507167,12.176973780713539,8.47400306873453,-20.65097684944807
107,141,141,2020-04-16,29000.0,-850.0,2289317,376750,368391,8359,521245,1224472,-703227,694868,1391322,696454,60.77454542118894,9.650725486826316,30.421911862795767,-23.55742391629057,30.35263355839318,0.3651307354988409,-30.71776429389202
108,140,140,2020-04-17,29900.0,900.0,1965039,387695,299045,88650,572741,605279,-32538,-56112,1004603,1060715,51.12381993436262,-19.016939253736574,53.97933577908634,10.633093468441992,-2.8555158447236924,4.511360843219905,-1.6558449984962131
109,139,139,2020-04-20,29350.0,-550.0,1597338,297413,501139,-203726,179540,403813,-224273,427999,1120385,692386,70.14075918809921,9.515272106835509,43.34624231064434,2.724350877090714,26.794516877454864,-12.754094624932229,-14.040422252522635
110,138,138,2020-04-21,28850.0,-500.0,2441841,360238,691642,-331404,601225,758277,-157052,488456,1480378,991922,60.625487081263685,-5.992632987899723,40.62189143355362,-2.4899248082786727,20.003595647710068,-13.571891044502896,-6.431704603207169
111,137,137,2020-04-22,28400.0,-450.0,2420355,485863,598232,-112369,322097,778664,-456567,568936,1612395,1043459,66.61812006916341,24.242378668645426,43.11181624183229,-17.48986099777664,23.506303827331113,-4.642666055186119,-18.863637772144997
112,136,136,2020-04-23,28800.0,400.0,1963345,832070,406543,425527,299293,366982,-67689,-357838,831982,1189820,42.375741400517995,-33.26113932909083,60.601677239608925,29.614934756837524,-18.22593583909094,21.673572398126666,-3.4476365590357267
113,135,135,2020-04-24,27700.0,-1100.0,2200412,324752,1095778,-771026,211337,422798,-211461,982487,1664323,681836,75.63688072960882,31.725358919298486,30.98674248277141,-33.914701836361274,44.65013824683741,-35.04007431335586,-9.610063933481547
114,134,134,2020-04-27,28600.0,900.0,1374350,501485,199092,302393,269367,283285,-13918,-288475,603498,891973,43.911521810310326,4.445564339994184,64.90144431913268,7.319353337723761,-20.989922508822357,22.002619420089502,-1.0126969112671445
115,133,133,2020-04-28,29250.0,650.0,2172224,777029,399751,377278,537906,521661,16245,-393523,857289,1250812,39.46595747031614,10.028003962997376,57.58209098140892,20.10146559784883,-18.116133511092784,17.368282460740698,0.7478510503520815
116,132,132,2020-04-29,29650.0,400.0,1875521,412378,377176,35202,911028,795388,115640,-150842,552115,702957,29.437953507318763,-15.021333003854457,37.480625383560096,16.859149078836705,-8.042671876241323,1.8769184669219916,6.16575340931933
117,131,131,2020-05-04,28700.0,-950.0,1876049,459305,448996,10309,582666,1040184,-457518,447209,834078,386869,44.45928651117322,9.42587869906992,20.621476304723387,-18.642152582064877,23.837810206449827,0.5495059030974138,-24.387316109547246
118,130,130,2020-05-06,29150.0,450.0,1579421,515264,280782,234482,510832,678501,-167669,-66813,553325,620138,35.0334078121033,-6.223265452847812,39.26362888678826,9.865197478954297,-4.2302210746849624,14.846073339533918,-10.615852264848954
119,129,129,2020-05-07,29000.0,-150.0,1333680,592443,350721,241722,191005,590878,-399873,158151,550232,392081,41.25667326495111,9.651463473331253,29.398431407833968,-48.42337101990704,11.85824185711715,18.124437646211984,-29.98267950332913
120,128,128,2020-05-08,30500.0,1500.0,2777232,978595,404936,573659,920887,211004,709883,-1283542,877750,2161292,31.60520979161986,-15.345258917112606,77.821802427741,26.26271626404529,-46.21659263612114,20.655782448135408,25.56081018798573
121,127,127,2020-05-11,30550.0,50.0,2487579,799752,673832,125920,519897,531174,-11277,-114643,1167930,1282573,46.95046870873247,-13.663376358732847,51.55908616369571,19.064809314201728,-4.608617454963238,5.061949791343309,-0.4533323363800708
122,126,126,2020-05-12,29700.0,-850.0,1967011,307890,549660,-241770,466840,778185,-311345,553115,1192281,639166,60.61384506746531,17.429734899104258,32.49427684949398,-7.573320642050617,28.11956821797133,-12.291237822259257,-15.828330395712072
123,125,125,2020-05-13,29700.0,0.0,1311883,378666,337313,41353,366692,448930,-82238,40885,566525,525640,43.184110168361045,-13.989002688127695,40.067597491544596,21.21929688043821,3.1165126768164537,3.1521865898102197,-6.2686992666266725
124,124,124,2020-05-14,28700.0,-1000.0,2081307,570091,924621,-354530,321268,764395,-443127,797657,1189948,392291,57.17311285648874,18.55698145950421,18.848300611106385,-22.711503640671786,38.324812245382354,-17.034007957499778,-21.290804287882565
125,123,123,2020-05-15,29100.0,400.0,1261825,487041,358538,128503,287516,378875,-91359,-37144,487268,524412,38.61613139698453,17.287856020051876,41.559804251778175,13.23362926888155,-2.9436728547936517,10.183900303132367,-7.2402274483387155
126,122,122,2020-05-18,29350.0,250.0,1708727,572386,502622,69764,771899,722088,49811,-119575,364442,484017,21.32827537693265,-4.608318223275153,28.326174982896624,-33.75532538184476,-6.997899605963973,4.082805503746356,2.9150941022176164
127,121,121,2020-05-19,31700.0,2350.0,5443583,2332154,809983,1522171,1699549,1254142,445407,-1967578,1411880,3379458,25.93659360020781,-37.370707178128185,62.08150036474138,25.249556850595287,-36.14490676453358,27.96266723589959,8.182239528633987
128,120,120,2020-05-20,30850.0,-850.0,1969201,566289,532429,33860,156264,711477,-555213,521353,1246648,725295,63.30730077833599,0.8463019712426599,36.831943514146104,1.5765547960211066,26.475357264189892,1.7194791186882394,-28.194836382878126
129,119,119,2020-05-21,30600.0,-250.0,2071411,621773,494289,127484,155814,846838,-691024,563540,1293824,730284,62.460998807093326,13.347889061189187,35.255388718124976,2.4294272946350968,27.205610088968342,6.154452206732513,-33.36006229570085
130,118,118,2020-05-22,30100.0,-500.0,1764649,412141,785080,-372939,485834,400306,85528,287411,866674,579263,49.11310974590414,-3.1715155663134884,32.82596142348989,-11.861678930205862,16.28714832241426,-21.133891215760187,4.846742893345929
131,117,117,2020-05-25,30400.0,300.0,1126618,403309,501804,-98495,134261,121355,12906,85589,589048,503459,52.284625312217635,7.239698256763559,44.68764035369575,-23.47284215057105,7.596984958521878,-8.742537399544478,1.1455524410226003
132,116,116,2020-05-26,31500.0,1100.0,2664764,992263,390599,601664,472160,457849,14311,-615975,1200341,1816316,45.04492705545408,-1.0543662456805194,68.1604825042668,6.302626505546449,-23.11555544881273,22.578509766718554,0.5370456820941742
133,115,115,2020-05-27,31950.0,450.0,2250605,883010,488260,394750,330082,370169,-40087,-354663,1037513,1392176,46.099293301134594,10.326142605815974,61.85785599872034,9.334682849017991,-15.75856269758576,17.539728206415607,-1.7811655088298481
134,114,114,2020-05-28,32100.0,150.0,2215603,616145,516099,100046,806867,535799,271068,-371114,792591,1163705,35.773150695318606,7.788247236476297,52.52317314970236,-1.6752184049104957,-16.75002245438375,4.515520154107032,12.23450230027672
135,113,113,2020-05-29,34250.0,2150.0,5053078,1108124,1011961,96163,2530855,1302430,1228425,-1324588,1414099,2738687,27.984903458842314,-15.85179168914078,54.198391554612854,4.649773745465276,-26.21348809577054,1.9030578985719198,24.310430197198617
136,112,112,2020-06-01,34600.0,350.0,2524579,757764,833392,-75628,660123,440293,219830,-144202,1106692,1250894,43.83669514798309,5.338497047753272,49.54861780914758,-10.528150381289775,-5.711922661164495,-2.9956677925309525,8.707590453695447
137,111,111,2020-06-02,36500.0,1900.0,3154171,1100976,868719,232257,838896,390528,448368,-680625,1214299,1894924,38.49819810022982,-12.821899353172785,60.076768190437356,19.966928433938808,-21.57857009020754,7.363487902209487,14.215082187998052
138,110,110,2020-06-03,36800.0,300.0,3786425,1414811,1081158,333653,428417,1186538,-758121,424468,1943197,1518729,51.3200974534026,4.000958256752283,40.109839756498545,1.1853942298160758,11.210257696904073,8.81182117696772,-20.022078873871788
139,109,109,2020-06-04,36000.0,-800.0,2735073,999632,904773,94859,441228,765688,-324460,229601,1294213,1064612,47.319139196650326,10.748522469491816,38.92444552668247,-1.4795178072987625,8.394693669967857,3.468243809214598,-11.862937479182458
140,108,108,2020-06-05,36550.0,550.0,1795559,831991,579556,252435,306921,490526,-183605,-68830,656647,725477,36.57061672715851,5.679451081977702,40.40396333398123,-0.09813700698396843,-3.833346606822722,14.058852981160744,-10.22550637433802
141,107,107,2020-06-08,37450.0,900.0,2553633,825828,1192909,-367081,938958,326449,612509,-245428,788847,1034275,30.891165645180806,-12.561666788377096,40.50210034096521,10.620400360299216,-9.610934695784398,-14.374853395143314,23.98578809092771
142,106,106,2020-06-09,36700.0,-750.0,2151648,694040,845948,-151908,522656,662751,-140095,292003,934952,642949,43.4528324335579,-6.4395970570412615,29.881699980665974,1.4235397744912603,13.571132452891927,-7.060076741176996,-6.511055711714929
143,105,105,2020-06-10,36100.0,-600.0,1597092,582659,563005,19654,217605,579584,-361979,342325,796828,454503,49.892429490599156,1.9199618882494889,28.458160206174718,-4.361892706250732,21.434269284424442,1.2306116366496107,-22.66488092107405
144,104,104,2020-06-11,35700.0,-400.0,2230100,668025,1178416,-510391,492241,319764,172477,337914,1069834,731920,47.97246760234968,1.4123257905142594,32.82005291242545,-14.587125813807495,15.152414689924221,-22.88646249047128,7.734047800547061
145,103,103,2020-06-12,35000.0,-700.0,2008295,805818,744455,61363,267412,311764,-44352,-17011,935065,952076,46.56014181183542,-14.33996360793715,47.40717872623296,11.791868684937313,-0.8470369143975363,3.0554774074525906,-2.208440493055054
146,102,102,2020-06-15,32200.0,-2800.0,2407518,493442,1014732,-521290,447895,535341,-87446,608736,1466181,857445,60.900105419772565,24.18326779691175,35.61531004129564,-8.956317479527094,25.28479537847692,-21.652589928714967,-3.6322054497619534
147,101,101,2020-06-16,34250.0,2050.0,1866950,677401,471623,205778,504064,563197,-59133,-146645,685485,832130,36.716837622860815,-19.95158902432977,44.571627520822716,13.533188615794227,-7.854789897961918,11.022148423899944,-3.1673585259380275
148,100,100,2020-06-17,33250.0,-1000.0,1719716,486801,685637,-198836,258379,500306,-241927,440763,974536,533773,56.66842664719058,22.16048313781975,31.03843890502851,-13.891118653381026,25.62998774216208,-11.562141655947842,-14.067846086214235
149,99,99,2020-06-18,33400.0,150.0,1287718,581920,510709,71211,261433,198443,62990,-134201,444365,578566,34.50794350937084,-4.916369922822518,44.92955755840953,26.76275009871041,-10.421614049038688,5.530015112004336,4.891598937034352
150,98,98,2020-06-19,33050.0,-350.0,1486816,432570,643814,-211244,468079,572895,-104816,316060,586167,270107,39.42431343219336,-5.903744842378643,18.166807459699115,-11.827973219234714,21.257505972494247,-14.207810515894367,-7.049695456599874
151,97,97,2020-06-22,32500.0,-550.0,1231961,309196,586864,-277668,364341,275573,88768,188900,558424,369524,45.328058274572,4.101974894414319,29.99478067893383,1.1724177584077715,15.333277595638174,-22.538700494577345,7.205422898939171
152,96,96,2020-06-23,32250.0,-250.0,1553679,631571,712573,-81002,281587,393299,-111712,192714,640521,447807,41.22608338015768,-3.0994588527226767,28.822362920526057,-29.17228669311637,12.403720459631625,-5.213560844936438,-7.190159614695184
153,95,95,2020-06-24,33750.0,1500.0,2345625,915199,607382,307817,390715,377906,12809,-320626,1039711,1360337,44.325542232880366,-22.047474913951092,57.99464961364242,28.636251411250964,-13.669107380762055,13.123026911803892,0.5460804689581668
154,94,94,2020-06-25,32550.0,-1200.0,1495320,331905,709389,-377484,170926,346929,-176003,553487,992489,439002,66.37301714683143,26.02604363058591,29.358398202391466,-12.292189552360561,37.014618944439995,-25.24436241072145,-11.770256533718536
155,93,93,2020-06-26,33050.0,500.0,1329381,469515,385747,83768,323501,389939,-66438,-17330,536365,553695,40.346973516245534,-22.323057111893306,41.650587754752024,9.336234129152047,-1.3036142385064928,6.30127856498626,-4.997664326479769
156,92,92,2020-06-29,32100.0,-950.0,1259626,311107,480722,-169615,159111,371864,-212753,382368,789408,407040,62.67003062813882,21.489293062939943,32.31435362559998,-5.039176600635045,30.35567700253885,-13.46550484032562,-16.89017216221323
157,91,91,2020-06-30,32050.0,-50.0,1193847,400605,247448,153157,301607,500455,-198848,45691,491635,445944,41.18073756519889,6.04485117372495,37.35353022623502,6.782142978267782,3.827207338963871,12.828863330058207,-16.656070669022082
158,90,90,2020-07-01,32200.0,150.0,885004,341279,371735,-30456,232771,242711,-9940,40396,310954,270558,35.13588639147394,-8.074281769781685,30.571387247967237,-1.032464020276734,4.564499143506696,-3.4413403781225846,-1.1231587653841113
159,89,89,2020-07-02,32200.0,0.0,1062611,320421,222657,97764,283034,504128,-221094,123330,459156,335826,43.210168161255616,-18.04192455336904,31.60385126824397,-0.6264641177650141,11.606316893011648,9.20035648040534,-20.806673373416988
160,88,88,2020-07-03,32150.0,-50.0,916274,200831,171346,29485,154206,449610,-295404,265919,561237,295318,61.25209271462465,17.691751069752904,32.23031538600899,-28.153709334535307,29.02177732861568,3.2179238961271412,-32.239701224742824
161,87,87,2020-07-06,32950.0,800.0,1611615,444867,287535,157332,464723,350922,113801,-271133,702025,973158,43.56034164487176,-8.940554627482129,60.3840247205443,31.665143720106744,-16.823683075672538,9.762381213875523,7.061301861797018
162,86,86,2020-07-07,32200.0,-750.0,1771225,421678,533369,-111691,419638,729180,-309542,421233,929909,508676,52.500896272353884,24.55031864558044,28.718881000437552,-28.699989040284336,23.78201527191633,-6.3058617623396245,-17.476153509576704
163,85,85,2020-07-08,32850.0,650.0,1704734,597730,399454,198276,630521,326441,304080,-502356,476483,978839,27.950577626773445,-17.91169680586553,57.41887004072189,29.825776411863128,-29.46829241394845,11.630905466776635,17.837386947171815
164,84,84,2020-07-09,32500.0,-350.0,1154644,413011,598299,-185288,212087,237743,-25656,210944,529546,318602,45.862274432638976,-15.507644442245693,27.59309362885877,-2.695025497463014,18.26918080378021,-16.047197231354428,-2.2219835724257866
165,83,83,2020-07-10,32050.0,-450.0,1064282,310667,510597,-199930,100466,231334,-130868,330798,653149,322351,61.36991887488468,28.479615559328646,30.28811912632178,-44.564628459819204,31.08179974856288,-18.78543468742307,-12.296365061139813
166,82,82,2020-07-13,33800.0,1750.0,1924926,591555,314222,277333,700257,169844,530413,-807746,633114,1440860,32.890303315556025,-18.579592089066647,74.85274758614099,26.617343614261326,-41.96244427058495,14.407462936237547,27.5549813343474
167,81,81,2020-07-14,34000.0,200.0,1413638,399714,509257,-109543,286326,222507,63819,45724,727598,681874,51.469895404622676,3.395809499839636,48.23540397187964,-19.201028275304367,3.2344914327430363,-7.749013538119378,4.514522105376341
168,80,80,2020-07-15,35200.0,1200.0,2955272,1022038,582386,439652,512514,379956,132558,-572210,1420720,1992930,48.07408590478304,6.4666098819502125,67.43643224718402,14.595307777388562,-19.36234634240097,14.876870893778982,4.4854754486219885
169,79,79,2020-07-16,35300.0,100.0,1891487,760909,560589,200320,343578,331415,12163,-212483,787000,999483,41.60747602283283,-11.452098194998273,52.84112446979545,-23.35598356360845,-11.233648446962626,10.590609398848633,0.643039048113997
170,78,78,2020-07-17,36800.0,1500.0,2720640,883863,469974,413889,393217,177617,215600,-629489,1443560,2073049,53.059574217831106,3.234716226496289,76.19710803340391,8.175414358277251,-23.137533815572805,15.212927840508115,7.924605975064691
171,77,77,2020-07-20,38000.0,1200.0,2899647,772725,690159,82566,682177,237099,445078,-527644,1444745,1972389,49.82485799133481,-22.62265727080367,68.02169367512666,21.674133965302094,-18.196835683791853,2.847450051678704,15.349385632113151
172,76,76,2020-07-21,36700.0,-1300.0,3208266,642857,649176,-6319,241100,1072137,-831037,837356,2324309,1486953,72.44751526213848,20.691279024936808,46.34755970982456,-3.3306649639603165,26.09995555231393,-0.19695997775745527,-25.902995574556474
173,75,75,2020-07-22,35800.0,-900.0,2156629,650103,720202,-70099,390336,365052,25284,44815,1116190,1071375,51.75623623720167,6.113672400641308,49.67822467378488,2.5562521288403635,2.0780115634167955,-3.2503967998204604,1.172385236403665
174,74,74,2020-07-23,36700.0,900.0,2882165,1162443,1032237,130206,404228,491795,-87567,-42639,1315494,1358133,45.64256383656036,8.484113982914707,47.1219725449445,-13.134284512180564,-1.4794087083841487,4.517645589339958,-3.0382368809558087
175,73,73,2020-07-24,36900.0,200.0,2719769,1205263,798151,407112,503882,282787,221095,-628207,1010624,1638831,37.158449853645656,1.8323822744457128,60.25625705712508,6.640010933369559,-23.09780720347941,14.968624173597094,8.129183029882316
176,72,72,2020-07-27,37700.0,800.0,2159629,833515,683263,150252,563202,318454,244748,-395000,762912,1157912,35.326067579199936,-6.255305473278893,53.61624612375552,-1.3628005036819744,-18.29017854455557,6.9573060928520585,11.33287245170351
177,71,71,2020-07-28,37700.0,0.0,1698056,688806,612846,75960,303175,151635,151540,-227500,706075,933575,41.58137305247885,1.6278189447736295,54.9790466274375,-17.875528468884962,-13.397673574958658,4.473350702214769,8.92432287274389
178,70,70,2020-07-29,39650.0,1950.0,3410420,1221876,783747,438129,825960,142026,683934,-1122063,1362584,2484647,39.95355410770521,-24.46186574252551,72.85457509632245,3.90343731610642,-32.90102098861724,12.846775470469911,20.05424551814733
179,69,69,2020-07-30,40700.0,1050.0,2577431,825165,680125,145040,92003,120138,-28135,-116905,1660263,1777168,64.41541985023072,16.102102747665654,68.95113778021603,22.408048622089645,-4.5357179299853225,5.627308742697671,-1.091590812712348
180,68,68,2020-07-31,40400.0,-300.0,1812196,597524,597003,521,339140,371741,-32601,32080,875532,843452,48.31331710256506,-6.9412599438575935,46.54308915812639,-3.9519408035640993,1.770227944438681,0.028749649596401267,-1.7989775940350825
181,67,67,2020-08-03,39700.0,-700.0,1823829,644061,476288,167773,172019,426598,-254579,86806,1007749,920943,55.25457704642265,14.633427082302113,50.49502996169046,-5.0116410151815245,4.759547084732176,9.198943541307877,-13.958490626040053
182,66,66,2020-08-04,41150.0,1450.0,1998358,774198,478835,295363,412404,410301,2103,-297466,811756,1109222,40.62114996412055,-10.447368548231566,55.50667097687201,3.919893181704971,-14.885521012751468,14.780284613667819,0.10523639908364768
183,65,65,2020-08-05,41100.0,-50.0,1501565,407769,442633,-34864,326969,284323,42646,-7782,766827,774609,51.068518512352114,-1.946574216894135,51.58677779516704,-9.930854474299279,-0.5182592828149297,-2.3218442092083924,2.840103492023322
184,64,64,2020-08-06,42150.0,1050.0,2504981,982331,743144,239187,194632,220832,-26200,-212987,1328018,1541005,53.015092729246255,7.656892758231933,61.517632269466326,7.717661966459191,-8.502539540220065,9.548455656949097,-1.0459161167290292
185,63,63,2020-08-07,42250.0,100.0,2249386,710294,722111,-11817,518811,317106,201705,-189888,1020281,1210169,45.358199971014315,-10.151705621542447,53.79997030300714,-12.786756442107531,-8.441770331992817,-0.5253433603658954,8.967113692358717
186,62,62,2020-08-10,46350.0,4100.0,6774254,1960266,1926981,33285,1053606,336519,717087,-750372,3760382,4510754,55.509905592556755,0.03844991705087608,66.58672674511466,11.853710351504645,-11.076821152557905,0.4913456153253185,10.585475537232586
187,61,61,2020-08-11,47200.0,850.0,3721633,1002963,1006824,-3861,654226,677847,-23621,27482,2064444,2036962,55.47145567550589,1.3978212888002801,54.73301639361002,12.795655507726927,0.7384392818958774,-0.10374478085292127,-0.6346945010429561
188,60,60,2020-08-12,45250.0,-1950.0,2734266,823684,731713,91971,432065,855874,-423809,331838,1478517,1146679,54.073634386705606,14.242065114091766,41.937360885883095,6.9632262063151575,12.136273500822526,3.3636449416406453,-15.49991844246317
189,59,59,2020-08-13,44900.0,-350.0,2245671,654340,773127,-118787,696845,687140,9705,109082,894486,785404,39.83156927261385,-2.1311743978293047,34.974134679567925,-13.833274982115213,4.85743459304591,-5.289599411489929,0.4321648184440196
190,58,58,2020-08-14,44400.0,-500.0,1557534,641638,408921,232717,262312,388421,-126109,-106608,653584,760192,41.962743670443146,7.304946828657543,48.80740966168314,-0.3553767202043616,-6.844665991239999,14.941375276558972,-8.096709285318973
191,57,57,2020-08-18,42700.0,-1700.0,1896768,654489,550531,103958,584901,413733,171168,-275126,657378,932504,34.657796841785604,-13.009280949071368,49.16278638188752,17.502112486398758,-14.5049895401019,5.480796808044,9.0241927320579
192,56,56,2020-08-19,42300.0,-400.0,2489110,583620,500655,82965,719004,1200386,-481382,398417,1186486,788069,47.66707779085697,-1.0207184925214463,31.66067389548875,-21.523546887361718,16.006403895368226,3.3331190666543464,-19.33952296202257
193,55,55,2020-08-20,40250.0,-2050.0,2611942,556318,755426,-199108,783927,467375,316552,-117444,1271697,1389141,48.68779628337842,14.448287772701445,53.18422078285047,11.612966342718785,-4.49642449947204,-7.622987034168446,12.119411533640484
194,54,54,2020-08-21,40750.0,500.0,1815543,533752,617598,-83846,660158,443201,216957,-133111,621633,754744,34.23950851067697,1.43448445462748,41.57125444013168,7.935631532564558,-7.331745929454714,-4.6182326719884905,11.949978601443204
195,53,53,2020-08-24,41550.0,800.0,1804120,540771,458792,81979,671507,738501,-66994,-14985,591842,606827,32.80502405604949,-15.535469044412105,33.635622907567125,-17.866549333969157,-0.8305988515176375,4.5439882047757365,-3.713389353258098
196,52,52,2020-08-25,43000.0,1450.0,2755909,1023376,754431,268945,400313,582125,-181812,-87133,1332220,1419353,48.3404931004616,4.030139294593589,51.50217224153629,14.778075354075707,-3.1616791410746874,9.75884907665674,-6.597169935582053
197,51,51,2020-08-26,43200.0,200.0,1613088,504171,644421,-140250,394152,376275,17877,122373,714765,592392,44.310353805868,1.5311992773099448,36.72409688746058,-3.841330264115293,7.586256918407428,-8.694503957626614,1.108247039219187
198,50,50,2020-08-27,42200.0,-1000.0,1517260,435376,604341,-168965,432813,297436,135377,33588,649071,615483,42.77915452855807,-8.412618095254835,40.56542715157587,-18.469823221236307,2.213727376982192,-11.136192873996546,8.922465497014354
199,49,49,2020-08-28,42750.0,550.0,2038560,703846,514323,189523,291139,320768,-29629,-159894,1043575,1203469,51.191772623812895,12.310669169551167,59.03525037281218,21.022350460149685,-7.843477748999294,9.296905658896476,-1.4534279098971823
200,48,48,2020-08-31,42450.0,-300.0,2765135,1213994,700132,513862,476026,1013895,-537869,24007,1075115,1051108,38.881103454261726,5.449184891703752,38.01289991266249,8.820929517325649,0.8682035415992347,18.583613458294078,-19.451816999893317
201,47,47,2020-09-01,43150.0,700.0,1787286,699961,718034,-18073,489801,547508,-57707,75780,597524,521744,33.43191856255797,-26.493099392157866,29.19197039533684,-7.1267049856521005,4.239948167221138,-1.011197983982418,-3.2287501832387204
202,46,46,2020-09-02,42200.0,-950.0,1776692,503508,642517,-139009,208501,488904,-280403,419412,1064683,645271,59.92501795471584,26.7033562243608,36.318675380988935,2.2391339031682023,23.606342573726906,-7.824034779241423,-15.782307794485481
203,45,45,2020-09-03,42700.0,500.0,1405908,435398,450181,-14783,503444,476600,26844,-12061,467066,479127,33.221661730355045,3.1258378408424536,34.07954147782074,-7.505352292434927,-0.8578797474656947,-1.051491278234422,1.9093710257001169
204,44,44,2020-09-04,42150.0,-550.0,1510688,488692,693309,-204617,567342,189161,378181,-173564,454654,628218,30.09582388951259,-4.482688884731067,41.58489377025567,-0.41147439292572585,-11.489069880743079,-13.544623376898473,25.03369325764155
205,43,43,2020-09-07,42300.0,150.0,875590,295382,327549,-32167,277442,180325,97117,-64950,302766,367716,34.578512774243656,0.33996478160810994,41.996368163181394,8.398186509161754,-7.417855388937744,-3.673751413332724,11.09160680227047
206,42,42,2020-09-08,42300.0,0.0,1018948,354743,470813,-116070,315332,205787,109545,6525,348873,342348,34.238547992635546,4.270216159917979,33.59818165401964,8.723738101566838,0.6403663386159059,-11.391160294735355,10.750793956119447
207,41,41,2020-09-09,42100.0,-200.0,1352778,342415,467713,-125298,604958,548569,56389,68909,405405,336496,29.96833183271757,2.9357666630697965,24.874443552452803,-2.442917859811949,5.093888280264759,-9.262273632480717,4.168385352215958
208,40,40,2020-09-10,42150.0,50.0,1182951,487414,560298,-72884,375755,299502,76253,-3369,319782,323151,27.03256516964777,-17.293290347053333,27.31736141226475,-13.504837211157465,-0.2847962426169808,-6.161201943275758,6.445998185892737
209,39,39,2020-09-11,42300.0,150.0,784409,240287,283948,-43661,196426,180248,16178,27483,347696,320213,44.3258555167011,2.2757308842717663,40.82219862342222,-19.662772314542924,3.5036568932788885,-5.566101357837557,2.062444464558668
210,38,38,2020-09-14,44400.0,2100.0,2473674,783730,557084,226646,649761,420389,229372,-456018,1040183,1496201,42.05012463242935,1.048114687133527,60.484970937965144,2.245552363751969,-18.434846305535814,9.162322925332925,9.272523380202891
211,37,37,2020-09-15,44650.0,250.0,2173691,815238,499422,315816,467196,408324,58872,-374688,891257,1265945,41.00200994529581,-0.9874405459547332,58.23941857421318,-8.136982750955795,-17.237408628917358,14.529019994102196,2.70838863481516
212,36,36,2020-09-16,46750.0,2100.0,4289868,1606866,983170,623696,881710,459238,422472,-1046168,1801292,2847460,41.98945049125055,-16.514319073532306,66.37640132516897,2.762075260202465,-24.386950833918434,14.538815646542034,9.848135187376394
213,35,35,2020-09-17,48500.0,1750.0,6283484,1896650,1636577,260073,710759,649711,61048,-321121,3676075,3997196,58.50376956478285,7.611857188230503,63.6143260649665,18.150946593896013,-5.110556500183656,4.138993590180226,0.9715629100034312
214,34,34,2020-09-18,47800.0,-700.0,2291761,788389,615811,172578,337051,634038,-296987,124409,1166321,1041912,50.89191237655236,-3.00867396074316,45.463379471070496,-3.0230720408669924,5.428532905481855,7.53036638637275,-12.958899291854605
215,33,33,2020-09-21,48450.0,650.0,3041594,1057073,882711,174362,345084,684122,-339038,164676,1639437,1474761,53.9005863372955,-5.743334119488572,48.4864515119375,3.057098111985169,5.41413482535802,5.732586268910315,-11.146721094268337
216,32,32,2020-09-22,46300.0,-2150.0,2512697,834619,818769,15850,179407,552426,-373019,357169,1498671,1141502,59.643920456784066,12.228089165318252,45.42935339995232,5.667085375271945,14.214567056831765,0.6307963116921778,-14.84536336852394
217,31,31,2020-09-23,46000.0,-300.0,2303855,884368,861749,22619,327095,526041,-198946,176327,1092392,916065,47.41583129146583,-0.8900271511038511,39.76226802468037,-3.1875268224386843,7.6535632667854525,0.9817892185055048,-8.635352485290959
218,30,30,2020-09-24,44550.0,-1450.0,1801827,704962,635452,69510,226477,392494,-166017,96507,870388,773881,48.30585844256967,1.0525458815725202,42.949794847119065,2.846841205525158,5.3560635954506175,3.857751049351575,-9.213814644802193
219,29,29,2020-09-25,44000.0,-550.0,1776722,730677,634802,95875,206485,429402,-222917,127042,839560,712518,47.25331256099715,-0.9400370390562288,40.1029536415939,-5.7485250148640015,7.150358919403262,5.3961734024793975,-12.546532321882658
220,28,28,2020-09-28,45500.0,1500.0,1378684,628357,369544,258813,85893,376993,-291100,32287,664434,632147,48.19334960005339,11.523667477869921,45.8514786564579,6.247682784784999,2.3418709435954868,18.7724670772998,-21.11433802089529
221,27,27,2020-09-29,46900.0,1400.0,1721133,785445,461794,323651,304554,577705,-273151,-50500,631134,681634,36.669682122183474,-8.078039357972841,39.6037958716729,-31.84286473614263,-2.934113749489436,18.804531666059507,-15.870417916570073
222,26,26,2020-10-05,50500.0,3600.0,4185612,1473196,709214,763982,839450,485918,353532,-1117514,1872966,2990480,44.747721480156315,-13.692417520213787,71.44666060781553,20.283854261477746,-26.69893912765923,18.252575728471726,8.446363399187502
223,25,25,2020-10-06,50600.0,100.0,3120855,781317,722058,59259,515706,802080,-286374,227115,1823832,1596717,58.4401390003701,-1.6837407313384034,51.16280634633779,5.811779400319196,7.277332654032309,1.8988065770437912,-9.1761392310761
224,24,24,2020-10-07,50300.0,-300.0,2181955,645753,444769,200984,224326,747647,-523321,322337,1311876,989539,60.1238797317085,26.885387598290315,45.35102694601859,6.314875426071452,14.772852785689896,9.211189048353424,-23.984041834043328
225,23,23,2020-10-08,50900.0,600.0,2672889,777736,1165470,-387734,1006725,464026,542699,-154965,888428,1043393,33.238492133418184,-19.46658985098341,39.03615151994714,7.939826905269793,-5.797659386528957,-14.50617665005917,20.30383603658813
226,22,22,2020-10-12,49700.0,-1200.0,2479740,734873,659269,75604,437918,1049363,-611445,535841,1306949,771108,52.705081984401595,4.946350263042682,31.096324614677343,-18.739592118772027,21.608757369724245,3.048868026486648,-24.65762539621089
227,21,21,2020-10-13,50300.0,600.0,2299747,746421,871289,-124868,454996,282358,172638,-47770,1098330,1146100,47.75873172135891,-9.925582214816203,49.835916733449366,16.255808158483013,-2.07718501209046,-5.429640738742132,7.506825750832593
228,20,20,2020-10-14,49150.0,-1150.0,1954410,308347,665682,-357335,518675,632435,-113760,471095,1127388,656293,57.684313936175116,3.049146086988287,33.58010857496636,-12.82500866836667,24.10420536120875,-18.2835229046106,-5.8206824565981545
229,19,19,2020-10-15,48900.0,-250.0,1242544,342726,515528,-172802,220952,150412,70540,102262,678866,576604,54.63516784918683,-15.837564268750935,46.40511724333304,10.94562815996358,8.230050605853796,-13.907113148508222,5.677062542654425
230,18,18,2020-10-16,47150.0,-1750.0,2521703,490752,1305961,-815209,253838,321559,-67721,882930,1777113,894183,70.47273211793777,16.144098252096455,35.459489083369455,-11.57674870482652,35.013243034568305,-32.3277166264227,-2.6855264081456065
231,17,17,2020-10-19,46700.0,-450.0,1536628,456107,511234,-55127,245692,302622,-56930,112057,834829,722772,54.32863386584131,13.865527695297056,47.036237788195976,3.50807606468463,7.292396077645337,-3.5875306189917144,-3.704865458653624
232,16,16,2020-10-20,46850.0,150.0,4399855,2062669,1605427,457242,556868,879252,-322384,-134858,1780318,1915176,40.46310617054426,-12.329732310159919,43.52816172351135,13.174092650920825,-3.0650555529670864,10.392206106792157,-7.327150553825068
233,15,15,2020-10-21,45450.0,-1400.0,2311018,820292,1009081,-188789,270674,600449,-329775,518564,1220052,701488,52.792838480704184,14.201360877446469,30.354069072590523,-3.985360343736797,22.43876940811365,-8.169083927515926,-14.269685480597728
234,14,14,2020-10-22,45200.0,-250.0,1650240,545273,772615,-227342,468115,310942,157173,70169,636852,566683,38.591477603257715,-2.857884484508084,34.33942941632732,-9.84126530663196,4.252048186930386,-13.776299204964127,9.524251018033741
235,13,13,2020-10-23,46250.0,1050.0,1851587,793491,528010,265481,290625,505533,-214908,-50573,767471,818044,41.44936208776579,7.806523622140298,44.18069472295928,-4.775275561978184,-2.731332635193485,14.338024624281767,-11.60669198908828
236,12,12,2020-10-26,47950.0,1700.0,3113034,1650255,1021061,629194,415466,567957,-152491,-476703,1047313,1524016,33.64283846562549,-6.070114131221716,48.95597028493746,-25.842632776708946,-15.313131819311964,20.211600644258944,-4.898468824946982
237,11,11,2020-10-27,52900.0,4950.0,9347585,3709950,1460370,2249580,1925433,895352,1030081,-3279661,3712202,6991863,39.71295259684721,-12.115087877407909,74.7986030616464,17.174195179817776,-35.085650464799194,24.065895094829308,11.019755369969893
238,10,10,2020-10-28,53800.0,900.0,3567700,1192863,700515,492348,525768,811319,-285551,-206797,1849069,2055866,51.82804047425511,0.3078257098202073,57.62440788182863,6.8423838634273375,-5.7963674075735065,13.80015135801777,-8.003783950444264
239,9,9,2020-10-29,53000.0,-800.0,3225860,1122414,688516,433898,441476,899187,-457711,23813,1661970,1638157,51.52021476443491,-2.4945894328230835,50.7820240184013,4.803666813801384,0.7381907460336159,13.450614719795652,-14.188805465829267
240,8,8,2020-10-30,50500.0,-2500.0,2559004,611919,510196,101723,564844,872220,-307376,205653,1382241,1176588,54.014804197257995,5.9137254326651165,45.978357204599895,-7.339697869808923,8.036446992658082,3.975101250330207,-12.011548242988287
