,Unnamed: 0,Unnamed: 0.1,날짜,종가,대비,거래량,기관 매수,기관 매도,기관 순매수,외국인 매수,외국인 매도,외국인 순매수,개인 순매수,Unnamed: 11,Unnamed: 12,개인 매수,개인 매도,개인매수비율(%),개인매수비율증가(%p),개인매도비율(%),개인매도비율증가(%p),개인 순매수비율,기관 순매수비율,외국인 순매수비율
15,233,233,2019-12-02,"50,400",100,18877252,4568636,2162147,2406489,12846467,15671284,-2824817,418328,,,1462149,1043821,7.745560635626414,-13.816425571123741,5.529517749723319,-1.8115751296681681,2.2160428859030965,12.748089605415025,-14.964132491318123
16,232,232,2019-12-03,"49,900",-500,12059812,4996217,3289254,1706963,4463260,7885236,-3421976,1715013,,,2600335,885322,21.56198620675016,-2.1362766389162893,7.3410928793914865,-4.347106062083761,14.220893327358668,14.154142701395346,-28.37503602875401
17,231,231,2019-12-04,"49,450",-450,13246549,4538778,4391588,147190,5568569,7306678,-1738109,1590919,,,3139202,1548283,23.698262845666445,6.126338635293244,11.688198941475248,1.892572936364104,12.010063904191195,1.1111573285993204,-13.121221232790518
18,230,230,2019-12-05,"49,500",50,10449715,3608102,4022346,-414244,5005397,5403754,-398357,812601,,,1836216,1023615,17.5719242103732,6.232357378073095,9.795626005111144,-7.810514501538124,7.776298205262058,-3.9641655298733034,-3.8121326753887543
19,229,229,2019-12-06,"50,400",900,11414563,4587232,3300842,1286390,5532969,6104057,-571088,-715302,,,1294362,2009664,11.339566832300106,2.48459068944787,17.606140506649265,-1.483556159252796,-6.2665736743491625,11.269726226050002,-5.003152551700841
20,228,228,2019-12-09,"51,200",800,8470627,3244473,3131330,113143,4476082,3722280,753802,-866945,,,750072,1617017,8.854976142852236,0.7133715478424634,19.089696665902068,-2.6523168341838748,-10.234720523049829,1.3357098594944623,8.899010663555368
21,227,227,2019-12-10,"51,500",300,6882771,3042780,2218547,824233,3279623,3167771,111852,-936085,,,560368,1496453,8.141604595009772,-0.9133459604661578,21.74201350008594,1.811209734268381,-13.600408905076167,11.975307619561946,1.6251012855142208
22,226,226,2019-12-11,"51,900",400,11379521,5360738,4583015,777723,4988373,4528476,459897,-1237620,,,1030410,2268030,9.05495055547593,5.6417378270254455,19.930803765817558,-7.224641180884483,-10.87585321034163,6.834408935138834,4.041444275202797
23,225,225,2019-12-12,"53,300","1,400",29178697,17546359,16164568,1381791,10636407,5090524,5545883,-6927674,,,995931,7923605,3.4132127284504854,-7.8451129656440965,27.155444946702037,-26.44505782751297,-23.74223221825155,4.7356158501525965,19.00661636809896
24,224,224,2019-12-13,"54,700","1,400",18120261,7569213,5106749,2462464,8511010,3300961,5210049,-7672513,,,2040038,9712551,11.258325694094582,0.4057714276315796,53.60050277421501,22.93553746071188,-42.34217708012042,13.589561430710075,28.75261564941035
25,223,223,2019-12-16,"54,700",0,11512405,5441995,3093545,2348450,4821020,4888585,-67565,-2280885,,,1249390,3530275,10.852554266463,-2.6324525003553667,30.664965313503128,-12.8576224909953,-19.81241104704013,20.399299711919447,-0.5868886648793193
26,222,222,2019-12-17,"56,700","2,000",19358433,6276350,6589026,-312676,10471597,4344116,6127481,-5814805,,,2610486,8425291,13.485006766818366,-5.528506871770341,43.522587804498436,23.108900058454672,-30.037581037680066,-1.6151927173031002,31.652773754983173
27,221,221,2019-12-18,"56,300",-400,15558208,4412916,6078754,-1665838,8187130,6303450,1883680,-217842,,,2958162,3176004,19.01351363858871,-3.1559272563855214,20.41368774604376,-4.498078536151816,-1.4001741074550489,-10.70713285231821,12.10730695977326
28,220,220,2019-12-19,"56,000",-300,14180520,4375684,5436231,-1060547,6661094,5211671,1449423,-388876,,,3143742,3532618,22.169440894974237,4.425415194216786,24.91176628219557,4.620177306145846,-2.7423253872213436,-7.4789006326989425,10.221226019920287
29,219,219,2019-12-20,"56,000",0,12095519,2741824,2882694,-140870,7207463,6758452,449011,-308141,,,2146232,2454373,17.744025700757447,-4.396021123940201,20.291588976049727,-10.140002775030537,-2.54756327529228,-1.1646461801267065,3.712209455418986
30,218,218,2019-12-23,"55,500",-500,9839252,4737230,3691280,1045950,2923607,3153731,-230124,-815826,,,2178415,2994241,22.14004682469765,3.0789940160905047,30.431591751080266,8.185981683458197,-8.291544926382615,10.63038125255863,-2.3388363261760143
31,217,217,2019-12-24,"55,000",-500,11868463,4924390,3533795,1390595,4681819,5694456,-1012637,-377958,,,2262254,2640212,19.061052808607144,-17.180561269684333,22.245610067622067,-33.76763985974989,-3.1845572590149205,11.716723555526945,-8.532166296512028
32,216,216,2019-12-26,"55,400",400,9645034,5251572,2295997,2955575,897946,1946540,-1048594,-1906981,,,3495516,5402497,36.24161407829148,5.197290069694425,56.01324992737196,29.84125005991419,-19.771635849080468,30.643489696355662,-10.871853847275188
33,215,215,2019-12-27,"56,500","1,100",12313056,6438579,5842109,596470,2051972,3248374,-1196402,599932,,,3822505,3222573,31.044324008597048,3.814822456142615,26.17199986745777,14.357311244453195,4.872324141139291,4.844207644308611,-9.716531785447902
34,214,214,2019-12-30,"55,800",-700,8356767,4155717,2291956,1863761,1925544,5077485,-3151941,1288180,,,2275506,987326,27.229501552454444,-3.7796287421882795,11.814688623004566,2.995302093344653,15.414812929449868,22.30241671210889,-37.71722964155875
35,213,213,2020-01-02,"55,200",-600,12993228,4587665,6942431,-2354766,4376476,4904874,-528398,2883164,,,4029087,1145923,31.00913029464272,8.128073017350907,8.819386529659912,-6.875964117829706,22.189743764982804,-18.123025317496158,-4.066718447486645
36,212,212,2020-01-03,"55,500",300,15422255,6860314,9088643,-2228329,5033166,3913035,1120131,1108198,,,3528775,2420577,22.88105727729181,0.4823222312739794,15.695350647489615,-2.592867673621166,7.185706629802191,-14.448788455384767,7.263081825582574
37,211,211,2020-01-06,"55,500",0,10278951,4431535,5631189,-1199654,3545061,2767925,777136,422518,,,2302355,1879837,22.398735046017823,4.86992471675778,18.288218321110786,0.5836098872374222,4.110516724907045,-11.670976931400881,7.5604602064938335
38,210,210,2020-01-07,"55,800",300,10009778,4359392,4307496,51896,3895791,3930090,-34299,-17597,,,1754595,1772192,17.52881032926005,2.250720569392339,17.70460843387336,-16.009149914593614,-0.1757981046133091,0.5184530566012553,-0.3426549519879462
39,209,209,2020-01-08,"56,800","1,000",23501171,9268860,9195447,73413,10641781,6382596,4259185,-4332598,,,3590530,7923128,15.278089759867713,1.361201446795489,33.71375834846697,14.100703662493329,-18.435668588599263,0.3123801788430032,18.123288409756263
40,208,208,2020-01-09,"58,600","1,800",24102579,9264381,11567351,-2302970,11483869,7807976,3675893,-1372923,,,3354329,4727252,13.916888313072224,-16.05195576795941,19.613054685973648,-2.067039963020708,-5.696166372901423,-9.554869626192284,15.251035999093707
41,207,207,2020-01-10,"59,500",900,16000170,4809954,7764148,-2954194,6395150,4767170,1627980,1326214,,,4795066,3468852,29.96884408103164,1.6560907992908265,21.68009464899436,-5.8565786851377455,8.288749432037285,-18.463516325139047,10.17476689310176
42,206,206,2020-01-13,"60,000",500,11359139,3772640,5285463,-1512823,4370414,2945747,1424667,88156,,,3216085,3127929,28.312753281740807,-1.5941719197891508,27.536673334132104,5.446351356430895,0.7760799476087052,-13.318113283057807,12.542033335449105
43,205,205,2020-01-14,"60,000",0,16906295,5833294,7499380,-1666086,6016848,5672260,344588,1321498,,,5056153,3734655,29.906925201529962,-0.3520342170476276,22.0903219777012,10.9203965015363,7.816603223828758,-9.854826264418076,2.0382230405893194
44,204,204,2020-01-15,"59,000","-1,000",14300928,5619653,5375506,244147,4353963,7328019,-2974056,2729909,,,4327312,1597403,30.25895941857759,10.752388115204306,11.169925476164904,-11.55864750794679,19.089033942412687,1.7072108886919786,-20.796244831104666
45,203,203,2020-01-16,"60,700","1,700",14381774,5117080,5793111,-676031,6459303,5319891,1139412,-463381,,,2805391,3268772,19.50657130337328,-2.171592236963683,22.72857298411169,2.7521302027499783,-3.2220016807384124,-4.700609257244621,7.922610937983032
46,202,202,2020-01-17,"61,300",600,16025661,6303523,7571072,-1267549,6248069,5253232,994837,272712,,,3474069,3201357,21.678163540336968,-8.299308463289861,19.976442781361715,-10.0754574122314,1.7017207589752459,-7.909495901604308,6.207775142629062
47,201,201,2020-01-20,"62,400","1,100",12528855,5296326,5074244,222082,3476695,3689452,-212757,-9325,,,3755834,3765159,29.977472003626822,-9.921913180906213,30.05190019359311,9.40754608637684,-0.07442818996628184,1.7725642127712389,-1.6981360228049571
48,200,200,2020-01-21,"61,400","-1,000",11142693,4238313,5493358,-1255045,2458514,3348998,-890484,2145529,,,4445866,2300337,39.89938518453304,18.37942682847796,20.644354107216273,-12.37237094333112,19.255031077316772,-11.263390277377288,-7.991640799939476
49,199,199,2020-01-22,"62,300",900,15339565,6882158,5233150,1649008,5156339,5041793,114546,-1763554,,,3301068,5064622,21.519958356055078,-19.359943202984525,33.01672505054739,19.824670987125913,-11.496766694492313,10.750031047164637,0.7467356473276785
50,198,198,2020-01-23,"60,800","-1,500",14916555,5581260,7487596,-1906336,3237422,5461159,-2223737,4130073,,,6097873,1967800,40.8799015590396,3.393106442244396,13.19205406342148,-6.364298202189758,27.68784749561812,-12.780001816773375,-14.907845678844748
51,197,197,2020-01-28,"58,800","-2,000",23664541,8873498,7815901,1057597,5919965,11220719,-5300754,4243157,,,8871078,4627921,37.48679511679522,5.591285773608596,19.55635226561124,0.21153730581103852,17.930442851183972,4.469121120920959,-22.399563972104925
52,196,196,2020-01-29,"59,100",300,16446102,6803858,9341679,-2537821,4396676,3922955,473721,2064100,,,5245568,3181468,31.895509343186607,-15.465627388603835,19.3448149598002,0.36383052794685256,12.550694383386409,-15.431139853078866,2.8804454696924537
53,195,195,2020-01-30,"57,200","-1,900",20821939,7553738,9816238,-2262500,3406694,7053492,-3646798,5909298,,,9861507,3952209,47.36113673179046,17.660882188083246,18.980984431853347,0.05588183282999282,28.3801522999371,-10.865942888412073,-17.514209411525027
54,194,194,2020-01-31,"56,400",-800,19749457,8379882,6731201,1648681,5503936,9280651,-3776715,2128034,,,5865639,3737605,29.7002545437072,2.44800555786583,18.925102599023358,-6.107833072438427,10.775151944683847,8.347981415387776,-19.12313336007162
55,193,193,2020-02-03,"57,200",800,23995260,10171327,9094374,1076953,7284685,8894168,-1609483,532530,,,6539248,6006718,27.25224898584137,1.1730795913699836,25.032935671461786,-0.2344702302844049,2.21931331437959,4.488190584307066,-6.7075038986866575
56,192,192,2020-02-04,"58,900","1,700",21800192,7284469,11081983,-3797514,8830414,5209866,3620548,176966,,,5685309,5508343,26.079169394471393,4.553884181900583,25.26740590174619,5.805667712452756,0.8117634927252017,-17.419635570182134,16.607872077456932
57,191,191,2020-02-05,"59,500",600,19278165,7232661,11691935,-4459274,7895824,3834364,4061460,397814,,,4149680,3751866,21.525285212570804,3.6431329250861633,19.46173818929343,-20.506839592748577,2.063547023277371,-23.131216067504354,21.067669044226975
58,190,190,2020-02-06,"61,100","1,600",14727159,7109877,4626222,2483655,4983749,4214701,769048,-3252703,,,2633533,5886236,17.88215228748464,-11.387294741085956,39.968577782042,22.21765418768352,-22.086425494557368,16.864454305137876,5.221971189419493
59,189,189,2020-02-07,"60,400",-700,16402493,5808729,8245340,-2436611,5792845,5245559,547286,1889325,,,4800919,2911594,29.2694470285706,0.3759470753772156,17.750923594358493,3.703803711967844,11.518523434212105,-14.855125986031512,3.3366025518194093
60,188,188,2020-02-10,"59,700",-700,13107121,5911134,6174188,-263054,3408881,5091760,-1682879,1945933,,,3787106,1841173,28.893499953193373,4.1025982007143655,14.04711988239065,-12.779842720051661,14.846380070802734,-2.006954845385192,-12.839425225417544
61,187,187,2020-02-11,"59,900",200,11071231,5918977,4029730,1889247,2407596,4071426,-1663830,-225417,,,2744658,2970075,24.790901752479016,8.18968790028337,26.826962602442308,6.180781089699996,-2.0360608499632966,17.064470969849697,-15.028410119886393
62,186,186,2020-02-12,"60,500",600,12904207,6604865,5088037,1516828,4157087,5151944,-994857,-521971,,,2142255,2664226,16.601213852195645,-0.7833125173671256,20.64618151274232,-9.220453717226613,-4.044967660546673,11.754523156672859,-7.7095554961261845
63,185,185,2020-02-13,"60,700",200,18449775,8992459,10908956,-1916497,6249910,2030492,4219418,-2302921,,,3207406,5510327,17.384526369562767,-1.36088972392335,29.866635229968928,-9.016514425723528,-12.482108860406154,-10.3876442937651,22.869753154171253
64,184,184,2020-02-14,"61,800","1,100",13276067,6639086,5939404,699682,4148327,2174510,1973817,-2673499,,,2488654,5162153,18.74541609348612,-10.222814448229796,38.883149655692456,18.034754420401867,-20.137733562206336,5.270250594547316,14.867482967659022
65,183,183,2020-02-17,"61,500",-300,8740596,4598057,4127009,471048,1610543,2791313,-1180770,709722,,,2531996,1822274,28.968230541715922,-22.544987491389705,20.84839523529059,6.996882970822695,8.119835306425328,5.389197716036756,-13.509033022462086
66,182,182,2020-02-18,"59,800","-1,700",16674266,4255398,6713785,-2458387,3829417,7650843,-3821426,6279813,,,8589451,2309638,51.51321803310562,25.13302226267108,13.851512264467894,-3.2320277373975284,37.66170576863773,-14.743599508368163,-22.91810626026957
67,181,181,2020-02-19,"60,200",400,12951496,5850073,5152797,697276,3684793,5586125,-1901332,1204056,,,3416630,2212574,26.38019577043455,1.7983997029659982,17.083540001865426,-3.4758735477117253,9.296655768569131,5.383748719066894,-14.680404487636025
68,180,180,2020-02-20,"60,000",-200,14591924,6929465,7319130,-389665,4075502,4272780,-197278,586943,,,3586957,3000014,24.581796067468552,-6.308997277832695,20.559413549577148,1.252081603685788,4.022382517891404,-2.670415498326334,-1.351967019565069
69,179,179,2020-02-21,"59,200",-800,13777393,4715645,7104588,-2388943,4805802,4012758,793044,1595899,,,4255946,2660047,30.89079334530125,-13.752642346548498,19.30733194589136,-2.5236969196605687,11.583461399409888,-17.339586669263188,5.756125269853302
70,178,178,2020-02-24,"56,800","-2,400",25627537,10778617,8165657,2612960,3407907,11867125,-8459218,5846258,,,11441013,5594755,44.643435691849746,11.129049000192644,21.83102886555193,2.8343636212320504,22.81240682629782,10.195907628579368,-33.008314454877194
71,177,177,2020-02-25,"57,900","1,100",23885408,11074596,9684954,1389642,4805764,9663023,-4857259,3467617,,,8005048,4537431,33.5143866916571,-4.938753746269171,18.99666524431988,6.1595153557388125,14.51772144733722,5.817953790029462,-20.33567523736668
72,176,176,2020-02-26,"56,500","-1,400",25483102,11489239,10983443,505796,4194810,11228355,-7033545,6527749,,,9799053,3271304,38.45314043792627,5.7891941754818745,12.837149888581068,-6.633209305510707,25.615990549345213,1.9848290055111812,-27.60081955485639
73,175,175,2020-02-27,"55,900",-600,23209541,10368801,10478966,-110165,5259588,8211594,-2952006,3062171,,,7581152,4518981,32.6639462624444,1.7124830955494377,19.470359194091774,-3.663814245138589,13.193587068352622,-0.474653936499649,-12.718933131852975
74,174,174,2020-02-28,"54,200","-1,700",30054227,12611677,9786648,2825029,8140327,13314782,-5174455,2349426,,,9302223,6952797,30.95146316689496,-7.078998677321737,23.13417343923036,0.9087501873927052,7.8172897276645985,9.399772617675378,-17.217062345339976
75,173,173,2020-03-02,"55,000",800,30403412,12206451,9990735,2215716,6634403,13655390,-7020987,4805271,,,11562558,6757287,38.030461844216696,0.2715577517902972,22.225423251837654,-1.7635949888355675,15.805038592379038,7.287721522834345,-23.092760115213384
76,172,172,2020-03-03,"55,400",400,30330295,11633603,13331971,-1698368,7244305,9722384,-2478079,4176447,,,11452387,7275940,37.7589040924264,10.17043990514307,23.989018240673232,-11.781337470251167,13.769885851753173,-5.599576265248986,-8.170309586504187
77,171,171,2020-03-04,"57,400","2,000",24765728,9855970,10903410,-1047440,8077274,5003529,3073745,-2026305,,,6832484,8858789,27.58846418728333,-9.170781289119027,35.77035571092439,13.095945519482305,-8.181891523641058,-4.229393135546026,12.411284659187086
78,170,170,2020-03-05,"57,800",400,21698990,9518866,10370659,-851793,4203739,6408213,-2204474,3056267,,,7976385,4920118,36.759245476402356,-0.6267170587855588,22.67441019144209,5.308738674051376,14.084835284960267,-3.9254960714761378,-10.159339213484131
79,169,169,2020-03-06,"56,500","-1,300",18716656,8528734,9521959,-993225,3190520,5944424,-2753904,3747129,,,6997402,3250273,37.38596253518792,-16.75919921084008,17.365671517390712,-3.5090773589449995,20.020291017797195,-5.306637040291814,-14.713653977505386
80,168,168,2020-03-09,"54,200","-2,300",30261485,10484995,10633303,-148308,3391360,13311173,-9919813,10068121,,,16385130,6317009,54.145161746028,19.85743033766819,20.874748876335712,-5.3970677751803615,33.27041286969229,-0.4900883086206774,-32.78032456107161
81,167,167,2020-03-10,"54,600",400,32106554,15124953,11233323,3891630,5972992,12438256,-6465264,2573634,,,11008609,8434975,34.287731408359804,-10.064852154858492,26.27181665151607,10.664471729817492,8.015914756843728,12.12098314879884,-20.136897905642567
82,166,166,2020-03-11,"52,100","-2,500",45707281,10272886,13115780,-2842894,15162035,25457808,-10295773,13138667,,,20272360,7133693,44.352583563218296,2.709020912261643,15.60734492169858,-14.367974496272753,28.74523864151972,-6.219783670789782,-22.52545497072993
83,165,165,2020-03-12,"50,800","-1,300",48149999,21240119,17749174,3490945,6858505,15967709,-9109204,5618259,,,20051375,14433116,41.64356265095665,-11.656927925248187,29.97531941797133,-10.1670580190784,11.668243232985322,7.250145529598037,-18.91838876258336
84,164,164,2020-03-13,"49,950",-850,59462933,18257711,14220758,4036953,9511187,21372340,-11861153,7824200,,,31694035,23869835,53.30049057620485,-5.8200847862123775,40.142377437049724,3.962309163737764,13.158113139155109,6.789024349000746,-19.947137488155857
85,163,163,2020-03-16,"48,900","-1,050",33339821,9340167,12617890,-3277723,4288960,8659561,-4370601,7648324,,,19710694,12062370,59.12057536241721,8.356333599765527,36.18006827331197,2.8993061466198142,22.94050708910525,-9.831255542733716,-13.10925154637153
86,162,162,2020-03-17,"47,300","-1,600",51218151,15784920,13296336,2488584,9432725,20876024,-11443299,8954715,,,26000506,17045791,50.76424176265169,-1.7644660131765593,33.280762126692146,-2.291653652969366,17.483479635959526,4.858793125897887,-22.342272761857405
87,161,161,2020-03-18,"45,600","-1,700",40152623,10842188,16506126,-5663938,8218781,9363239,-1144458,6808396,,,21091654,14283258,52.528707775828245,4.1307056357333485,35.57241577966152,-5.497497810752677,16.956291996166726,-14.106022413529498,-2.850269582637228
88,160,160,2020-03-19,"42,950","-2,650",56925513,21441169,19828729,1612440,7933533,13717525,-5783992,4171552,,,27550811,23379259,48.3980021400949,6.103233154736997,41.0699135904142,5.73285713950834,7.328088549680703,2.832543643480209,-10.160632193160911
89,159,159,2020-03-20,"45,400","2,450",49730008,20147823,18478699,1669124,8548993,13678188,-5129195,3460071,,,21033192,17573121,42.2947689853579,-10.225566792436474,35.337056450905855,10.050838594556561,6.957712534452035,3.3563718710843564,-10.314084405536393
90,158,158,2020-03-23,"42,500","-2,900",41701626,14029123,17278114,-3248991,5770669,13878748,-8108079,11357070,,,21901834,10544764,52.52033577779437,12.064267307485974,25.286217856349296,-27.549468679997865,27.23411792144508,-7.791041529172027,-19.443076392273053
91,157,157,2020-03-24,"46,950","4,450",49801908,19575238,16320914,3254324,10078776,7167814,2910962,-6165286,,,20147894,26313180,40.4560684703084,-12.026218650792842,52.83568653634716,8.726720355761564,-12.379618066038756,6.534536789233055,5.8450812768057
92,156,156,2020-03-25,"48,650","1,700",52735922,17523950,19219398,-1695448,7534954,10255254,-2720300,4415748,,,27677018,23261270,52.482287121101244,10.685216878646848,44.108966180585604,9.791557787689612,8.37332094051565,-3.2149774493370957,-5.158343491178557
93,155,155,2020-03-26,"47,800",-850,42185129,15191243,18899191,-3707948,9361738,8809095,552643,3155305,,,17632148,14476843,41.7970702424544,0.1435915558493761,34.317408392895985,-1.9559108207890927,7.479661849558407,-8.789704068464506,1.3100422189060985
94,154,154,2020-03-27,"48,300",500,39896178,17145659,16179095,966564,6132373,9245415,-3113042,2146478,,,16618146,14471668,41.65347868660503,5.555887857347178,36.27331921368508,4.105296911517272,5.380159472919936,2.422698234402303,-7.80285770732224
95,153,153,2020-03-30,"47,850",-450,26797395,12525328,12544154,-18826,4598853,5633049,-1034196,1053022,,,9673214,8620192,36.097590829257854,0.7302792506162916,32.168022302167806,7.253019458028128,3.92956852709004,-0.07025309736263544,-3.859315429727405
96,152,152,2020-03-31,"47,750",-100,30654261,10811188,13812615,-3001427,9001485,9204136,-202651,3204078,,,10841588,7637510,35.36731157864155,-14.036221834918154,24.915002844139682,1.5519861936704054,10.45230873450187,-9.791222825433634,-0.6610859090682368
97,151,151,2020-04-01,"45,800","-1,950",27259532,8949390,13604432,-4655042,4842970,7286451,-2443481,7098523,,,13467172,6368649,49.403533413559714,13.114363531357725,23.363016650469273,-12.177494839338177,26.04051676309043,-17.076749520131163,-8.96376724295927
98,150,150,2020-04-02,"46,800","1,000",21621076,9842011,8496077,1345934,3932956,5440758,-1507802,161868,,,7846109,7684241,36.289169882201975,8.570981846924589,35.54051148980745,10.318096711317237,0.7486583923945319,6.2251018404449425,-6.973760232839477
99,149,149,2020-04-03,"47,000",200,22784682,9724428,10312344,-587916,6744753,6725491,19262,568654,,,6315501,5746847,27.718188035277386,-1.1175873537829908,25.222414778490208,-28.151718599546445,2.495773256787169,-2.580312509957348,0.0845392531701781
100,148,148,2020-04-06,"48,700","1,700",23395726,12123249,6142424,5980825,4526138,4766036,-239898,-5740927,,,6746339,12487266,28.835775389060373,-6.68775881344683,53.37413337803665,10.995816567440656,-24.538357988976284,25.563750404667932,-1.0253924156916523
101,147,147,2020-04-07,"49,600",900,31524034,13818156,12711964,1106192,6507427,5452715,1054712,-2160904,,,11198451,13359355,35.52353420250721,0.7637786872425849,42.378316810596,11.496277504732035,-6.8547826080888,3.5090432905890148,3.3457393174997843
102,146,146,2020-04-08,"48,600","-1,000",25010314,9936297,12847816,-2911519,6380493,4438803,1941690,969829,,,8693524,7723695,34.75975551526462,6.4987620177227665,30.882039305863966,8.088876940803747,3.8777162094006496,-11.641273276297133,7.763557066896482
103,145,145,2020-04-09,"49,100",500,22628058,11523038,12859513,-1336475,4710106,4610895,99211,1237264,,,6394914,5157650,28.260993497541858,-7.441559168899867,22.793162365060226,-2.205207789147572,5.4678311324816296,-5.906273529968855,0.4384423974872258
104,144,144,2020-04-10,"49,250",150,17839111,6760668,9191763,-2431095,4709425,4187861,521564,1909531,,,6369018,4459487,35.702552666441726,-12.420314889926852,24.9983701542078,-0.5156128555345774,10.704182512233931,-13.627893228535886,2.9237107163019505
105,143,143,2020-04-13,"48,300",-950,14431800,6155374,9083047,-2927673,1331430,1666626,-335196,3262869,,,6944996,3682127,48.12286755636858,26.278922624093862,25.51398300974237,-18.302765940153925,22.6088845466262,-20.286263667733763,-2.322620878892446
106,142,142,2020-04-14,"49,000",700,14206216,7250899,4609532,2641367,3852119,3371982,480137,-3121504,,,3103198,6224702,21.843944932274717,3.5748792116848698,43.8167489498963,28.747463441180148,-21.97280401762158,18.593037019851028,3.3797669977705533
107,141,141,2020-04-16,"49,000",0,23349760,7541934,7219293,322641,11542043,12611825,-1069782,747141,,,4265783,3518642,18.269065720589847,-15.65450413023724,15.069285508716149,-42.14231157539384,3.199780211873698,1.3817743736980594,-4.581554585571758
108,140,140,2020-04-17,"51,400","2,400",32041675,10887353,8563576,2323777,10284642,5146545,5138097,-7461874,,,10869680,18331554,33.923569850827086,-9.600581454872989,57.21159708410999,35.676575744932904,-23.288027233282904,7.252358061805445,16.035669171477462
109,139,139,2020-04-20,"50,100","-1,300",21866354,7255381,10829161,-3573780,5093828,6328269,-1234441,4808221,,,9517145,4708924,43.52415130570007,-2.4955521022267177,21.535021339177078,-4.554201616707734,21.989129966523,-16.34373979310863,-5.64539017341437
110,138,138,2020-04-21,"49,250",-850,27407543,10395528,12071337,-1675809,4399145,8185791,-3786646,5462455,,,12612870,7150415,46.01970340792679,6.356675892522143,26.08922295588481,-4.018593454506924,19.93048045204198,-6.114407993449103,-13.816072458592878
111,137,137,2020-04-22,"49,850",600,18613864,7046805,9610308,-2563503,4184237,3399328,784909,1778594,,,7382822,5604228,39.66302751540465,12.837329368800232,30.10781641039173,4.3208108572539725,9.555211105012908,-13.772008863930669,4.216797758917761
112,136,136,2020-04-23,"49,850",0,18754442,9298199,8593761,704438,4425233,5324472,-899239,194801,,,5031010,4836209,26.82569814660441,-5.580324078410818,25.78700555313776,6.744702292747912,1.0386925934666569,3.756112818499212,-4.7948054119658705
113,135,135,2020-04-24,"49,350",-500,15618347,5413509,8131335,-2717826,5143553,4512919,630634,2087192,,,5061285,2974093,32.406022225015235,9.174314782080195,19.042303260389847,-18.136911529974856,13.363718964625384,-17.401495817707215,4.0377768530818265
114,134,134,2020-04-27,"49,850",500,14049471,7276381,5026355,2250026,3509158,3799633,-290475,-1959551,,,3263932,5223483,23.231707442935036,-5.066864092943007,37.1792147903647,10.853567318065323,-13.947507347429664,16.015022914385884,-2.067515566956222
115,133,133,2020-04-28,"50,100",250,16095399,6170738,7089274,-918536,5369893,4768907,600986,317550,,,4554768,4237218,28.298571535878054,2.8889165337065634,26.32564747229938,-2.262564683745275,1.9729240635786665,-5.706823422022654,3.733899358443988
116,132,132,2020-04-29,"50,000",-100,15604533,7501517,7112352,389165,4137958,4031124,106834,-495999,,,3965058,4461057,25.409655002171483,-28.2148795691434,28.58821215604465,17.053834946694874,-3.1785571538731725,2.49392275949559,0.6846343943775824
117,131,131,2020-05-04,"48,500","-1,500",26083749,5871802,10972059,-5100257,6224658,12103092,-5878434,10978691,,,13987289,3008598,53.624534571314875,24.38144545648648,11.534377209349776,-13.994214714657812,42.090157361965105,-19.553389353654644,-22.53676800831046
118,130,130,2020-05-06,"49,200",700,18070225,7246520,6246922,999598,5539413,7210229,-1670816,671218,,,5284292,4613074,29.2430891148284,1.2202799369669783,25.528591924007593,7.046209055911852,3.714497190820812,5.531740750322699,-9.24623794114351
119,129,129,2020-05-07,"48,800",-400,13884411,6667366,6566134,101232,3326243,4752107,-1425864,1324632,,,3890802,2566170,28.022809177861422,-3.801789215057504,18.482382868095733,-5.578499525162616,9.540426309765678,0.72910546943619,-10.269531779201868
120,128,128,2020-05-08,"48,800",0,15319700,6803516,5761273,1042243,3640751,5872372,-2231621,1189378,,,4875433,3686055,31.824598392918922,-9.560836015727801,24.060882393258357,0.6539796194465879,7.763715999660567,6.8032859651298665,-14.567001964790435
121,127,127,2020-05-11,"48,400",-400,16357743,6405224,8093736,-1688512,3182796,4435166,-1252370,2940882,,,6769723,3828841,41.38543440864672,-0.9128434053800588,23.406902773811765,3.5344589869229424,17.97853163483495,-10.322402057545471,-7.656129577289482
122,126,126,2020-05-12,"47,900",-500,23433590,7226425,10500588,-3274163,6295160,8276175,-1981015,5255178,,,9912005,4656827,42.29827781402678,16.964109667093922,19.872443786888823,-0.4498758846461115,22.42583402713797,-13.972093051043394,-8.453740976094572
123,125,125,2020-05-13,"48,550",650,20223277,6934988,7434183,-499195,8164890,8679255,-514365,1013560,,,5123399,4109839,25.33416814693286,-2.202608811328865,20.322319671534935,5.708889652412356,5.011848475397929,-2.4684179522438425,-2.5434305231540857
124,124,124,2020-05-14,"48,000",-550,19305974,8586280,9861037,-1274757,5403451,6623672,-1220221,2494978,,,5316243,2821265,27.53677695826173,2.3454847832347347,14.613430019122578,-9.129981034200053,12.923346939139151,-6.602914724737536,-6.320432214401615
125,123,123,2020-05-15,"47,850",-150,18463118,8734136,6896282,1837854,5077884,7183062,-2105178,267324,,,4651098,4383774,25.191292175026987,-4.466913249536192,23.74341105332263,-20.02267778349448,1.447881121704362,9.954190836022386,-11.40207195772675
126,122,122,2020-05-18,"48,800",950,20481981,8964510,7188363,1776147,5442883,4329456,1113427,-2889574,,,6074588,8964162,29.658205424563175,-1.4547841522039384,43.766088836817104,-15.078449500007071,-14.107883412253926,8.671753967548353,5.436129444705569
127,121,121,2020-05-19,"50,300","1,500",25168295,11201399,5980185,5221214,6136287,4377943,1758344,-6979558,,,7830609,14810167,31.11298957676712,5.620147073102434,58.84453833682417,32.992023662461406,-27.73154876005705,20.74520343948607,6.9863453205709805
128,120,120,2020-05-20,"50,000",-300,14896899,5817531,5952563,-135032,5281725,5093113,188612,-53580,,,3797643,3851223,25.49284250366469,-3.968182539303978,25.85251467436277,-0.597707028829884,-0.35967217069807617,-0.9064436833464468,1.266115854044523
129,119,119,2020-05-21,"49,950",-50,14949266,5774835,8129197,-2354362,4770224,2865955,1904269,450093,,,4404207,3954114,29.461025042968664,-28.285057374193286,26.45022170319265,1.0118082509151909,3.0108033397760128,-15.74901403185949,12.738210692083475
130,118,118,2020-05-22,"48,750","-1,200",19706284,6115808,8982988,-2867180,2210869,5710330,-3499461,6366641,,,11379607,5012966,57.74608241716196,20.132651508493453,25.43841345227746,1.7881444068452552,32.3076689648845,-14.549572106034805,-17.758096858849694
131,117,117,2020-05-25,"48,850",100,14337913,7080068,6856281,223787,1864864,4090677,-2225813,2002026,,,5392981,3390955,37.613430908668505,8.312502598684496,23.650269045432204,-11.042842634033455,13.963161863236301,1.5608059555110985,-15.523967818747401
132,116,116,2020-05-26,"49,250",400,15127490,7483678,5821982,1661696,3211317,4057311,-845994,-815702,,,4432495,5248197,29.300928309984013,-1.2228940293396775,34.69311167946566,-11.947806010345394,-5.3921833694816526,10.984611459006087,-5.592428089524435
133,115,115,2020-05-27,"49,900",650,19548479,7943324,7819126,124198,5638212,2611763,3026449,-3150647,,,5966943,9117590,30.523822339323694,1.2560369471283046,46.64091768981106,0.8296164024435058,-16.117095350487368,0.6353333167250506,15.48176203376232
134,114,114,2020-05-28,"50,400",500,31309318,13880170,11109010,2771160,8265604,5857102,2408502,-5179662,,,9163544,14343206,29.267785392195385,16.28408403464373,45.811301287367534,26.0364101317798,-16.543515895172167,8.850911412378894,7.69260448279327
135,113,113,2020-05-29,"50,700",300,27596961,8598574,10491385,-1892811,15415280,11648307,3766973,-1874162,,,3583107,5457269,12.983701357551654,-15.322901975482154,19.77489115558775,-20.570144944382374,-6.791189798036095,-6.858766079351997,13.649955877388091
136,112,112,2020-06-01,"51,200",500,16949183,8267920,6170209,2097711,3883525,3940820,-57295,-2040416,,,4797738,6838154,28.30660333303381,-2.994926509926572,40.34503609997013,4.9831418518711255,-12.038432766936314,12.376472659478633,-0.3380398925423131
137,111,111,2020-06-02,"51,400",200,14247933,7258948,6357564,901384,2529164,2852030,-322866,-578518,,,4459821,5038339,31.301529842960377,-3.0322877316481858,35.361894248099006,-25.04172618052984,-4.0603644051386265,6.326419418171043,-2.2660550130324166
138,110,110,2020-06-03,"54,500","3,100",49257814,22439769,12877071,9562698,9905957,6627240,3278717,-12841415,,,16912088,29753503,34.33381757460857,0.8314851474337956,60.403620428628855,18.814139844007148,-26.06980285402028,19.413565530942968,6.656237323077309
139,109,109,2020-06-04,"54,600",100,40220334,17549603,15940604,1608999,9195981,7552302,1643679,-3252678,,,13474750,16727428,33.50233242717477,6.191567729069643,41.5894805846217,2.785440121246218,-8.087148157446927,4.0004615575793085,4.086686599867619
140,108,108,2020-06-05,"55,500",900,22743629,12687208,9938655,2748553,3844962,3979527,-134565,-2613988,,,6211459,8825447,27.31076469810513,-10.819047454944425,38.80404046337548,11.510779091651356,-11.493275765270353,12.084935961626881,-0.5916601963565269
141,107,107,2020-06-08,"54,900",-600,25634965,11523849,12668890,-1145041,4336552,5969457,-1632905,2777946,,,9774564,6996618,38.12981215304956,-0.17074090305555245,27.293261371724125,-4.313311465094468,10.836550781325428,-4.4667156752505806,-6.369835106074849
142,106,106,2020-06-09,"55,500",600,23998831,10595919,13319422,-2723503,4211227,3094201,1117026,1606477,,,9191685,7585208,38.30055305610511,12.44883551320394,31.6065728368186,1.3396765030408204,6.693980219286513,-11.348481932307454,4.654501713020939
143,105,105,2020-06-10,"55,400",-100,16742493,8288528,7199036,1089492,4125743,4476024,-350281,-739211,,,4328222,5067433,25.851717542901174,-19.79670136126784,30.266896333777773,9.173550022424713,-4.415178790876603,6.50734630738684,-2.092167516510236
144,104,104,2020-06-11,"54,300","-1,100",33815123,13674291,20369695,-6695404,4704763,6312687,-1607924,8303328,,,15436069,7132741,45.648418904169006,-1.4006916410155907,21.09334631135306,-16.271099495124172,24.555072592815947,-19.800028525698398,-4.755044067117544
145,103,103,2020-06-12,"52,300","-2,000",26976019,9455821,11272827,-1817006,4828221,5623752,-795531,2612537,,,12691977,10079440,47.04911054518461,-3.0465957614500354,37.36444580647723,6.060623716255662,9.684664738707367,-6.735634342487674,-2.9490303962196944
146,102,102,2020-06-15,"49,900","-2,400",28772921,9309859,13176403,-3866544,5049064,6589494,-1540430,5406974,,,14413998,9007024,50.09570630663464,21.24830708500533,31.303822090221573,-2.033054224496979,18.791884216413067,-13.438135113219822,-5.353749103193242
147,101,101,2020-06-16,"52,100","2,200",21808375,11969652,8859331,3110321,3547574,5678813,-2131239,-979082,,,6291149,7270231,28.847399221629306,11.737954115144547,33.336876314718545,10.256553608960068,-4.4894770930892385,14.26204841030109,-9.772571317211849
148,100,100,2020-06-17,"52,200",100,26672595,12827521,12979182,-151661,9281541,7537292,1744249,-1592588,,,4563533,6156121,17.109445106484767,-3.3857007760651534,23.08032270575848,3.4414030235926454,-5.970877599273711,-0.5686023425917126,6.539479941865424
149,99,99,2020-06-18,"52,300",100,15982926,7720237,8129722,-409485,4986965,4714330,272635,136850,,,3275724,3138874,20.495145882549924,4.516451109974655,19.638919682165827,-4.434869342332206,0.8562262003840848,-2.5620152405135332,1.7057890401294482
150,98,98,2020-06-19,"52,900",600,18157985,7603628,8121314,-517686,7652948,5665356,1987592,-1469906,,,2901409,4371315,15.97869477257526,-13.894730653198303,24.073789024498037,4.225201748615607,-8.095094251922777,-2.851010175413186,10.946104427335964
151,97,97,2020-06-22,"52,000",-900,13801350,7409457,7405819,3638,2268957,3656158,-1387201,1383563,,,4122936,2739373,29.87342542577357,-3.61540625052773,19.84858727588243,-2.389752864131875,10.024838149891133,0.026359740170345654,-10.05119789006148
152,96,96,2020-06-23,"51,400",-600,18086152,9289508,10850224,-1560716,2739803,3213868,-474065,2034781,,,6056841,4022060,33.48883167630129,5.5906996060252965,22.238340140014305,-22.355741350544747,11.250491536286988,-8.629342493638227,-2.6211490426487623
153,95,95,2020-06-24,"52,900","1,500",24519552,11584112,10309536,1274576,6094943,3275747,2819196,-4093772,,,6840497,10934269,27.898132070276,-5.1865157469810015,44.594081490559034,23.412970278294143,-16.695949420283046,5.19820264252789,11.497746777755154
154,94,94,2020-06-25,"51,900","-1,000",18541624,8516119,12346277,-3830158,3891074,2268025,1623049,2207109,,,6134431,3927322,33.084647817257,10.117860704550656,21.181111212264906,-18.992637916370725,11.903536604992098,-20.657079444605287,8.753542839613186
155,93,93,2020-06-26,"53,300","1,400",21575360,11059519,9614557,1444962,5560674,3293172,2267502,-3712464,,,4955167,8667631,22.966787112706342,-4.572030764963722,40.17374912863563,20.631156694904824,-17.206962015929278,6.697278747608383,10.5096832683209
156,92,92,2020-06-29,"52,400",-900,17776925,9594661,10478909,-884248,3286709,3823944,-537235,1421483,,,4895555,3474072,27.53881787767007,10.007944658886386,19.542592433730803,-11.51411968261442,7.996225443939264,-4.974133602971269,-3.022091840967996
157,91,91,2020-06-30,"52,800",400,21157172,10311976,9071273,1240703,7136159,5515177,1620982,-2861685,,,3709037,6570722,17.530873218783682,-9.802258073100985,31.056712116345224,10.958685899282436,-13.525838897561545,5.86421947129796,7.661619426263585
158,90,90,2020-07-01,"52,600",-200,16706143,8449077,8021941,427136,3690754,5326597,-1635843,1208707,,,4566312,3357605,27.333131291884666,5.528147011431796,20.098026217062788,2.2297768315014683,7.2351050748218775,2.556760109140692,-9.791865183962571
159,89,89,2020-07-02,"52,900",300,14142583,6957082,7427264,-470182,4101713,4188287,-86574,556756,,,3083788,2527032,21.80498428045287,-0.98223038242865,17.86824938556132,-26.875610489060435,3.936734894891549,-3.324583635111068,-0.61215125978048
160,88,88,2020-07-03,"53,600",700,11887868,6409811,5418146,991665,2769143,1150631,1618512,-2610177,,,2708914,5319091,22.787214662881517,-6.5326550853631815,44.743859874621755,-13.34049313948342,-21.956645211740238,8.341823782027191,13.614821429713047
161,87,87,2020-07-06,"55,000","1,400",19856623,10962106,6599152,4362954,3072581,1723880,1348701,-5711655,,,5821936,11533591,29.319869748244706,-16.08293412400094,58.084353014105176,27.92017113028919,-28.764483265860466,21.9722860226535,6.792197243206965
162,86,86,2020-07-07,"53,400","-1,600",30760032,11690461,15754835,-4064374,5103654,5726685,-623031,4687405,,,13965917,9278512,45.402803872245634,17.045820997593193,30.16418188381599,10.522334166398972,15.23862198842966,-13.21316570802007,-2.0254562804095912
163,85,85,2020-07-08,"53,000",-400,19664652,8894979,10392756,-1497777,5193371,5409395,-216024,1713801,,,5576302,3862501,28.35698287465245,1.075822383648422,19.64184771741702,-3.1069246259339915,8.71513515723543,-7.616595503444454,-1.0985396537909748
164,84,84,2020-07-09,"52,800",-200,17054850,7672370,9955619,-2283249,4729719,3219462,1510257,772992,,,4652761,3879769,27.281160491004034,-11.433563062753368,22.74877234335101,-1.4409720383531806,4.5323881476530135,-13.387681509951715,8.855293362298701
165,83,83,2020-07-10,"52,700",-100,13714746,4794904,8391496,-3596592,3610216,2005688,1604528,1992064,,,5309626,3317562,38.7147235537574,17.16230948952897,24.18974438170419,-15.212967406709518,14.524979172053206,-26.22426984794323,11.699290675890026
166,82,82,2020-07-13,"53,400",700,12240188,5554184,4451949,1102235,4047948,2965273,1082675,-2184910,,,2638056,4822966,21.552414064228426,2.4103063327925867,39.40271178841371,15.468461608098853,-17.850297724185282,9.005049595643465,8.845248128541819
167,81,81,2020-07-14,"53,800",400,14269484,6236669,7848374,-1611705,5301335,3005816,2295519,-683814,,,2731480,3415294,19.14210773143584,2.19668448252569,23.93425018031486,-24.56351190887311,-4.792142448879019,-11.294767210923677,16.086909659802693
168,80,80,2020-07-15,"54,700",900,24051450,9083044,6919714,2163330,10892786,5467321,5425465,-7588795,,,4075620,11664415,16.94542324891015,-8.577477912753388,48.497762089187965,29.831183071101986,-31.55233884027782,8.994592841595829,22.557745998681987
169,79,79,2020-07-16,"53,800",-900,16779127,7189935,7148904,41031,5306672,6498134,-1191462,1150431,,,4282520,3132089,25.522901161663537,6.606656255424799,18.666579018085987,-18.992389616963294,6.856322143577553,0.2445359642369952,-7.100858107814548
170,78,78,2020-07-17,"54,400",600,10096174,4248884,3887454,361430,3937473,2406605,1530868,-1892298,,,1909817,3802115,18.916244906238735,-5.781766900532213,37.658968635049284,13.351819381133275,-18.74272372881054,3.579870949133801,15.162852779676735
171,77,77,2020-07-20,"54,200",-200,10507530,4463568,5641250,-1177682,3448811,2312199,1136612,41070,,,2595151,2554081,24.698011806770953,6.330813657977092,24.307149253916002,-33.486323648584154,0.3908625528549526,-11.207981323869646,10.817118771014693
172,76,76,2020-07-21,"55,300","1,100",18297260,7307011,5774394,1532617,7629555,1948244,5681311,-7213928,,,3360694,10574622,18.36719814879386,-13.761980635591804,57.793472902500156,35.78265835973174,-39.426274753706295,8.376210427134993,31.050064326571302
173,75,75,2020-07-22,"54,700",-600,12885057,5022943,5934137,-911194,3722251,4114814,-392563,1303757,,,4139863,2836106,32.129178784385665,-9.340467835162293,22.010814542768426,5.265970962789176,10.118364241617249,-7.071711052578193,-3.046653189039055
174,74,74,2020-07-23,"54,100",-600,16214932,4985462,7734677,-2749215,4505195,5765090,-1259895,4009110,,,6724275,2715165,41.469646619547966,16.501314625516383,16.744843579979243,-11.3246564034216,24.72480303956871,-16.954835209916393,-7.769967829652322
175,73,73,2020-07-24,"54,200",100,10994535,4729772,5789967,-1060195,3519611,2118457,1401154,-340959,,,2745152,3086111,24.968331994031573,5.75572101793302,28.069499983400842,-31.549332564879627,-3.1011679893692636,-9.642927145168029,12.744095134537293
176,72,72,2020-07-27,"55,600","1,400",21054421,7941945,6377707,1564238,9067372,2124314,6943058,-8507296,,,4045104,12552400,19.21261097609856,-3.3292473648024945,59.618832548280466,3.8798977386978066,-40.40622157218192,7.429499011157799,32.976722561024125
177,71,71,2020-07-28,"58,600","3,000",48431566,16570592,16356101,214491,20943599,5080226,15863373,-16077864,,,10917375,26995239,22.54185834090105,-7.481720329825787,55.73893480958265,16.634740069561452,-33.1970764686816,0.4428743848588336,32.75420208382277
178,70,70,2020-07-29,"59,000",400,36476611,12869490,14322654,-1453164,12655537,7890072,4765465,-3312301,,,10951584,14263885,30.023578670726838,0.7142281656751841,39.10419474002122,6.9505199876676915,-9.080616069294376,-3.9838240454958935,13.064440114790271
179,69,69,2020-07-30,"59,000",0,19285354,8608310,9636325,-1028015,5024632,3448079,1576553,-548538,,,5652412,6200950,29.309350505051647,-9.819296471970306,32.153674752353524,8.949979053270273,-2.8443242473018646,-5.330547730676865,8.174871977978729
180,68,68,2020-07-31,"57,900","-1,100",21943345,8912779,11098657,-2185878,4444432,5753021,-1308589,3494467,,,8586134,5091667,39.12864697702197,-8.650849538398937,23.20369569908325,-2.3847506030471948,15.924951277938712,-9.961462119836334,-5.9634891581023775
181,67,67,2020-08-03,"56,800","-1,100",21158940,7834321,9426432,-1592111,3214984,6318264,-3103280,4695391,,,10109635,5414244,47.779496515420895,17.886069770385674,25.58844630213045,4.9794397956427545,22.191050213290453,-7.524531002025621,-14.666519211264836
182,66,66,2020-08-04,"57,300",500,19419694,9707257,10329448,-622191,3907225,5088040,-1180815,1803006,,,5805212,4002206,29.893426745035228,-16.974193270764363,20.60900650648769,-1.7226037242568315,9.284420238547527,-3.2039176312458886,-6.080502607301638
183,65,65,2020-08-05,"56,900",-400,17739706,6249162,9129786,-2880624,3176366,4648358,-1471992,4352616,,,8314178,3961562,46.86762001579959,16.27458594929203,22.331610230744523,-11.864607688586734,24.53600978505506,-16.238284896040554,-8.297724889014509
184,64,64,2020-08-06,"58,000","1,100",21625874,11635513,11487757,147756,3374350,2742886,631464,-779220,,,6616011,7395231,30.59303406650756,-1.1314314851003324,34.19621791933126,12.591673652798223,-3.6031838528237055,0.6832371260463277,2.9199467267773778
185,63,63,2020-08-07,"57,500",-500,18751717,8182263,11540534,-3358271,4620572,3159960,1460612,1897659,,,5948882,4051223,31.72446555160789,-2.223588972761039,21.60454426653304,-7.613375030501096,10.119921285074854,-17.90913866714179,7.789217382066933
186,62,62,2020-08-10,"57,800",300,17774291,8519154,9147785,-628631,3221111,3433228,-212117,840748,,,6034026,5193278,33.94805452436893,3.7217232285140183,29.21791929703413,-9.906713068777993,4.730135227334807,-3.536743040833528,-1.1933921865012789
187,61,61,2020-08-11,"58,200",400,24907912,12976398,12057921,918477,4402766,3104862,1297904,-2216381,,,7528748,9745129,30.226331295854912,1.1420888300423329,39.12463236581212,9.122312986406552,-8.898301069957208,3.687490946651811,5.210810123305398
188,60,60,2020-08-12,"59,000",800,18573934,9597930,9650420,-52490,3573916,3350903,223013,-170523,,,5402088,5572611,29.08424246581257,-0.2129925050739878,30.00231937940557,5.653430814451967,-0.9180769135929956,-0.28260033657920824,1.2006772501722036
189,59,59,2020-08-13,"58,700",-300,22089460,12226356,12000424,225932,3391503,4710498,-1318995,1093063,,,6471601,5378538,29.297234970886564,-5.350219929235613,24.348888564953604,-6.442269324625045,4.9483464059329645,1.0228045411703135,-5.971150947103278
190,58,58,2020-08-14,"58,000",-700,15672548,7882446,7242288,640158,2359963,3604501,-1244538,604380,,,5430139,4825759,34.64745490012218,9.74666631003196,30.79115788957865,-13.293894855965474,3.856297010543532,4.084581524331589,-7.940878534875121
191,57,57,2020-08-18,"58,400",400,25307825,12186973,8582567,3604406,6819004,5568290,1250714,-4855120,,,6301848,11156968,24.90078859009022,-7.892431827778625,44.08505274554412,19.28494827272167,-19.184264155453896,14.242259064143205,4.942005091310691
192,56,56,2020-08-19,"57,800",-600,16930719,8422351,9220692,-798341,2956240,3511191,-554951,1353292,,,5552128,4198836,32.793220417868845,-16.371913993080348,24.80010447282245,-5.7480958201477215,7.993115945046397,-4.715340204984797,-3.277775740061601
193,55,55,2020-08-20,"55,400","-2,400",30386029,13010476,18274923,-5264447,2436221,2828721,-392500,5656947,,,14939332,9282385,49.16513441094919,17.7846234653032,30.548200292970172,1.1746481022139008,18.616934117979017,-17.325222061757394,-1.291712056221627
194,54,54,2020-08-21,"55,900",500,21142288,10371369,11939098,-1567729,4136361,2992949,1143412,424317,,,6634558,6210241,31.380510945645995,1.0296968858251745,29.373552190756268,5.763127410988925,2.0069587548897263,-7.415134066852177,5.4081753119624505
195,53,53,2020-08-24,"56,100",200,15055896,8068103,9261564,-1193461,2418206,2239571,178635,1014826,,,4569587,3554761,30.35081405982082,0.32709725790550337,23.610424779767342,-0.12273748544933485,6.740389280053475,-7.926867985804365,1.18647870575089
196,52,52,2020-08-25,"56,400",300,14021705,7467436,8646072,-1178636,2344432,2047839,296593,882043,,,4209837,3327794,30.02371680191532,0.18078987741620972,23.73316226521668,5.754796233323692,6.29055453669864,-8.405796584652151,2.115242047953512
197,51,51,2020-08-26,"56,400",0,17651593,7824319,11055547,-3231228,4559522,3422578,1136944,2094284,,,5267752,3173468,29.84292692449911,-11.225822948930874,17.978366031892985,-5.904100920365046,11.864560892606125,-18.305588623077814,6.441027730471692
198,50,50,2020-08-27,"55,600",-800,16196568,6363117,9211509,-2848392,3181723,3116919,64804,2783588,,,6651728,3868140,41.06874987342997,0.7620936254477755,23.882466952258028,-0.8111011516836691,17.18628292117194,-17.586392376459013,0.4001094552870707
199,49,49,2020-08-28,"55,400",-200,14619888,7529973,7101937,428036,1197127,3907779,-2710652,2282616,,,5892788,3610172,40.30665624798221,-6.452183074535277,24.693568103941693,9.806413244458778,15.613088144040502,2.927765246902028,-18.54085339094253
200,48,48,2020-08-31,"54,000","-1,400",32671367,11677827,12187693,-509866,5716788,15619837,-9903049,10412915,,,15276752,4863837,46.75883932251748,15.360191057364721,14.887154859482925,-4.1149252291722265,31.87168446303456,-1.5605897359605432,-30.311094727074014
201,47,47,2020-09-01,"54,200",200,19363117,8325888,9278228,-952340,4957472,6405494,-1448022,2400362,,,6079757,3679395,31.398648265152758,-0.7697659458218276,19.00208008865515,-6.322426884516009,12.396568176497615,-4.918319710612708,-7.47824846588491
202,46,46,2020-09-02,"54,400",200,16905723,7518797,7459268,59529,3948623,5165164,-1216541,1157012,,,5438303,4281291,32.16841421097459,7.393184969532302,25.324506973171157,-14.548499538737278,6.8439072378034345,0.3521233608287561,-7.196030598632191
203,45,45,2020-09-03,"56,400","2,000",28384920,11438303,11173267,265036,9914188,5893732,4020456,-4285492,,,7032429,11317921,24.77522924144229,-17.08224117437255,39.873006511908436,18.05962639801135,-15.097777270466151,0.9337211448896104,14.164056125576536
204,44,44,2020-09-04,"55,600",-800,22139109,7897948,10406928,-2508980,4974290,6902893,-1928603,4437583,,,9266871,4829288,41.85747041581485,-1.565060393544954,21.813380113897086,-16.38283007261808,20.044090301917752,-11.332795732655725,-8.711294569262025
205,43,43,2020-09-07,"56,500",900,18685880,7276449,8174334,-897885,3295549,3374248,-78699,976584,,,8113882,7137298,43.42253080935979,12.383737147929573,38.196210186515174,-16.508782465190933,5.2263206228446295,-4.805152339627568,-0.4211682832170602
206,42,42,2020-09-08,"58,700","2,200",31517520,13837893,10949638,2888255,7896969,3326225,4570744,-7458999,,,9782658,17241657,31.038793661430216,0.5230233503655377,54.704992651706114,15.6721356431741,-23.666198990275888,9.163966581126939,14.502232409148945
207,41,41,2020-09-09,"58,400",-300,30597399,12809298,12488363,320935,8451069,6165997,2285072,-2606007,,,9337032,11943039,30.51577031106468,7.1779612002826525,39.032857008532,2.252426458993213,-8.517086697467326,1.048896345731871,7.468190351735452
208,40,40,2020-09-10,"59,200",800,29923293,12039173,13494751,-1455578,10900679,5422626,5478053,-4022475,,,6983441,11005916,23.337809110782022,-18.6635634224946,36.78043054953879,5.513330853950984,-13.442621438756756,-4.864364359898492,18.306985798655244
209,39,39,2020-09-11,"59,000",-200,16017098,6147564,7229185,-1081621,3142133,3779831,-637698,1719319,,,6727401,5008082,42.001372533276616,3.145624686760975,31.267099695587802,-20.134385009119576,10.734272837688824,-6.752914916297573,-3.9813579213912527
210,38,38,2020-09-14,"60,400","1,400",20648281,9431478,7939575,1491903,3193759,2095183,1098576,-2590479,,,8023044,10613523,38.85574784651565,4.6196661608931375,51.401484704707386,4.347741293103411,-12.54573685819173,7.2253133323786125,5.320423525813117
211,37,37,2020-09-15,"61,000",600,17877075,5483976,7350982,-1867006,6272689,2114260,4158429,-2291423,,,6120410,8411833,34.23608168562251,6.337724011237638,47.05374341160397,10.829483307824027,-12.817661725981463,-10.443576479933098,23.26123820591456
212,36,36,2020-09-16,"61,000",0,17041444,6109998,7813547,-1703549,6177163,3054760,3122403,-1418854,,,4754283,6173137,27.898357674384872,-17.299993822622735,36.22426010377993,7.857325207683992,-8.325902429395068,-9.996506164618443,18.322408594013513
213,35,35,2020-09-17,"59,500","-1,500",25108356,8553983,10705017,-2151034,5205810,7280868,-2075058,4226092,,,11348563,7122471,45.19835149700761,18.649397856493344,28.366934896095948,10.872949991699658,16.831416600911666,-8.56700454621561,-8.264412054696054
214,34,34,2020-09-18,"59,300",-200,18884571,8330120,8140234,189886,5540795,7440673,-1899878,1709992,,,5013656,3303664,26.548953640514263,-5.048257183753307,17.493984904396292,-12.049672070818415,9.054968736117967,1.0055086768981938,-10.06047741301616
215,33,33,2020-09-21,"59,200",-100,15140387,7691994,7067776,624218,2664453,3599587,-935134,310916,,,4783940,4473024,31.59721082426757,-11.308000559047985,29.543656975214706,6.0857711112931545,2.0535538490528675,4.122866872557485,-6.176420721610353
216,32,32,2020-09-22,"58,200","-1,000",20830381,8504108,12529285,-4025177,3388954,3414729,-25775,4050952,,,8937319,4886367,42.905211383315546,11.681946844470467,23.45788586392155,1.7714073804267656,19.447325519394003,-19.32358798430043,-0.1237375350935732
217,31,31,2020-09-23,"58,600",400,20111398,10711496,12496178,-1784682,3120467,3253766,-133299,1917981,,,6279435,4361454,31.22326453884509,-2.389097551382548,21.68647848349479,-2.445417289796296,9.536786055350305,-8.873982803184543,-0.6628032521657621
218,30,30,2020-09-24,"57,800",-800,17564020,8213923,8516139,-302216,3446415,4809350,-1362935,1665151,,,5903682,4238531,33.612362090227634,-3.529496710055433,24.131895773291077,-3.3556283459877143,9.480466316936557,-1.7206539277454709,-7.759812389191085
219,29,29,2020-09-25,"57,900",100,11444683,4331440,4489045,-157605,2862475,3809778,-947303,1104908,,,4250768,3145860,37.14185880028307,8.297266091183397,27.487524119278802,1.7546684532294314,9.654334681004269,-1.3771023627303614,-8.27723231827391
220,28,28,2020-09-28,"58,200",300,12614080,5725234,4658138,1067096,3250366,4709979,-1459613,392517,,,3638480,3245963,28.844592709099675,4.335910414584532,25.73285566604936,9.275335546319466,3.1117370430503057,8.459562647454273,-11.57129969050458
221,27,27,2020-09-29,"58,200",0,15503563,6270202,5968135,302067,5433642,6983926,-1550284,1248217,,,3799719,2551502,24.508682294515143,4.804563967947825,16.457520119729896,-6.1539523582438935,8.051162174785242,1.9483714808008967,-9.999533655586136
222,26,26,2020-10-05,"58,700",500,20228289,9093181,7502291,1590890,7149302,8152084,-1002782,-588108,,,3985806,4573914,19.704118326567315,-2.7319991986296834,22.61147247797379,-2.176436336747848,-2.9073541514064782,7.864679014621553,-4.957324863215074
223,25,25,2020-10-06,"59,000",300,14463826,7646332,8077745,-431413,3572373,2800801,771572,-340159,,,3245121,3585280,22.436117525197,4.934655054673499,24.787908814721646,-13.873352329424861,-2.3517912895246393,-2.9827031934703863,5.334494482995026
224,24,24,2020-10-07,"59,900",900,14861838,8541375,6536197,2005178,3719424,2579867,1139557,-3144735,,,2601039,5745774,17.5014624705235,-8.262159247054807,38.6612611441465,7.293526945374676,-21.159798673623012,13.49212661314166,7.667672060481348
225,23,23,2020-10-08,"59,700",-200,24589924,9921649,13257993,-3336344,8333020,3618629,4714391,-1378047,,,6335255,7713302,25.76362171757831,9.653376085840543,31.367734198771824,-9.197700717981023,-5.604112481193516,-13.567931320161867,19.172043801355386
226,22,22,2020-10-12,"60,400",700,16145837,6819275,6060359,758916,6725428,3535849,3189579,-3948495,,,2601134,6549629,16.110245631737765,-6.78097147440896,40.56543491675286,3.2876836963559057,-24.455189285015077,4.7003819003003695,19.75480738471471
227,21,21,2020-10-13,"60,900",500,19247631,9478852,8857169,621683,5362762,3215378,2147384,-2769067,,,4406017,7175084,22.89121710614673,7.095799321684067,37.277751220396944,10.930248100431378,-14.386534114250214,3.2299195677639503,11.156614546486267
228,20,20,2020-10-14,"60,900",0,16086716,6563331,6766020,-202689,6982421,5082248,1900173,-1697484,,,2540964,4238448,15.795417784462659,-11.409188463079053,26.347503119965573,5.0605938252458325,-10.552085335502909,-1.2599774870147518,11.81206282251766
229,19,19,2020-10-15,"60,000",-900,17756232,8351348,8589349,-238001,4574371,5387130,-812759,1050760,,,4830513,3779753,27.204606247541708,2.1307971393944642,21.286909294719734,-1.1341031498637797,5.917696952821973,-1.3403800986605716,-4.577316854161402
230,18,18,2020-10-16,"59,500",-500,16554190,8305276,8177542,127734,4098148,4665031,-566883,439149,,,4150766,3711617,25.073809108147245,11.528703534635424,22.42101244458352,0.3771139534969947,2.652796663563726,0.7716112959921325,-3.4244079595558587
231,17,17,2020-10-19,"60,000",500,14474985,9625220,8725632,899588,2889113,2558502,330611,-1230199,,,1960652,3190851,13.54510557351182,0.1287826343178846,22.04389849108652,-24.97224520877245,-8.498792917574699,6.214776733792816,2.2840161837818833
232,16,16,2020-10-20,"60,900",900,19326115,9016172,7345042,1671130,7717089,2894679,4822410,-6493540,,,2592854,9086394,13.416322939193936,-4.8345217959383495,47.01614369985897,22.369217544875003,-33.59982076066504,8.647004325494287,24.952816435170757
233,15,15,2020-10-21,"60,900",0,15703443,8448717,8910433,-461716,4388715,2922594,1466121,-1004405,,,2866011,3870416,18.25084473513229,-13.891190140108154,24.64692615498398,10.597096487558373,-6.396081419851685,-2.94022145334625,9.336302873197935
234,14,14,2020-10-22,"60,100",-800,14294095,6139033,6044341,94692,3560649,6241458,-2680809,2586117,,,4594413,2008296,32.14203487524044,10.167050772720788,14.049829667425607,-5.7957609593684944,18.092205207814835,0.6624553705568628,-18.7546605783717
235,13,13,2020-10-23,"60,200",100,9322232,4165179,4224150,-58971,3108494,3248030,-139536,198507,,,2048559,1850052,21.97498410251965,-3.867641731559449,19.845590626794106,-17.398762913762113,2.129393475725556,-0.6325845570030868,-1.4968089187224691
236,12,12,2020-10-26,"60,400",200,13268226,7414586,6726804,687782,2424782,1599757,825025,-1512807,,,3428858,4941665,25.842625834079104,-4.281480097087332,37.24435354055621,22.485022131626085,-11.401727706477113,5.183677154730407,6.218050551746707
237,11,11,2020-10-27,"59,800",-600,17260416,6402172,9127410,-2725238,5658698,5585484,73214,2652024,,,5199546,2547522,30.124105931166433,-12.957333088156064,14.759331408930118,-4.966937057330815,15.364774522236312,-15.788947381105995,0.4241728588696819
238,10,10,2020-10-28,"59,000",-800,14428882,5986879,8050393,-2063514,2225833,3532209,-1306376,3369890,,,6216170,2846280,43.08143901932249,-9.442423940051127,19.726268466260933,0.274381671891053,23.35517055306156,-14.301274346827428,-9.053896206234137
239,9,9,2020-10-29,"58,100",-900,22636966,8065279,12611948,-4546669,2681878,5621701,-2939823,7486492,,,11889809,4403317,52.523862959373616,4.028937093146658,19.451886794369887,4.497589452672793,33.07197616500374,-20.08515187061729,-12.986824294386446
240,8,8,2020-10-30,"56,600","-1,500",26907844,8665245,11314279,-2649034,5193660,11569686,-6376026,9025060,,,13048939,4023879,48.49492586622696,16.76579859860396,14.954297341697087,-10.727958900604902,33.54062852452987,-9.844839296674976,-23.695789227854892
