,Unnamed: 0,Unnamed: 0.1,날짜,종가,대비,거래량,기관 매수,기관 매도,기관 순매수,외국인 매수,외국인 매도,외국인 순매수,개인 순매수,개인 매수,개인 매도,개인매수비율(%),개인매수비율증가(%p),개인매도비율(%),개인매도비율증가(%p),개인 순매수비율,기관 순매수비율,외국인 순매수비율
15,233,233,2019-12-02,234000.0,3000.0,158683,67851,61611,6240,78566,67553,11013,-17253,12266,29519,7.729876546321912,-7.984635814136159,18.602496801799813,-19.850498842472838,-10.872620255477905,3.932368306623898,6.940251948854004
16,232,232,2019-12-03,237000.0,3000.0,138668,56427,43895,12532,60450,41451,18999,-31531,21791,53322,15.714512360458071,-44.83798437853919,38.452995644272654,25.96839982844544,-22.738483283814574,9.037413101797098,13.701070182017482
17,231,231,2019-12-04,224000.0,-13000.0,555044,100625,286884,-186259,118326,198865,-80539,266798,336093,69295,60.552496738997256,14.277933139422515,12.484595815827214,-6.657693014379584,48.06790092317006,-33.55751976419887,-14.510381158971178
18,230,230,2019-12-05,222000.0,-2000.0,291590,39014,134833,-95819,117644,100940,16704,79115,134932,55817,46.27456359957475,21.489000748489275,19.1422888302068,-25.0526218233622,27.132274769367946,-32.860866284852015,5.728591515484071
19,229,229,2019-12-06,225500.0,3500.0,174993,59802,39037,20765,71818,58618,13200,-33965,43373,77338,24.78556285108548,-9.098726268554273,44.194910653569,24.95364386186993,-19.409347802483527,11.866188933271616,7.543158869211911
20,228,228,2019-12-09,223000.0,-2500.0,196749,68176,82293,-14117,61906,76599,-14693,28810,66667,37857,33.884289119639746,11.605371257550859,19.241266791699072,-19.283790788524442,14.643022327940676,-7.17513176687048,-7.467890561070196
21,227,227,2019-12-10,226500.0,3500.0,135029,27499,25407,2092,77447,57602,19845,-21937,30083,52020,22.278917862088885,7.701794005637634,38.52505758022351,5.188852812493842,-16.24613971813462,1.549296817720638,14.696842900413985
22,226,226,2019-12-11,227500.0,1000.0,174129,46817,43052,3765,101929,73029,28900,-32665,25383,58048,14.577123856451252,4.850784949982732,33.336204767729676,21.74910397275105,-18.75908091127842,2.1621901004427757,16.596890810835646
23,225,225,2019-12-12,228500.0,1000.0,269567,166174,182723,-16549,77174,55609,21565,-5016,26219,31235,9.726338906468524,-16.897388801603775,11.587100794978616,-11.284974864553494,-1.8607618885100918,-6.139104563985947,7.99986645249604
24,224,224,2019-12-13,229500.0,1000.0,233044,74287,43201,31086,96712,136541,-39829,8743,62045,53302,26.6237277080723,19.379514342621626,22.872075659532108,-25.701727785731286,3.7516520485401896,13.339111927361355,-17.090763975901545
25,223,223,2019-12-16,233500.0,4000.0,235802,97085,46095,50990,121635,75169,46466,-97456,17082,114538,7.244213365450674,-5.631623958267765,48.573803445263394,13.67848807706001,-41.329590079812725,21.624074435331334,19.705515644481387
26,222,222,2019-12-17,234500.0,1000.0,228257,70534,45551,24983,128333,103055,25278,-50261,29390,79651,12.875837323718441,-44.20016582340981,34.895315368203384,13.447321662459874,-22.019478044484945,10.945118879158144,11.074359165326802
27,221,221,2019-12-18,227000.0,-7500.0,317750,66147,78416,-12269,70244,171183,-100939,113208,181359,68151,57.07600314712824,32.94891195225973,21.44799370574351,0.6489965883947839,35.62800944138473,-3.861211644374509,-31.76679779701023
28,220,220,2019-12-19,228500.0,1500.0,157147,51985,33056,18929,67247,91406,-24159,5230,37915,32685,24.1270911948685,-5.5851643319132505,20.798997117348726,-16.184444165822054,3.3280940775197743,12.045409711925776,-15.37350378944555
29,219,219,2019-12-20,228500.0,0.0,173383,44164,24764,19400,77703,84496,-6793,-12607,51516,64123,29.71225552678175,-1.5147033846734423,36.983441283170784,-16.611806387584622,-7.271185756389035,11.189101584353716,-3.9179158279646793
30,218,218,2019-12-23,228000.0,-500.0,119352,57431,36191,21240,24651,19194,5457,-26697,37270,63967,31.226958911455192,-19.160225224782213,53.595247670755406,-10.059017781035921,-22.368288759300217,17.796098934244927,4.572189825055299
31,217,217,2019-12-24,225000.0,-3000.0,217855,61751,29512,32239,46333,49669,-3336,-28903,109771,138674,50.3871841362374,-7.780252002750317,63.654265451791325,-17.8511494014899,-13.267081315553925,14.798375065984256,-1.531293750430332
32,216,216,2019-12-26,222500.0,-2500.0,256886,66507,25681,40826,40955,21829,19126,-59952,149424,209376,58.167436138987725,15.114826812623287,81.50541485328122,19.797160794774584,-23.3379787142935,15.892652772046745,7.445325942246756
33,215,215,2019-12-27,233000.0,10500.0,411543,93583,75696,17887,140780,81891,58889,-76776,177180,253956,43.05260932636444,19.38855025528809,61.70825405850664,12.266692599285824,-18.655644732142207,4.346325900331193,14.309318831811016
34,214,214,2019-12-30,236000.0,3000.0,193665,59336,20395,38941,88500,77519,10981,-49922,45829,95751,23.664059071076345,-27.33543689126025,49.44156145922082,31.376100908211132,-25.77750238814448,20.10740195698758,5.670100431156894
35,213,213,2020-01-02,232000.0,-4000.0,186494,47764,68394,-20630,43619,84409,-40790,61420,95111,33691,50.999495962336596,3.2511798157285337,18.06546055100969,-0.9019153118084908,32.9340354113269,-11.062018081010649,-21.872017330316254
36,212,212,2020-01-03,229000.0,-3000.0,239332,59881,94689,-34808,65174,99248,-34074,68882,114277,45395,47.74831614660807,22.937361451265666,18.967375862818177,-18.619863082501052,28.780940283789878,-14.543813614560527,-14.237126669229355
37,211,211,2020-01-06,230000.0,1000.0,151022,67526,59349,8177,46026,34908,11118,-19295,37470,56765,24.8109546953424,-4.5215019475407825,37.58723894531922,4.773192801889189,-12.776284249976824,5.414442928844804,7.361841321132021
38,210,210,2020-01-07,231500.0,1500.0,153608,67005,43653,23352,41546,59550,-18004,-5348,45057,50405,29.33245664288318,-0.8676720302983618,32.81404614343003,9.348702247221324,-3.4815895005468467,15.202333211811887,-11.72074371126504
39,209,209,2020-01-08,229000.0,-2500.0,262681,70844,85908,-15064,112507,115134,-2627,17691,79330,61639,30.200128673181553,7.370481875176807,23.46534389620871,-0.08265544158253846,6.73478477697283,-5.73471244589445,-1.0000723310783803
40,208,208,2020-01-09,232500.0,3500.0,277858,144297,108232,36065,70127,104196,-34069,-1996,63434,65430,22.82964679800473,2.2429076540451653,23.547999337791254,-50.984389155787895,-0.7183525397865097,12.979651476653542,-12.261298936867032
41,207,207,2020-01-10,249000.0,16500.0,819751,322327,97035,225292,328664,111736,216928,-442220,168760,610980,20.58673914395957,-14.071444243835671,74.53238849357916,15.392372318627892,-53.94564934961958,27.482979587704072,26.462669761915514
42,206,206,2020-01-13,259000.0,10000.0,641733,167413,141071,26342,251907,121141,130766,-157108,222413,379521,34.65818338779524,4.507022216664083,59.140016174951256,13.221788271629233,-24.481832787156034,4.104822410566388,20.37701037658964
43,205,205,2020-01-14,265500.0,6500.0,761042,133931,208605,-74674,397648,202980,194668,-119994,229463,349457,30.151161171131157,-3.31316317090942,45.91822790332202,4.871064585174466,-15.767066732190864,-9.812073446669173,25.57914017886004
44,204,204,2020-01-15,267500.0,2000.0,305110,76618,107094,-30476,126389,72777,53612,-23136,102103,125239,33.46432434204058,2.1944226127802757,41.04716331814755,11.04244022833267,-7.582838976106977,-9.988528727344237,17.571367703451212
45,203,203,2020-01-16,268500.0,1000.0,328175,143913,121737,22176,81642,107970,-26328,4152,102620,98468,31.2699017292603,-2.585753669398952,30.004723089814892,-4.544413980503184,1.265178639445418,6.75737030547726,-8.02254894492268
46,202,202,2020-01-17,269500.0,1000.0,350550,84677,137371,-52694,147192,92067,55125,-2431,118681,121112,33.85565539865925,-0.9404077842550508,34.54913707031807,-12.780357904817214,-0.6934816716588218,-15.031807160176866,15.725288831835687
47,201,201,2020-01-20,275500.0,6000.0,433345,140262,154472,-14210,142296,73773,68523,-54313,150787,205100,34.7960631829143,2.0988346950950856,47.329494975135276,5.985130107600981,-12.53343179222098,-3.2791424846254134,15.812574276846393
48,200,200,2020-01-21,275500.0,0.0,217679,55590,75592,-20002,90914,52089,38825,-18823,71175,89998,32.69722848781922,0.635346924087905,41.344364867534296,-15.32702864500056,-8.647136379715086,-9.188759595551248,17.835895975266332
49,199,199,2020-01-22,286000.0,10500.0,382214,116179,73632,42547,143490,91976,51514,-94061,122545,216606,32.061881563731305,-10.368119868131538,56.671393512534856,25.65030173880391,-24.609511948803547,11.131722019601584,13.477789929201965
50,198,198,2020-01-23,283500.0,-2500.0,460938,129226,139866,-10640,136136,178084,-41948,52588,195576,142988,42.43000143186285,6.798680941873101,31.02109177373096,-13.714756264691149,11.408909658131895,-2.3083364790926333,-9.100573179039264
51,197,197,2020-01-28,285000.0,1500.0,463275,142499,143257,-758,155705,112768,42937,-42179,165071,207250,35.63132048998975,0.10190021934494807,44.7358480384221,15.575136119687846,-9.104527548432355,-0.16361772165560412,9.268145270087961
52,196,196,2020-01-29,287000.0,2000.0,414935,112291,150614,-38323,155220,143323,11897,26426,147424,120998,35.5294202706448,-4.237605211627788,29.16071191873426,-8.092517578224832,6.3687083519105405,-9.235904418764383,2.8671960668538445
53,195,195,2020-01-30,287000.0,0.0,638954,178664,238504,-59840,206197,162419,43778,16062,254093,238031,39.767025482272594,-5.43526070271529,37.253229496959094,-0.4671348342338959,2.513795985313497,-9.365306422684576,6.851510437371077
54,194,194,2020-01-31,276000.0,-11000.0,592428,136733,204977,-68244,187904,163985,23919,44325,267791,223466,45.20228618498788,8.976246816488404,37.720364331193,-1.9801456828467248,7.4819218537948915,-11.519374506269116,4.037452652474225
55,193,193,2020-02-03,284000.0,8000.0,558416,215523,162511,53012,140601,174211,-33610,-19402,202292,221694,36.22603936849947,1.8459949886041545,39.700510014039715,-12.063079731734184,-3.4744706455402423,9.493280994813905,-6.01881034927366
56,192,192,2020-02-04,308000.0,24000.0,939164,183138,252131,-68993,433141,200888,232253,-163260,322885,486145,34.38004437989532,-11.479564248390822,51.7635897457739,8.643328066152902,-17.38354536587859,-7.346214292711389,24.729759658589977
57,191,191,2020-02-05,314000.0,6000.0,784165,157606,218393,-60787,266944,227638,39306,21481,359615,338134,45.85960862828614,-4.118848933109811,43.120261679621,-4.267697766539605,2.7393469486651405,-7.751812437433449,5.012465488768306
58,190,190,2020-02-06,318500.0,4500.0,628991,154757,170611,-15854,159874,160314,-440,16294,314360,298066,49.97845756139595,8.568367223786218,47.3879594461606,19.357024308226336,2.590498115235353,-2.5205448090672204,-0.06995330616813276
59,189,189,2020-02-07,317000.0,-1500.0,650781,160140,152542,7598,221152,315819,-94667,87069,269489,182420,41.410090337609724,5.6062947654329065,28.030935137934264,-7.662061545847258,13.379155199675465,1.1675202564303506,-14.546675456105813
60,188,188,2020-02-10,321500.0,4500.0,387188,104734,116510,-11776,143826,132479,11347,429,138628,138199,35.80379557217683,-10.045416310731495,35.69299668378152,-12.796721788677239,0.11079888839530153,-3.04141657282767,2.930617684432369
61,187,187,2020-02-11,343000.0,21500.0,874870,226180,218405,7775,247569,232243,15326,-23101,401121,424222,45.849211882908314,-3.2593538308700047,48.489718472458755,17.2947369865636,-2.640506589550448,0.8887034645147279,1.7518031250357196
62,186,186,2020-02-12,338000.0,-5000.0,641943,198523,144530,53993,128171,297159,-168988,114995,315249,200254,49.108565713778326,14.217753044656448,31.19498148589517,1.8811507041553284,17.91358422788316,8.410871370199535,-26.324455598082697
63,185,185,2020-02-13,336500.0,-1500.0,689961,154502,145271,9231,294726,342436,-47710,38479,240733,202254,34.89081266912188,-14.653904839896086,29.313830781739835,-1.5231605496815348,5.576981887382042,1.3379017074878146,-6.914883594869855
64,184,184,2020-02-14,337000.0,500.0,370649,109930,121536,-11606,77082,134816,-57734,69340,183637,114297,49.54471750901797,3.899495663726391,30.83699133142137,-11.647488213758907,18.707726177596594,-3.1312643498296238,-15.576461827766972
65,183,183,2020-02-17,338000.0,1000.0,298316,85691,88724,-3033,76458,82854,-6396,9429,136167,126738,45.645221845291566,9.22251818584646,42.484479545180285,11.873938703292904,3.1607423001112918,-1.0167071159441663,-2.144035184167125
66,182,182,2020-02-18,334000.0,-4000.0,400006,128030,145912,-17882,126283,131650,-5367,23249,145693,122444,36.42270365944511,-4.57120994675379,30.61054084188737,-9.732437388363568,5.812162817557738,-4.4704329435058465,-1.3417298740518893
67,181,181,2020-02-19,334000.0,0.0,472858,160813,146491,14322,118202,135602,-17400,3078,193843,190765,40.993913606198895,0.6173734946384712,40.342978230250935,-10.301477368131524,0.650935375947959,3.02881626196448,-3.6797516379124393
68,180,180,2020-02-20,343500.0,9500.0,527965,169156,159487,9669,145635,101093,44542,-54211,213174,267385,40.37654011156043,-1.8336396241059487,50.644455598382464,14.365646125650613,-10.267915486822043,1.8313713977252282,8.436544089096815
69,179,179,2020-02-21,336500.0,-7000.0,536065,164805,201909,-37104,144986,139678,5308,31796,226274,194478,42.21017973566639,-1.6556092973186836,36.27880947273185,2.288244318649234,5.931370262934532,-6.921548692789121,0.9901784298545884
70,178,178,2020-02-24,321000.0,-15500.0,704622,214457,174273,40184,181077,290844,-109767,69583,309088,239505,43.865789032985056,1.7818455938050448,33.990565154082624,6.877639460521415,9.875223878902448,5.702915889654311,-15.578139768556756
71,177,177,2020-02-25,321000.0,0.0,842067,234869,190616,44253,252823,423142,-170319,126066,354375,228309,42.08394343918002,0.592335512231692,27.112925693561202,-4.656319163654736,14.971017745618816,5.255282536900269,-20.226300282519084
72,176,176,2020-02-26,312000.0,-9000.0,660683,201786,215097,-13311,184769,235692,-50923,64234,274128,209894,41.491607926948326,8.461352924070468,31.76924485721593,-8.702222681426548,9.722363069732383,-2.014733238179278,-7.707629831553105
73,175,175,2020-02-27,309500.0,-2500.0,599405,186093,223509,-37416,215327,133308,82019,-44603,197985,242588,33.03025500287786,-7.729796177847554,40.47146753864249,2.675089358343584,-7.441212535764632,-6.242190171920488,13.68340270768512
74,174,174,2020-02-28,295000.0,-14500.0,919096,221444,281901,-60457,323028,289810,33218,27239,374624,347385,40.760051180725405,-7.9811720231871135,37.7963781802989,-10.672288432989376,2.9636730004265064,-6.577876522147848,3.614203521721344
75,173,173,2020-03-02,304500.0,9500.0,611983,210103,142768,67335,103592,172595,-69003,1668,298288,296620,48.74122320391253,0.5010823232243027,48.46866661328828,6.0660623436470535,0.27255659062424936,11.002756612520283,-11.275313203144533
76,172,172,2020-03-03,308000.0,3500.0,652467,185111,199853,-14742,152605,175951,-23346,38088,314751,276663,48.240140880688216,8.663037644125383,42.402604269641216,6.572007259273393,5.837536611046995,-2.2594246145782084,-3.5781119964687873
77,171,171,2020-03-04,315000.0,7000.0,491231,136912,145479,-8567,159904,169741,-9837,18404,194415,176011,39.57710323656284,3.79298672182982,35.830597010367825,-3.45090990196649,3.746506226195008,-1.7439860269404819,-2.002520199254526
78,170,170,2020-03-05,323500.0,8500.0,554299,136815,145086,-8271,219133,191476,27657,-19386,198351,217737,35.78411651473302,-13.027319475278963,39.281506912334315,-1.0029240125992231,-3.4973903976012948,-1.492154956079661,4.989545353680955
79,169,169,2020-03-06,316500.0,-7000.0,422106,100884,127671,-26787,115186,124392,-9206,35993,206036,170043,48.81143599001199,-6.636091952185468,40.284430924933545,4.644374176134789,8.527005065078441,-6.346036303677275,-2.1809687614011652
80,168,168,2020-03-09,295000.0,-21500.0,728826,144660,206987,-62327,180050,262085,-82035,144362,404116,259754,55.44752794219745,8.562653798696196,35.640056748798756,4.081961282472914,19.807471193398694,-8.551698210546824,-11.255772982851877
81,167,167,2020-03-10,293500.0,-1500.0,901344,206998,141885,65113,271752,475012,-203260,138147,422594,284447,46.88487414350125,-3.006523466232757,31.55809546632584,-15.663338558144321,15.326778677175419,7.223989952781624,-22.550768629957037
82,166,166,2020-03-11,289000.0,-4500.0,592068,135919,175240,-39321,160758,137245,23513,15808,295391,279583,49.89139760973402,6.663706419233797,47.221434024470156,9.858281052303047,2.669963585263855,-6.641297959018222,3.9713343737543663
83,165,165,2020-03-12,280000.0,-9000.0,961201,333841,255091,78750,211855,346975,-135120,56370,415505,359135,43.22769119050023,-6.955072455929455,37.363152972167114,-3.2321131010479576,5.864538218333106,8.192875371540396,-14.057413589873502
84,164,164,2020-03-13,277500.0,-2500.0,1076527,358406,253724,104682,177890,385784,-207894,103212,540231,437019,50.18276364642967,-14.268998437313948,40.59526607321507,-2.6745788046776866,9.587497573214604,9.724047794435254,-19.31154536764986
85,163,163,2020-03-16,253000.0,-24500.0,994249,203224,293050,-89826,150214,270989,-120775,210601,640811,430210,64.45176208374362,14.656263642115155,43.26984487789276,-1.896073481006212,21.181917205850848,-9.03455774157178,-12.147359464279068
86,162,162,2020-03-17,246000.0,-7000.0,990457,230919,173289,57630,266335,369819,-103484,45854,493203,447349,49.79549844162847,-15.941246624693713,45.16591835889897,-11.813514623237195,4.629580082729487,5.818526195483498,-10.448106278212986
87,161,161,2020-03-18,221500.0,-24500.0,1105362,154805,258908,-104103,223928,216625,7303,96800,726629,629829,65.73674506632217,0.7345174061713209,56.97943298213618,6.229170476455067,8.757312084185996,-9.418000618801806,0.6606885346158091
88,160,160,2020-03-19,183000.0,-38500.0,2233285,418488,485637,-67149,363112,614250,-251138,318287,1451685,1133398,65.00222766015085,10.110017643750538,50.75026250568111,-6.6758563399392665,14.251965154469762,-3.006736712958713,-11.245228441511047
89,159,159,2020-03-20,216500.0,33500.0,1818258,430427,350069,80358,389749,424034,-34285,-46073,998082,1044155,54.892210016400306,-10.602670183317557,57.426118845620366,-6.774032870958862,-2.533908829220056,4.419504822747927,-1.8855959935278712
90,158,158,2020-03-23,218500.0,2000.0,1576624,295653,279616,16037,248363,284813,-36450,20413,1032608,1012195,65.49488019971787,-7.681954202878318,64.20015171657923,-11.057055694446206,1.294728483138656,1.017173403424025,-2.3119018865626813
91,157,157,2020-03-24,246500.0,28000.0,1668595,312667,217483,95184,134903,195374,-60471,-34713,1221025,1255738,73.17683440259619,1.3813892734669793,75.25720741102543,8.477571411951985,-2.0803730084292478,5.704439962962852,-3.6240669545336046
92,156,156,2020-03-25,257500.0,11000.0,1368513,228518,273424,-44906,157465,181201,-23736,68642,982530,913888,71.7954451291292,1.0966981703063678,66.77963599907346,11.223132324264805,5.015809130055762,-3.2813718247470063,-1.7344373053087547
93,155,155,2020-03-26,248000.0,-9500.0,984405,189242,254109,-64867,99201,183395,-84194,149061,695962,546901,70.69874695882284,1.1730521813852306,55.556503674808646,-1.2000813931629395,15.1422432840142,-6.589462670344014,-8.552780613670187
94,154,154,2020-03-27,248000.0,0.0,975996,158462,273377,-114915,138966,148677,-9711,124626,678568,553942,69.52569477743761,4.224385064858011,56.75658506797159,7.59027026373564,12.769109709466024,-11.77412612346772,-0.9949835859983032
95,153,153,2020-03-30,244500.0,-3500.0,764977,196078,220772,-24694,69359,168094,-98735,123429,499540,376111,65.30130971257961,-2.129949640015596,49.16631480423594,3.938079337909244,16.13499490834365,-3.228070909321457,-12.906923999022194
96,152,152,2020-03-31,240500.0,-4000.0,1011083,158938,345707,-186769,170359,208081,-37722,224491,681786,457295,67.43125935259519,2.6660801022288325,45.2282354663267,-2.106425647498164,22.203023886268486,-18.472172907664355,-3.7308509786041295
97,151,151,2020-04-01,231000.0,-9500.0,794308,142934,227064,-84130,136939,191261,-54322,138452,514435,375983,64.76517925036636,-0.03168777042269255,47.334661113824865,1.4684652524301711,17.430518136541494,-10.591609300170717,-6.838908836370777
98,150,150,2020-04-02,233000.0,2000.0,916444,168994,261824,-92830,153623,234282,-80659,173489,593827,420338,64.79686702078905,-0.9917046362959212,45.866195861394694,-5.603907902794576,18.930671159394354,-10.129369606871778,-8.801301552522576
99,149,149,2020-04-03,231500.0,-1500.0,1050266,196450,207263,-10813,162861,302430,-139569,150382,690955,540573,65.78857165708497,2.0375863025647902,51.47010376418928,-14.841282093726072,14.318467892895706,-1.0295487048043068,-13.288919188091397
100,148,148,2020-04-06,240000.0,8500.0,723090,190305,97184,93121,71808,146415,-74607,-18514,460977,479491,63.750985354520175,0.382616362824983,66.31138585791534,1.9209767461951657,-2.560400503395152,12.87820326653667,-10.317802763141518
101,147,147,2020-04-07,245000.0,5000.0,1116101,162448,188145,-25697,246398,209294,37104,-11407,707255,718662,63.36836899169521,-0.10477056145348483,64.39040911172017,-8.547933783463492,-1.0220401200249798,-2.3023901958693704,3.3244303158943502
102,146,146,2020-04-08,250000.0,5000.0,1069528,201163,180216,20947,189502,109216,80286,-101233,678863,780096,63.47313955314869,-6.417935827487526,72.93834289518367,14.661671695546305,-9.465203342034991,1.9585274999813005,7.506675842053691
103,145,145,2020-04-09,253000.0,3000.0,600048,114331,149971,-35640,66337,100389,-34052,69692,419380,349688,69.89107538063621,-7.10690426089252,58.276671199637356,-5.04140884482419,11.614404180998855,-5.939524838012959,-5.674879342985895
104,144,144,2020-04-10,250500.0,-2500.0,439031,67866,106301,-38435,33120,54744,-21624,60059,338045,277986,76.99797964152873,-5.103033101937854,63.31808004446154,4.7964771920178695,13.679899597067175,-8.75450708492111,-4.925392512146066
105,143,143,2020-04-13,241500.0,-9000.0,412839,44876,137691,-92815,29018,33548,-4530,97345,338945,241600,82.10101274346658,24.896650569373,58.521602852443685,-15.346564079079675,23.57940989102289,-22.482129837539574,-1.0972800534833191
106,142,142,2020-04-14,251500.0,10000.0,640598,158441,101371,57070,115707,66029,49678,-106748,366450,473198,57.20436217409358,-5.0681128604165195,73.86816693152336,-1.9642801211635543,-16.663804757429777,8.908863280871936,7.754941476557842
107,141,141,2020-04-16,271000.0,19500.0,1230799,238670,150533,88137,225680,146921,78759,-166896,766449,933345,62.272475034510094,-10.506671509864267,75.83244705268692,-0.4007831842923649,-13.559972018176811,7.1609580443273035,6.399013973849508
108,140,140,2020-04-17,286500.0,15500.0,2107737,261257,305405,-44148,312487,195536,116951,-72803,1533993,1606796,72.77914654437437,2.0960638444767032,76.23323023697928,15.576322438411822,-3.4540836926049123,-2.094568724655875,5.548652417260787
109,139,139,2020-04-20,283000.0,-3500.0,875648,159058,226275,-67217,97655,118232,-20577,87794,618935,531141,70.68308269989767,10.934980764649863,60.65690779856746,8.10793495174795,10.026174901330217,-7.676258039760269,-2.349916861569946
110,138,138,2020-04-21,283000.0,0.0,1098619,286038,337032,-50994,156177,184274,-28097,79091,656404,577313,59.748101935247796,-4.960306400832112,52.548972846819495,-6.029545521458764,7.1991290884282915,-4.641645556830894,-2.5574835315973963
111,137,137,2020-04-22,285500.0,2500.0,631088,104483,177870,-73387,118238,83536,34702,38685,408367,369682,64.7084083360799,-0.1587059433370257,58.578518368278274,0.7914052731380892,6.129889967801637,-11.628647668787869,5.498757700986234
112,136,136,2020-04-23,284500.0,-1000.0,607966,123328,158121,-34793,90268,98519,-8251,43044,394370,351326,64.86711427941694,-9.707784997562767,57.78711309514018,8.419781147275351,7.080001184276752,-5.722852922696335,-1.3571482615804171
113,135,135,2020-04-24,277000.0,-7500.0,494177,72149,169492,-97343,53496,80723,-27227,124570,368532,243962,74.5748992769797,18.921104733964953,49.36733194786483,-12.354451263705164,25.207567329114877,-19.698002942265624,-5.509564386849246
114,134,134,2020-04-27,279000.0,2000.0,335350,87996,94196,-6200,60719,34170,26549,-20349,186635,206984,55.65379454301475,-7.728121700890965,61.72178321157,2.5897513097586256,-6.06798866855524,-1.848814671239004,7.916803339794245
115,133,133,2020-04-28,279500.0,500.0,505802,128459,131075,-2616,56756,75636,-18880,21496,320587,299091,63.38191624390571,10.645571167876431,59.13203190181138,-7.405462481716796,4.2498843420943375,-0.5171984294249529,-3.732685912669385
116,132,132,2020-04-29,286000.0,6500.0,634295,125421,120340,5081,174370,91911,82459,-87540,334504,422044,52.73634507602929,-10.385565774904158,66.53749438352817,21.155308483753213,-13.801149307498875,0.8010468315216106,13.000102475977268
117,131,131,2020-05-04,277000.0,-9000.0,572771,106252,205558,-99306,104975,107277,-2302,101608,361544,259936,63.12191085093345,18.23157343425021,45.38218589977495,-15.891692475760676,17.739724951158486,-17.337819128412573,-0.4019058227459142
118,130,130,2020-05-06,281500.0,4500.0,347019,68952,74329,-5377,122289,60058,62231,-56854,155778,212632,44.89033741668325,-5.289301918362419,61.27387837553563,11.339919417251231,-16.383540958852393,-1.549482881340791,17.933023840193187
119,129,129,2020-05-07,282500.0,1000.0,259687,68424,72752,-4328,60953,57263,3690,638,130310,129672,50.17963933504565,-8.609885564170526,49.9339589582844,-19.307783184855346,0.2456803767612549,-1.666621740787949,1.4209413640266937
120,128,128,2020-05-08,285500.0,3000.0,467585,112469,92703,19766,80225,51118,29107,-48873,274891,323764,58.789524899216175,17.967271987260034,69.24174214313976,16.75400019384204,-10.452217243923563,4.227252798956338,6.224964444967225
121,127,127,2020-05-11,287000.0,1500.0,373632,88589,147450,-58861,132518,30071,102447,-43586,152525,196111,40.82225291195615,-14.51474323101862,52.487741949297714,-3.6302897640208296,-11.665489037341555,-15.753736296676946,27.419225334018503
122,126,126,2020-05-12,284000.0,-3000.0,415346,59251,122084,-62833,126255,60178,66077,-3244,229840,233084,55.336996142974776,0.9962797080797968,56.11803171331854,-22.680765709868908,-0.7810355703437616,-15.127869294515898,15.90890486485966
123,125,125,2020-05-13,309500.0,25500.0,1659104,438423,209772,228651,319112,141978,177134,-405785,901569,1307354,54.34071643489497,-13.868157069121725,78.79879742318745,20.126606453587588,-24.45808098829248,13.781595367137925,10.676485621154553
124,124,124,2020-05-14,308000.0,-1500.0,991739,238961,262405,-23444,76324,147459,-71135,94579,676454,581875,68.20887350401671,4.903005536525782,58.67219096959987,9.930384131631122,9.536682534416816,-2.3639284126166262,-7.1727541218001925
125,123,123,2020-05-15,302500.0,-5500.0,462886,113472,117257,-3785,56380,120010,-63630,67415,293034,225619,63.305867967490904,1.2299305759742651,48.74180683796874,-28.72455617068703,14.564061129522171,-0.8176959337720303,-13.746365195750144
126,122,122,2020-05-18,313500.0,11000.0,786411,233234,122159,111075,65005,55048,9957,-121032,488172,609204,62.075937391516646,-5.3796277770397305,77.46636300865578,17.06762585339569,-15.390425617139131,14.124293785310734,1.2661318318283952
127,121,121,2020-05-19,317500.0,4000.0,527064,124627,148151,-23524,46903,60573,-13670,37194,355534,318340,67.45556516855639,14.633938799219766,60.39873715526009,-15.80607575289779,7.056828013296298,-4.463215093423191,-2.5936129198731086
128,120,120,2020-05-20,331000.0,13500.0,614805,178667,104567,74100,111388,41727,69661,-143761,324750,468511,52.821626369336606,-14.769198377447937,76.20481290815788,12.938612701543677,-23.38318653882125,12.052602044550712,11.33058449427054
129,119,119,2020-05-21,335000.0,4000.0,707599,148008,182770,-34762,81319,77158,4161,30601,478272,447671,67.59082474678455,2.6678581450996157,63.2662002066142,4.12438833299364,4.324624540170351,-4.912669463919537,0.5880449237491856
130,118,118,2020-05-22,336000.0,1000.0,465772,115506,141046,-25540,47873,49260,-1387,26927,302393,275466,64.92296660168493,8.269091232690611,59.141811873620554,-9.09821978370406,5.781154728064375,-5.4833695456145914,-0.2977851824497823
131,117,117,2020-05-25,348000.0,12000.0,659563,266329,168689,97640,19566,40788,-21222,-76418,373668,450086,56.65387536899432,-10.831424715594663,68.24003165732462,-2.8495157572095446,-11.586156288330304,14.803741265049734,-3.2175849767194338
132,116,116,2020-05-26,388000.0,40000.0,1454090,329846,322838,7008,142947,97546,45401,-52409,981297,1033706,67.485300084589,-12.052269755729125,71.08954741453417,26.894743265728426,-3.604247329945189,0.481950910878969,3.12229641906622
133,115,115,2020-05-27,365000.0,-23000.0,1676145,256735,289858,-33123,86245,645518,-559273,592396,1333165,740769,79.53756984031811,13.988680422108144,44.194804148805744,-11.473683262074331,35.34276569151236,-1.9761416822530269,-33.36662400925934
134,114,114,2020-05-28,359000.0,-6000.0,1477784,290583,328847,-38264,218530,326277,-107747,146011,968671,822660,65.54888941820997,16.373337660537324,55.66848741088008,5.706337421178006,9.880402007329893,-2.5892823308413138,-7.29111967648858
135,113,113,2020-05-29,359000.0,0.0,733157,173204,171754,1450,199419,195102,4317,-5767,360534,366301,49.17555175767264,-7.960845397037637,49.96214998970207,-13.296761242287367,-0.7865982320294289,0.1977748285837822,0.5888234034456467
136,112,112,2020-06-01,366000.0,7000.0,532951,177807,149958,27849,50635,45854,4781,-32630,304509,337139,57.13639715471028,-5.961185501616027,63.258911231989444,-0.09165762679210587,-6.122514077279148,5.225433482627858,0.8970805946512906
137,111,111,2020-06-02,370000.0,4000.0,694109,163123,212301,-49178,93020,42086,50934,-1756,437966,439722,63.09758265632631,-2.4480033174457105,63.350568858781536,22.260433301083413,-0.25298620245523395,-7.085054364660307,7.338040567115541
138,110,110,2020-06-03,366000.0,-4000.0,955239,227171,314381,-87210,101951,248349,-146398,233608,626117,392509,65.54558597377202,10.460082625308305,41.09013555769813,-20.835378785337653,24.455450416073884,-9.129652369721086,-15.325798046352796
139,109,109,2020-06-04,370500.0,4500.0,778566,260714,226377,34337,88975,70058,18917,-53254,428877,482131,55.08550334846372,-5.0039974271891055,61.925514343035786,16.413043757703182,-6.840010994572072,4.4102876313633015,2.429723363208771
140,108,108,2020-06-05,371500.0,1000.0,648486,181076,228489,-47413,77738,124855,-47117,94530,389672,295142,60.089500775652816,13.612174669058426,45.5124705853326,-17.258839261099194,14.577030190320222,-7.311337484540916,-7.2656927057793075
141,107,107,2020-06-08,375500.0,4000.0,691875,170239,191914,-21675,200071,65662,134409,-112734,321565,434299,46.4773261065944,-5.77218341936662,62.7713098464318,-1.5230898042475969,-16.293983739837394,-3.1327913279132797,19.42677506775068
142,106,106,2020-06-09,383500.0,8000.0,989349,213303,238348,-25045,259116,114905,144211,-119166,516930,636096,52.249509525961024,2.0916039900657992,64.2943996506794,4.202088899353647,-12.044890124718375,-2.531462608240368,14.576352732958744
143,105,105,2020-06-10,385000.0,1500.0,472751,184436,142894,41542,51193,45770,5423,-46965,237122,284087,50.15790553589522,-10.170557725275735,60.09231075132575,12.455895408821034,-9.934405215430532,8.787289714881616,1.1471155005489146
144,104,104,2020-06-11,387500.0,2500.0,1406550,377821,418997,-41176,180179,317523,-137344,178520,848550,670030,60.32846326117095,-5.9242842091761645,47.63641534250471,-15.806189754424059,12.69204791866624,-2.927446589172088,-9.764601329494152
145,103,103,2020-06-12,379500.0,-8000.0,1010020,235420,292681,-57261,105434,76556,28878,28383,669166,640783,66.25274747034712,9.665067581539574,63.44260509692878,10.658143634687038,2.8101423734183486,-5.6692936773529246,2.8591513039345755
146,102,102,2020-06-15,348500.0,-31000.0,1182814,258065,372949,-114884,255422,185523,69899,44985,669327,624342,56.587679888807536,9.22886932523167,52.784461462241744,-5.991827812856799,3.8032184265658,-9.712769716963107,5.9095512903973075
147,101,101,2020-06-16,376000.0,27500.0,846115,247286,183574,63712,198119,165226,32893,-96605,400710,497315,47.35881056357586,2.6821959407908125,58.776289275098534,-6.552078720554391,-11.417478711522666,7.529945692961358,3.8875330185613066
148,100,100,2020-06-17,384500.0,8500.0,1041621,283631,260257,23374,292629,100890,191739,-215113,465361,680474,44.67661462278506,-16.141545354500412,65.32836799565294,17.782738723027578,-20.651753372867862,2.2440023770642106,18.407750995803656
149,99,99,2020-06-18,377000.0,-7500.0,549428,107263,185947,-78684,108013,102252,5761,72923,334152,261229,60.81815997728547,15.810754957992115,47.54562927262535,-7.138171366120537,13.272530704660118,-14.321075736948245,1.0485450322881251
150,98,98,2020-06-19,385000.0,8000.0,595542,146744,158277,-11533,180760,111600,69160,-57627,268038,325665,45.00740501929336,-21.321196326172647,54.683800638745886,-3.100350290663478,-9.676395619452533,-1.936555272340154,11.612950891792686
151,97,97,2020-06-22,380500.0,-4500.0,431672,116104,124202,-8098,29246,58032,-28786,36884,286322,249438,66.328601345466,3.9246642093335495,57.784150929409364,1.4125681501704719,8.544450416056636,-1.8759613780833595,-6.668489037973276
152,96,96,2020-06-23,381500.0,1000.0,546387,160715,171757,-11042,44705,66623,-21918,32960,340967,308007,62.40393713613245,-0.9286085132135824,56.37158277923889,4.436747951982575,6.032354356893557,-2.0209119177432844,-4.011442439150272
153,95,95,2020-06-24,380500.0,-1000.0,435877,132343,131447,896,27482,78058,-50576,49680,276052,226372,63.33254564934603,-3.126307431692723,51.93483482725632,4.098495720626744,11.397710822089715,0.20556257843382425,-11.603273400523546
154,94,94,2020-06-25,370000.0,-10500.0,584819,139996,231397,-91401,56159,73666,-17507,108908,388664,279756,66.45885308103875,9.563686529961032,47.83633910662957,-9.008242976397623,18.622513974409173,-15.628938184292917,-2.993575790116258
155,93,93,2020-06-26,370000.0,0.0,436893,104975,121906,-16931,83347,66637,16710,221,248571,248350,56.89516655107772,0.8406850045047918,56.8445820830272,1.836507224337225,0.05058446805052953,-3.875319586260251,3.8247351182097216
156,92,92,2020-06-29,363000.0,-7000.0,421060,124967,156703,-31736,60070,32740,27330,4406,236023,231617,56.05448154657293,5.2601016630377515,55.008074858689966,7.242443718386098,1.046406687882962,-7.537168099558258,6.490761411675296
157,91,91,2020-06-30,363500.0,500.0,391878,152016,107185,44831,40810,97510,-56700,11869,199052,187183,50.79437988353518,-2.0477382120406697,47.76563114030387,-17.047849664732034,3.028748743231312,11.440040012452855,-14.468788755684168
158,90,90,2020-07-01,370500.0,7000.0,541392,193146,123659,69487,62163,66838,-4675,-64812,286083,350895,52.84211809557585,-3.349082400170872,64.81348080503591,32.98992156893654,-11.971362709460056,12.834877500960488,-0.8635147915004285
159,89,89,2020-07-02,371500.0,1000.0,461526,158199,117156,41043,43990,197496,-153506,112463,259337,146874,56.19120049574672,5.1362514169893965,31.82355923609937,-46.16851454468501,24.367641259647346,8.892890108032917,-33.260531367680265
160,88,88,2020-07-03,381000.0,9500.0,540737,166622,101091,65531,98042,17914,80128,-145659,276073,421732,51.054949078757325,-0.5410103610969443,77.99207378078438,5.527614135193048,-26.93712470202705,12.11883041108709,14.818294290939958
161,87,87,2020-07-06,388000.0,7000.0,517651,150285,99013,51272,100279,43525,56754,-108026,267087,375113,51.59595943985427,-3.2915588633804163,72.46445964559132,5.524734383342847,-20.86850020573707,9.904742770708449,10.96375743502862
162,86,86,2020-07-07,391000.0,3000.0,766258,252226,182720,69506,93452,70607,22845,-92351,420580,512931,54.88751830323469,-6.924669393741156,66.93972526224849,27.754929361533264,-12.052206959013805,9.07083514951883,2.9813718094949744
163,85,85,2020-07-08,385500.0,-5500.0,502917,154362,207784,-53422,37691,98066,-60375,113797,310864,197067,61.81218769697584,20.247520966057245,39.184795900715216,-6.604340610064924,22.62739179626061,-10.6224287506686,-12.004963045592016
164,84,84,2020-07-09,393000.0,7500.0,705556,280945,260496,20449,131349,121992,9357,-29806,293262,323068,41.5646667309186,-21.928076177365774,45.789136510780146,-6.70447543261583,-4.224469779861557,2.8982816388777075,1.3261881409838483
165,83,83,2020-07-10,391000.0,-2000.0,385485,99382,143874,-44492,41348,39256,2092,42400,244755,202355,63.49274290828437,10.997775654203453,52.493611943395976,8.458227590726153,10.999130964888387,-11.541823936080522,0.5426929711921346
166,82,82,2020-07-13,394000.0,3000.0,415777,116649,151132,-34483,80866,81556,-690,35173,218262,183089,52.494967254080926,14.687043469030586,44.03538435266982,0.2339495952862478,8.459582901411093,-8.293628555692115,-0.16595434571897916
167,81,81,2020-07-14,392000.0,-2000.0,401601,106670,142256,-35586,143094,83438,59656,-24070,151837,175907,37.807923785050335,-4.124080400958732,43.801434757383575,-11.275979577014148,-5.993510972333236,-8.861033712565456,14.854544684898693
168,80,80,2020-07-15,393000.0,1000.0,372670,130741,118732,12009,85661,48681,36980,-48989,156268,205257,41.93200418600907,-21.803224951651963,55.077414334397716,2.4355048812806146,-13.145410148388656,3.2224219819142936,9.922988166474363
169,79,79,2020-07-16,386000.0,-7000.0,425923,113937,133300,-19363,40523,68409,-27886,47249,271463,224214,63.73522913766103,5.949982781857599,52.641909453117115,7.517954999627662,11.09331968454392,-4.546126882089016,-6.547192802454903
170,78,78,2020-07-17,383500.0,-2500.0,357349,116634,123510,-6876,34220,72589,-38369,45245,206495,161250,57.78524635580343,3.9820125124274655,45.12395445348945,-4.376012611369532,12.661291902313984,-1.9241693694399595,-10.737122532874023
171,77,77,2020-07-20,378500.0,-5000.0,258083,89745,104007,-14262,29481,26325,3156,11106,138857,127751,53.803233843375956,10.416715259133682,49.49996706485898,-14.191538082841001,4.3032667785169885,-5.526129190996696,1.222862412479706
172,76,76,2020-07-21,387000.0,8500.0,392214,139418,111886,27532,82628,30521,52107,-79639,170168,249807,43.386518584242275,-15.25958401088488,63.69150514769998,8.71927921528485,-20.304986563457703,7.0196372388542985,13.285349324603406
173,75,75,2020-07-22,388000.0,1000.0,254554,88100,83096,5004,17168,31524,-14356,9352,149286,139934,58.64610259512715,-0.8421355751341508,54.97222593241514,8.601489047200054,3.6738766627120376,1.9657911484400168,-5.639667811152054
174,74,74,2020-07-23,385500.0,-2500.0,239291,87127,97754,-10627,9814,30576,-20762,31389,142350,110961,59.48823817026132,-15.934524945650992,46.370736885215074,-1.5578631218752932,13.117501285046242,-4.44103622785646,-8.676465057189782
175,73,73,2020-07-24,375500.0,-10000.0,394902,75932,94047,-18115,21124,111584,-90460,108575,297846,189271,75.42276311591229,18.67650853267532,47.92860000709037,3.9682628370008497,27.494163108821937,-4.587214042977752,-22.906949065844184
176,72,72,2020-07-27,378000.0,2500.0,333007,102220,55166,47054,41818,131450,-89632,42578,188969,146391,56.74625458323699,24.406367649096023,43.960337170089524,-29.85012165730659,12.785917413147473,14.130033302603247,-26.915950715750718
177,71,71,2020-07-28,393000.0,15000.0,1061859,410248,220763,189485,308207,57333,250874,-440359,343404,783763,32.33988693414097,-34.07909317944718,73.8104588273961,45.4735948292229,-41.47057189325513,17.84464792406525,23.625923969189888
178,70,70,2020-07-29,385500.0,-7500.0,648131,83480,247526,-164046,134169,216945,-82776,246822,430482,183660,66.41898011358815,1.5605320268722522,28.336863998173214,-19.80716036611216,38.08211611541494,-25.31062393250747,-12.771492182907467
179,69,69,2020-07-30,383500.0,-2000.0,305365,74233,104312,-30079,33077,54038,-20961,51040,198055,147015,64.8584480867159,29.620302825459927,48.14402436428536,-23.94518293869591,16.714423722430535,-9.85017929363221,-6.864244428798322
180,68,68,2020-07-31,397500.0,14000.0,951940,187533,181604,5929,428961,84090,344871,-350800,335446,686246,35.23814526125596,-26.80661328265129,72.08920730298128,11.618618401113329,-36.85106204172532,0.622833371851167,36.22822866987415
181,67,67,2020-08-03,414500.0,17000.0,1058971,218001,182597,35404,183934,236008,-52074,16670,657036,640366,62.04475854390724,1.3947086576120429,60.47058890186796,11.198209730070332,1.5741696420393003,3.343245471311301,-4.917415113350602
182,66,66,2020-08-04,416000.0,1500.0,556265,117805,133904,-16099,101085,148276,-47191,63290,337375,274085,60.650049886295214,5.923494670506315,49.27237917179762,-23.508445051257766,11.377670714497588,-2.8941242033922676,-8.483546511105319
183,65,65,2020-08-05,468000.0,52000.0,1319206,282114,263125,18989,315136,95952,219184,-238173,721956,960129,54.72655521578889,-11.376991949819761,72.78082422305539,15.973412484554446,-18.054269007266488,1.4394264428754873,16.614842564391004
184,64,64,2020-08-06,469500.0,1500.0,718320,190435,187463,2972,53050,122798,-69748,66776,474835,408059,66.10354716560865,2.17150588697789,56.80741173850096,0.0984596452045281,9.296135427107695,0.4137431785276757,-9.709878605635373
185,63,63,2020-08-07,488000.0,18500.0,1191900,268200,322245,-54045,161694,193741,-32047,86092,762006,675914,63.93204127863076,-5.9427165178858345,56.708952093296425,17.810381078814114,7.223089185334341,-4.534356909136672,-2.688732276197668
186,62,62,2020-08-10,473500.0,-14500.0,831429,189237,214072,-24835,61233,293943,-232710,257545,580959,323414,69.87475779651659,9.422592866893623,38.8985710144823,4.981978572758294,30.976186782034308,-2.9870259517048363,-27.98916083032947
187,61,61,2020-08-11,472500.0,-1000.0,1018301,265093,224212,40881,137623,448716,-311093,270212,615585,345373,60.45216492962297,-0.8950321116541673,33.916592441724006,-23.686477406881643,26.53557248789896,4.01462828770668,-30.550200775605642
188,60,60,2020-08-12,475500.0,3000.0,691109,196884,193564,3320,70249,99445,-29196,25876,423976,398100,61.34719704127714,6.630205285684317,57.60306984860565,9.05847446080039,3.7441271926714887,0.4803873195111046,-4.224514512182593
189,59,59,2020-08-13,471000.0,-4500.0,710421,251511,244293,7218,70189,121257,-51068,43850,388721,344871,54.71699175559282,-18.72755109508934,48.54459538780526,9.58929275721809,6.172396367787552,1.0160172630032052,-7.188413630790755
190,58,58,2020-08-14,444000.0,-27000.0,1061360,178394,380586,-202192,103455,267318,-163863,366055,779511,413456,73.44454285068215,27.08179062369693,38.95530263058717,-18.179897362180053,34.48924022009497,-19.05027511871561,-15.438965101379367
191,57,57,2020-08-18,433000.0,-11000.0,774253,283500,173743,109757,131788,158139,-26351,-83406,358965,442371,46.36275222698524,-7.091199320061313,57.13519999276723,6.381003458877371,-10.772447765781989,14.175857245629013,-3.403409479847027
192,56,56,2020-08-19,434500.0,1500.0,551050,155494,143994,11500,100998,127375,-26377,14877,294558,279681,53.45395154704655,-5.6175077947198915,50.754196533889846,-2.387572931593006,2.6997550131567007,2.0869249614372563,-4.786679974593957
193,55,55,2020-08-20,414500.0,-20000.0,726581,202901,245403,-42502,94478,95060,-582,43084,429202,386118,59.071459341766435,10.732936196045351,53.14176946548285,0.00940714288917377,5.9296898762835815,-5.849588690042817,-0.08010118624076325
194,54,54,2020-08-21,423500.0,9000.0,633292,219615,188285,31330,107553,108524,-971,-30359,306124,336483,48.33852314572109,12.651411072760062,53.132362322593686,0.9225142490575706,-4.793839176872597,4.947164972871914,-0.15332579599931784
195,53,53,2020-08-24,438000.0,14500.0,528611,204959,180223,24736,135006,72401,62605,-87341,188646,275987,35.68711207296103,-18.84645661655142,52.20984807353612,2.90629947045619,-16.522736000575097,4.67943345863026,11.843302541944833
196,52,52,2020-08-25,444000.0,6000.0,410725,120243,154919,-34676,66499,53304,13195,21481,223983,202502,54.53356868951245,7.240299104202357,49.30354860307993,-16.879528263270466,5.230020086432528,-8.442631931340921,3.212611844908394
197,51,51,2020-08-26,456500.0,12500.0,650896,190683,181522,9161,152383,38591,113792,-122953,307830,430783,47.29326958531011,3.7948712851262063,66.18307686635039,-4.912641754303408,-18.88980728104029,1.4074445072638333,17.482362773776455
198,50,50,2020-08-27,469000.0,12500.0,769495,187127,189684,-2557,247650,32733,214917,-212360,334718,547078,43.49839830018389,1.3033695039713038,71.0957186206538,23.378376805618487,-27.597320320469922,-0.3322958563733357,27.92961617684325
199,49,49,2020-08-28,466000.0,-3000.0,463429,121952,148559,-26607,145933,93734,52199,-25592,195544,221136,42.195028796212576,-6.721404707393957,47.71734181503531,3.35897874806404,-5.522313018822732,-5.7413325450068955,11.263645563829627
200,48,48,2020-08-31,452500.0,-13500.0,623312,166285,138982,27303,152125,207839,-55714,28411,304902,276491,48.91643350360654,4.2560861241881165,44.35836306697127,-0.4929776956963252,4.558070436635265,4.380310342172138,-8.938380778807403
201,47,47,2020-09-01,454500.0,2000.0,367552,124228,104077,20151,79174,98623,-19449,-702,164150,164852,44.66034737941842,-13.402146491671331,44.8513407626676,-2.5076242570149603,-0.1909933832491729,5.482489552498693,-5.2914961692495215
202,46,46,2020-09-02,452000.0,-2500.0,285532,77003,88324,-11321,42742,61983,-19241,30562,165787,135225,58.06249387108976,2.1539237840950642,47.35896501968256,-0.12778417582709525,10.703528851407198,-3.964879593180449,-6.738649258226749
203,45,45,2020-09-03,452500.0,500.0,391863,120042,110019,10023,52736,95761,-43025,33002,219085,186083,55.908570086994686,-14.550494513453405,47.48674919550965,-2.6770857559466563,8.421820891485034,2.557781673697185,-10.97960256518222
204,44,44,2020-09-04,439000.0,-13500.0,428480,91957,150988,-59031,34620,62550,-27930,86961,301903,214942,70.45906460044809,0.20261342315427555,50.16383495145631,2.6236915646803,20.295229648991786,-13.776839058999252,-6.518390589992531
205,43,43,2020-09-07,430000.0,-9000.0,325832,57860,91066,-33206,39054,79865,-40811,74017,228918,154901,70.25645117729383,17.044868520636857,47.54014338677601,-12.006662190058675,22.716307790517806,-10.191141447126128,-12.525166343391687
206,42,42,2020-09-08,435500.0,5500.0,326350,95373,98775,-3402,57321,33244,24077,-20675,173656,194331,53.21158265665697,0.18708430897037687,59.546805576834686,14.743678097919913,-6.335222920177723,-1.0424390991267043,7.377662019304428
207,41,41,2020-09-09,429500.0,-6000.0,281121,70442,111593,-41151,61616,43577,18039,23112,149063,125951,53.0244983476866,-3.8778025348152014,44.803127478914774,11.821269719068955,8.221370868771809,-14.638180712220006,6.4168098434481955
208,40,40,2020-09-10,430000.0,500.0,288498,86704,142751,-56047,37632,50595,-12963,69010,164162,95152,56.90230088250179,-0.8730490202762624,32.981857759845816,-16.065655860853788,23.920443122655964,-19.427171072243134,-4.493272050412829
209,39,39,2020-09-11,429500.0,-500.0,207772,38590,69333,-30743,49141,36532,12609,18134,120041,101907,57.775349902778046,13.69797947564929,49.047513620699604,-2.641485292158784,8.727836282078433,-14.796507710374836,6.068671428296403
210,38,38,2020-09-14,436000.0,6500.0,305388,137081,73222,63859,33700,74314,-40614,-23245,134607,157852,44.077370427128756,-5.892923902497046,51.6889989128584,-17.32823037595864,-7.611628485729629,20.910775799965943,-13.299147314236315
211,37,37,2020-09-15,452500.0,16500.0,410696,149226,96506,52720,56244,30739,25505,-78225,205226,283451,49.970294329625816,-9.463108018707581,69.01722928881703,18.71678155742305,-19.046934959191226,12.836745427274675,6.2101895319165505
212,36,36,2020-09-16,449500.0,-3000.0,365621,97696,110331,-12635,50624,71381,-20757,33392,217301,183909,59.43340234833339,0.6734446433087982,50.300447731393966,-6.727430028192963,9.1329546169394,-3.4557643023786926,-5.677190314560707
213,35,35,2020-09-17,445500.0,-4000.0,655397,218912,199731,19181,51374,81907,-30533,11352,385111,373759,58.759957705024604,7.3079945229342425,57.027877759586936,-0.8826957189342579,1.7320799454376508,2.9266231001972853,-4.658703045634937
214,34,34,2020-09-18,453000.0,7500.0,394156,111209,106904,4305,80146,58994,21152,-25457,202801,228258,51.45196318209034,-6.70102281446939,57.9105734785212,0.3693996932625865,-6.458610296430856,1.092207146409036,5.366403150021818
215,33,33,2020-09-21,446000.0,-7000.0,424967,111654,120415,-8761,66182,60021,6161,2600,247131,244531,58.15298599655974,5.333844176662815,57.54117378525861,2.1002810929186566,0.6118122113011127,-2.0615718396957883,1.4497596283946754
216,32,32,2020-09-22,446500.0,500.0,441003,109229,146736,-37507,98840,49771,49069,-11562,232934,244496,52.81914181989692,-4.676567569537738,55.44089269233997,8.279485949248643,-2.6217508724430445,-8.504930805459374,11.126681677902416
217,31,31,2020-09-23,436500.0,-10000.0,589077,201991,236590,-34599,48392,74670,-26278,60877,338694,277817,57.49570938943465,-0.4087695109272431,47.16140674309132,-1.8313386999844847,10.334302646343348,-5.8734257151442,-4.460876931199146
218,30,30,2020-09-24,410000.0,-26500.0,722856,183568,219387,-35819,120722,149322,-28600,64419,418566,354147,57.9044789003619,23.690228021320106,48.9927454430758,-8.555418544687534,8.911733457286099,-4.955205462775435,-3.956527994510663
219,29,29,2020-09-25,412000.0,2000.0,293217,106288,77811,28477,86607,46665,39942,-68419,100322,168741,34.2142508790418,-2.3478007787070823,57.54816398776333,6.375769442221568,-23.333913108721532,9.711919840936917,13.62199326778461
220,28,28,2020-09-28,421000.0,9000.0,229317,84532,59600,24932,60942,52370,8572,-33504,83843,117347,36.56205165774889,-0.9843258178695748,51.172394545541756,11.365104368093018,-14.61034288779288,10.872285962226961,3.73805692556592
221,27,27,2020-09-29,433500.0,12500.0,290281,85747,73222,12525,95544,101506,-5962,-6563,108990,115553,37.546377475618456,13.702720644834653,39.80729017744874,6.016295722323214,-2.2609127018302955,4.314784639711176,-2.053871937880881
222,26,26,2020-10-05,436500.0,3000.0,287112,71905,73818,-1913,146749,116276,30473,-28560,68458,97018,23.84365683078381,-28.93727718659273,33.790994455125535,-9.508021945843149,-9.94733762434172,-0.6662905068405361,10.613628131182256
223,25,25,2020-10-06,436500.0,0.0,174258,52358,60674,-8316,29925,38132,-8207,16523,91975,75452,52.78093401737654,25.40693152782205,43.299016400968675,-0.7024117155579077,9.481917616407856,-4.772234273318872,-4.709683343088983
224,24,24,2020-10-07,439500.0,3000.0,207266,83277,62095,21182,67252,53971,13281,-34463,56737,91200,27.374002489554485,4.181618482316825,44.001428116526576,-5.11391181705966,-16.627425626972105,10.219717657502919,6.407707969469183
225,23,23,2020-10-08,445000.0,5500.0,389076,128795,123169,5626,170045,74811,95234,-100860,90236,191096,23.19238400723766,-31.375638403010306,49.11533993358624,8.61175415062462,-25.92295592634858,1.445989986532194,24.476965939816388
226,22,22,2020-10-12,440000.0,-5000.0,279158,59350,63343,-3993,67477,102746,-35269,39262,152331,113069,54.56802241024796,25.856717174210853,40.503585782961615,-0.1525005670578139,14.064436627286339,-1.430372763811175,-12.634063863475163
227,21,21,2020-10-13,445500.0,5500.0,262374,56541,94753,-38212,130502,60950,69552,-31340,75331,106671,28.711305236037106,-16.112418360887872,40.656086350019436,5.257732736379347,-11.94478111398233,-14.563943073627724,26.50872418761005
228,20,20,2020-10-14,438500.0,-7000.0,286567,74108,93970,-19862,84009,91157,-7148,27010,128450,101440,44.82372359692497,-11.949836014856011,35.398353613640104,-2.0880853865169797,9.425369983284886,-6.931014387560326,-2.49435559572456
229,19,19,2020-10-15,429000.0,-9500.0,273763,71407,122579,-51172,46931,48560,-1629,52801,155425,102624,56.773559611780996,-0.3856211332016386,37.48643900015707,-0.7734745037326007,19.287120611623926,-18.692080376091727,-0.5950402355321939
230,18,18,2020-10-16,420000.0,-9000.0,301054,86367,109102,-22735,42607,76769,-34162,56897,172080,115183,57.15918074498264,9.75725175657348,38.25991350388967,0.3795446271587935,18.89926724109296,-7.551801337965946,-11.347465903127015
231,17,17,2020-10-19,413000.0,-7000.0,283672,95278,122901,-27623,53928,53315,613,27010,134466,107456,47.40192898840914,10.325939499269744,37.880368876730884,-25.66843289776453,9.521560111678275,-9.737654756197296,0.216094644519022
232,16,16,2020-10-20,432500.0,19500.0,317386,106775,85108,21667,92937,30583,62354,-84021,117674,201695,37.0759894891394,7.9341168387339875,63.54880177449541,26.283970318049946,-26.472812285356003,6.826703131203015,19.646109154152988
233,15,15,2020-10-21,433000.0,500.0,239137,86243,110723,-24480,83205,39300,43905,-19425,69689,89114,29.14187265040541,-10.429628337563097,37.26483145644547,-2.825999575076416,-8.122958806040053,-10.23680986212924,18.359768668169288
234,14,14,2020-10-22,429500.0,-3500.0,193326,69279,55968,13311,47545,59852,-12307,-1004,76502,77506,39.571500987968506,-5.462234757981802,40.090831031521894,-9.386404310157095,-0.5193300435533762,6.885261165078674,-6.365931121525298
235,13,13,2020-10-23,424500.0,-5000.0,143468,49691,53252,-3561,29168,19232,9936,-6375,64609,70984,45.03373574595032,-4.106885668524875,49.47723534167897,3.257239013256388,-4.443499595728664,-2.4820865977082,6.925586193436863
236,12,12,2020-10-26,417500.0,-7000.0,174312,58555,58070,485,30099,35675,-5576,5091,85658,80567,49.140621414475184,15.872331419710386,46.2199963284226,-5.1445360984787945,2.9206250860525955,0.2782367249529579,-3.1988618110055533
237,11,11,2020-10-27,430000.0,12500.0,399221,167383,125094,42289,99024,69069,29955,-72244,132814,205058,33.26828999476481,-11.431351849330671,51.36453242690139,8.444805137594457,-18.096242432136584,10.592879633085436,7.503362799051152
238,10,10,2020-10-28,430000.0,0.0,257709,54086,123154,-69068,88428,23947,64481,4587,115195,110608,44.69964184409547,-2.105780553661617,42.919727289306934,7.728763091035717,1.7799145547885409,-26.80077141271745,25.020856857928905
239,9,9,2020-10-29,431500.0,1500.0,261803,77724,104544,-26820,61541,65128,-3587,30407,122538,92131,46.80542239775709,16.780556659826622,35.19096419827122,-28.70228254688498,11.614458199485874,-10.244344029671163,-1.370114169814708
240,8,8,2020-10-30,442000.0,10500.0,1316269,311775,188309,123466,609286,286953,322333,-445799,395208,841007,30.02486573793047,-29.655352111759328,63.89324674515621,24.983233520429216,-33.868381007225736,9.379997553691533,24.488383453534194
