,Unnamed: 0,Unnamed: 0.1,날짜,종가,대비,거래량,기관 매수,기관 매도,기관 순매수,외국인 매수,외국인 매도,외국인 순매수,개인 순매수,개인 매수,개인 매도,개인매수비율(%),개인매수비율증가(%p),개인매도비율(%),개인매도비율증가(%p),개인 순매수비율,기관 순매수비율,외국인 순매수비율
15,233,233,2019-12-02,41300.0,450.0,654720,91069,256403,-165334,323179,227213,95966,69368,240472,171104,36.7289833822092,15.948131481915095,26.133919843597265,13.908644079812856,10.595063538611926,-25.25262707722385,14.657563538611925
16,232,232,2019-12-03,41100.0,-200.0,1058152,164509,655537,-491028,673750,273253,400497,90531,219893,129362,20.780851900294106,1.5212469873740917,12.225275763784408,-0.8500026577664439,8.555576136509691,-46.40429730322298,37.84872116671329
17,231,231,2019-12-04,40900.0,-200.0,1347956,115437,532732,-417295,972908,638975,333933,83362,259611,176249,19.259604912920008,2.974076911159784,13.075278421550848,3.5310916827496155,6.184326491369156,-30.957612859766932,24.77328636839778
18,230,230,2019-12-05,40900.0,0.0,1236208,283120,464204,-181084,751765,654018,97747,83337,201323,117986,16.285528001760227,0.686589135311598,9.544186738801237,-22.05210253684215,6.7413412629589855,-14.648343968005385,7.9070027050464
19,229,229,2019-12-06,41750.0,850.0,1233398,160810,382729,-221919,880191,460961,419230,-197311,192397,389708,15.598938866448623,-11.025172150333734,31.596289275643386,3.8433666346863617,-15.99735040919476,-17.99248904246642,33.98983945166118
20,228,228,2019-12-09,41900.0,150.0,1021251,168383,100727,67656,580969,637097,-56128,-11528,271899,283427,26.62411101678236,7.44479627578982,27.75292264095702,8.29987398726848,-1.1288116241746642,6.624816034451864,-5.4960044102772
21,227,227,2019-12-10,42000.0,100.0,735751,89451,231121,-141670,505188,361504,143684,-2014,141112,143126,19.17931474099253,-5.432088020736681,19.453048653688548,-7.213724633158388,-0.2737339126960072,-19.25515561650613,19.528889529202136
22,226,226,2019-12-11,42200.0,200.0,750327,205050,147457,57593,360611,402782,-42171,-15422,184666,200088,24.611402761729217,9.063249579275958,26.66677328684693,-31.16575742052371,-2.0553705251177155,7.675720052723678,-5.6203495276059625
23,225,225,2019-12-12,43600.0,1400.0,1714165,157329,80806,76523,1290315,642014,648301,-724824,266521,991345,15.548153182453266,-4.802285586043782,57.832530707370644,21.713018075367245,-42.28437752491738,4.464156017652909,37.82022150726447
24,224,224,2019-12-13,44900.0,1300.0,2534594,530371,103494,426877,1488422,1515617,-27195,-399682,515801,915483,20.350438768497046,0.4122215790693744,36.119512632003385,12.338586116709475,-15.769073863506346,16.842026770362434,-1.072952906856088
25,223,223,2019-12-16,45000.0,100.0,1851324,254983,308007,-53024,1227220,1103055,124165,-71141,369121,440262,19.93821718942767,-5.100104985581943,23.780926515293928,-8.906250363543709,-3.8427093258662453,-2.8641123865946745,6.706821712460919
26,222,222,2019-12-17,46500.0,1500.0,2426141,406531,320677,85854,1412145,1312427,99718,-185572,607465,793037,25.038322175009608,4.430816336036711,32.687176878837626,7.7944631293290065,-7.648854703828015,3.5387061180698067,4.110148585758206
27,221,221,2019-12-18,46700.0,200.0,2691398,430332,555099,-124767,1706436,1466337,240099,-115332,554630,669962,20.60750583897291,-19.73688390438069,24.89271374950862,5.656259114475311,-4.285207910535714,-4.6357692173361205,8.920977127871836
28,220,220,2019-12-19,45750.0,-950.0,3214033,1156059,375238,780821,761292,2220529,-1459237,678416,1296682,618266,40.3443897433536,10.51973463293928,19.236454635033308,7.231295396777008,21.107935108320294,24.294118946507396,-45.40205405482769
29,219,219,2019-12-20,45150.0,-600.0,2658532,742799,121378,621421,1122835,2217993,-1095158,473737,792898,319161,29.82465511041432,-12.54697784473066,12.005159238256304,-24.999626801554022,17.81949587215802,23.37459169195631,-41.194087564114334
30,218,218,2019-12-23,45100.0,-50.0,1268063,317686,169698,147988,413078,629121,-216043,68055,537299,469244,42.371632955144975,-11.000166759091272,37.00478603981032,-1.1391064433471314,5.366846915334649,11.670398079590685,-17.03724499492533
31,217,217,2019-12-24,44900.0,-200.0,987529,194378,237115,-42737,266089,373732,-107643,150380,527062,376682,53.37179971423625,-14.914772581535473,38.14389248315745,-11.772431751720823,15.227907231078785,-4.3276703772749965,-10.900236853803786
32,216,216,2019-12-26,45300.0,400.0,1119201,173161,330223,-157062,181776,230314,-48538,205600,764264,558664,68.28657229577172,7.177722259285113,49.91632423487828,18.536702181832034,18.37024806089344,-14.033404187451588,-4.3368438734418575
33,215,215,2019-12-27,45700.0,400.0,1400514,257197,388495,-131298,287479,572543,-285064,416362,855838,439476,61.10885003648661,42.5553061328369,31.379622053046237,15.735815067127804,29.72922798344037,-9.374986612058144,-20.354241371382226
34,214,214,2019-12-30,45400.0,-300.0,1913850,119835,442092,-322257,1438928,1172359,266569,55688,355087,299399,18.55354390364971,-11.54930184359863,15.643806985918438,-3.1117555050724732,2.909736917731274,-16.838153460302536,13.92841654257126
35,213,213,2020-01-02,45600.0,200.0,1512362,156642,555516,-398874,900456,673194,227262,171612,455264,283652,30.102845747248335,2.3436638017842526,18.75556249099091,2.110433867908789,11.347283256257429,-26.374241087781893,15.026957831524465
36,212,212,2020-01-03,45650.0,50.0,1892001,453619,647902,-194283,913178,929173,-15995,210278,525204,314926,27.759181945464093,0.11340465071993933,16.645128623082122,-12.181231599428527,11.114053322381963,-10.268652077879453,-0.8454012445025135
37,211,211,2020-01-06,45700.0,50.0,1212706,604770,422574,182196,272674,440553,-167879,-14317,335262,349579,27.64577729474415,11.205156554811422,28.826360222510647,6.5528787770005525,-1.180582927766499,15.023921708971507,-13.843338781205007
38,210,210,2020-01-07,46300.0,600.0,1655637,232153,574413,-342260,1151287,712456,438831,-96571,272197,368768,16.440620739932726,-3.8834531170410393,22.273481445510093,-17.345212356222927,-5.83286070557737,-20.67240584741704,26.50526655299441
39,209,209,2020-01-08,46700.0,400.0,3625223,1050343,938430,111913,1838087,1250527,587560,-699473,736793,1436266,20.324073856973765,-4.476620996765725,39.61869380173302,7.340566184398902,-19.294619944759265,3.0870652646747523,16.20755468008451
40,208,208,2020-01-09,48400.0,1700.0,2643434,388256,295520,92736,1599588,1494663,104925,-197661,655590,853251,24.80069485373949,-16.083852926843274,32.27812761733412,15.315059058306279,-7.477432763594627,3.5081640018248987,3.969268761769728
41,207,207,2020-01-10,48550.0,150.0,2342259,309664,288919,20745,1074973,1656021,-581048,560303,957622,397319,40.88454778058277,19.209743409771594,16.963068559027842,-7.92890390815255,23.92147922155492,0.8856834363748842,-24.8071626579298
42,206,206,2020-01-13,49500.0,950.0,2297331,203209,557577,-354368,1596180,1167903,428277,-73909,497942,571851,21.67480437081117,-5.869588367878919,24.89197246718039,9.897936342830937,-3.217168096369221,-15.425204291414687,18.64237238778391
43,205,205,2020-01-14,49750.0,250.0,3776068,301961,803496,-501535,2434012,2406387,27625,473910,1040095,566185,27.54439273869009,7.172123104206992,14.994036124349456,6.491434990474675,12.550356614340632,-13.281937719341919,0.731581105001287
44,204,204,2020-01-15,49250.0,-500.0,3151318,269963,1264883,-994920,2239360,1618491,620869,374051,641995,267944,20.372269634483093,-10.77519385877356,8.50260113387478,-12.562187527071938,11.869668500608315,-31.57155196651052,19.701883465902203
45,203,203,2020-01-16,50400.0,1150.0,1734748,262148,232448,29700,932270,1136879,-204609,174909,540330,365421,31.14746349325665,-5.445213291811764,21.06478866094672,2.4909369012944147,10.082674832309936,1.7120642306548268,-11.794739062964766
46,202,202,2020-01-17,50900.0,500.0,2192507,383248,276110,107138,1006962,1509164,-502202,395064,802297,407233,36.59267678506842,8.722128896379242,18.57385175965231,-3.9767584166776255,18.01882502541611,4.886552243618834,-22.905377269034943
47,201,201,2020-01-20,52200.0,1300.0,3405491,614050,577838,36212,1842312,2059694,-217382,181170,949129,767959,27.87054788868917,-20.739407831767853,22.55061017632993,7.340224470488707,5.319937712359246,1.063341526963366,-6.383279239322611
48,200,200,2020-01-21,51000.0,-1200.0,2591716,203372,410712,-207340,1128512,1786794,-658282,865622,1259832,394210,48.60995572045702,9.542170347235356,15.210385705841224,-4.101534817278759,33.399570014615804,-8.000104949770732,-25.39946506484507
49,199,199,2020-01-22,51100.0,100.0,2775348,361095,431756,-70661,1329986,1807619,-477633,548294,1084267,535973,39.06778537322168,-3.6041714348869776,19.311920523119984,-2.170357930162581,19.75586485010168,-2.5460230572886715,-17.20984179281301
50,198,198,2020-01-23,50300.0,-800.0,2419343,287887,564308,-276421,1099075,1335305,-236230,512651,1032381,519730,42.671956808108646,-4.926439726815865,21.482278453282564,-13.324782290354602,21.18967835482608,-11.425457241904105,-9.764221112921977
51,197,197,2020-01-28,49100.0,-1200.0,3157911,779457,295430,484027,875339,1763305,-887966,403939,1503115,1099176,47.5983965349245,3.4969673994508312,34.80706074363717,12.892892096361114,12.791335791287342,15.327442730336607,-28.11877852162395
52,196,196,2020-01-29,49600.0,500.0,2066704,355729,752283,-396554,799529,861520,-61991,458545,911446,452901,44.10142913547368,-10.605116648607648,21.91416864727605,-0.7438367900659059,22.187260488197637,-19.187750156771358,-2.999510331426271
53,195,195,2020-01-30,47950.0,-1650.0,2526970,601198,1182999,-581801,543354,771410,-228056,809857,1382418,572561,54.70654578408133,20.002738179355312,22.658005437341966,2.096153659038439,32.04854034673937,-23.023660747852173,-9.024879598887203
54,194,194,2020-01-31,47500.0,-450.0,2976123,672726,502373,170353,1270569,1861804,-591235,420882,1032828,611946,34.703807604726016,-10.245982686410805,20.56185177830352,-9.534380545588654,14.141955826422494,5.723990574314301,-19.865946400736803
55,193,193,2020-02-03,47750.0,250.0,2541142,480228,485579,-5351,918676,1290775,-372099,377450,1142238,764788,44.94979029113682,4.491972874067564,30.096232323892174,-2.0667460561993884,14.85355796724465,-0.21057461566492547,-14.642983351579726
56,192,192,2020-02-04,49650.0,1900.0,2804961,572618,718071,-145453,1097517,1184731,-87214,232667,1134826,902159,40.45781741706926,-15.05419322957055,32.16297838009156,4.372669443082092,8.294839036977697,-5.185562294805526,-3.1092767421721734
57,191,191,2020-02-05,50700.0,1050.0,2396249,253341,1029296,-775955,812702,701028,111674,664281,1330206,665925,55.51201064663982,-2.4021696772410053,27.790308937009467,-0.7255150318588406,27.72170170963034,-32.38206880837509,4.6603670987447465
58,190,190,2020-02-06,51300.0,600.0,2322521,262990,337526,-74536,714462,1322709,-608247,682783,1345069,662286,57.91418032388083,13.556532499450904,28.515823968868308,-8.739442285077839,29.398356355012503,-3.209271304758924,-26.189085050253578
59,189,189,2020-02-07,51200.0,-100.0,1991501,373666,477778,-104112,734452,771784,-37332,141444,883383,741939,44.357647824429904,1.671610269657272,37.25526625394615,14.285589565096824,7.102381570483772,-5.227815602402409,-1.8745659680813616
60,188,188,2020-02-10,51000.0,-200.0,1900584,423221,709094,-285873,666079,754932,-88853,374726,811284,436558,42.68603755477264,-12.520335193594693,22.96967668884932,-4.006425504773148,19.71636086592332,-15.041324140369484,-4.67503672555383
61,187,187,2020-02-11,51000.0,0.0,2090150,257307,520367,-263060,678947,1005942,-326995,590055,1153896,563841,55.20637274836735,-3.0513634676472634,26.97610219362247,8.517340664485687,28.230270554744873,-12.585699590938448,-15.644570963806427
62,186,186,2020-02-12,50900.0,-100.0,1951794,407988,502902,-94914,406735,1088615,-681880,776794,1137071,360277,58.257736216014614,13.911839279328944,18.458761529136783,-18.365587035613306,39.79897468687781,-4.86291073750611,-34.93606394937171
63,185,185,2020-02-13,51400.0,500.0,2076607,167841,270577,-102736,987876,1041333,-53457,156193,920890,764697,44.345896936685655,6.266091541530777,36.824348564750096,-2.725126069277785,7.521548371935567,-4.947301054075228,-2.5742473178603364
64,184,184,2020-02-14,52700.0,1300.0,3009997,333061,902272,-569211,1530735,917287,613448,-44237,1146201,1190438,38.07980539515488,-22.330045369298702,39.54947463402787,21.37745348896488,-1.4696692388729955,-18.91068329968435,20.380352538557347
65,183,183,2020-02-17,52500.0,-200.0,2330946,163645,603351,-439706,759180,1304015,-544835,984541,1408121,423580,60.40985076445358,-15.274359843415967,18.172021145062992,-3.8678309995910425,42.23782961939058,-18.86384326363631,-23.373986355754276
66,182,182,2020-02-18,51000.0,-1500.0,2581442,316773,451437,-134664,310925,1561059,-1250134,1384798,1953744,568946,75.68421060786955,23.303535258706933,22.039852144654034,-0.9805839044485722,53.644358463215525,-5.2166192383946655,-48.427739224820854
67,181,181,2020-02-19,51100.0,100.0,2681487,665227,649203,16024,611679,1414994,-803315,787291,1404581,617290,52.38067534916261,11.08384511673716,23.02043604910261,-6.357091198377942,29.360239300060005,0.5975788806732979,-29.957818180733298
68,180,180,2020-02-20,50900.0,-200.0,1875311,335698,420224,-84526,765169,904167,-138998,223524,774444,550920,41.29683023242545,2.988622136946958,29.37752724748055,0.8679289147297204,11.919302984944894,-4.5073057215576515,-7.411997263387246
69,179,179,2020-02-21,50400.0,-500.0,1931325,136936,375957,-239021,1054533,1004755,49778,189243,739856,550613,38.30820809547849,-24.982340814430362,28.509598332750826,-3.8945806004788928,9.79860976272766,-12.376011287587538,2.577401524859876
70,178,178,2020-02-24,48700.0,-1700.0,3559473,324094,953702,-629608,982569,1452353,-469784,1099392,2252810,1153418,63.29054890990885,18.10655203375676,32.404178933229716,9.336993327614458,30.88636997667913,-17.688236432752827,-13.198133543926305
71,177,177,2020-02-25,49600.0,900.0,3759466,463336,929506,-466170,1597453,1962757,-365304,831474,1698677,867203,45.18399687615211,-26.386984987512704,23.06718560561527,6.381564784910015,22.11681127053682,-12.39989934740732,-9.716911923129507
72,176,176,2020-02-26,48100.0,-1500.0,3118050,234919,749982,-515063,651512,1847802,-1196290,1711353,2231619,520266,71.5709818636648,6.919731189359367,16.68562082070525,-20.927496619501525,54.88536104295954,-16.518753708247143,-38.3666073347124
73,175,175,2020-02-27,47550.0,-550.0,2079918,289802,553173,-263371,445423,744423,-299000,562371,1344693,782322,64.65125067430543,12.119604124170573,37.61311744020678,-1.2810904135805572,27.038133234098648,-12.662566505025678,-14.375566729072974
74,174,174,2020-02-28,45550.0,-2000.0,3872934,559903,248226,311677,1278515,2118361,-839846,528169,2034516,1506347,52.53164655013486,1.8010034962403625,38.894207853787336,10.590617878235113,13.637438696347525,8.047568071131602,-21.68500676747913
75,173,173,2020-03-02,46000.0,450.0,4067855,654357,353980,300377,1349849,2562526,-1212677,912300,2063649,1151349,50.730643053894504,-9.516505982082199,28.303589975552224,-4.1636386728203165,22.427053078342276,7.384161923175727,-29.811215001518
76,172,172,2020-03-03,46600.0,600.0,3308530,419928,412425,7503,895307,1821917,-926610,919107,1993295,1074188,60.24714903597671,19.08162605197368,32.46722864837254,-3.5595953619104885,27.77992038760416,0.22677745101298766,-28.00669783861715
77,171,171,2020-03-04,48200.0,1600.0,3658066,453933,381740,72193,1698271,1958441,-260170,187977,1505862,1317885,41.165522984003026,-3.8048361328620564,36.02682401028303,-0.4796115397719589,5.138698973719993,1.9735291818135596,-7.112228155533552
78,170,170,2020-03-05,49050.0,850.0,2588823,114136,467726,-353590,1310484,1176010,134474,219116,1164203,945087,44.97035911686508,-16.95954568157876,36.506435550054995,20.296057539403733,8.463923566810093,-13.658330445920795,5.1944068791107005
79,169,169,2020-03-06,47450.0,-1600.0,3419692,397680,142898,254782,904200,2722449,-1818249,1563467,2117812,554345,61.92990479844384,-8.02947386172888,16.21037801065125,-16.46169952542358,45.719526787792574,7.45043705690454,-53.169963844697115
80,168,168,2020-03-09,45500.0,-1950.0,3515886,581936,460167,121769,474258,1907006,-1432748,1310979,2459692,1148713,69.95937866017272,20.148147819876847,32.67207753607483,8.269149786191171,37.28730112409788,3.4633944331528377,-40.75069555725072
81,167,167,2020-03-10,45500.0,0.0,5812655,936173,633442,302731,1981127,3760755,-1779628,1476897,2895355,1418458,49.81123084029587,-6.486108323722617,24.402927749883666,-8.203620522002502,25.40830309041221,5.208136385180267,-30.61643947559248
82,166,166,2020-03-11,44350.0,-1150.0,3413664,203555,537258,-333703,1288307,1763328,-475021,808724,1921802,1113078,56.29733916401849,11.419287324725358,32.606548271886155,0.8139469597841931,23.690790892132327,-9.775508075780161,-13.915282816352164
83,165,165,2020-03-12,43100.0,-1250.0,4624793,554303,1099579,-545276,1994973,2054872,-59899,605175,2075517,1470342,44.878051839293136,-12.751964688418715,31.79260131210197,-11.01315053252264,13.085450527191165,-11.790279046002707,-1.2951714811884554
84,164,164,2020-03-13,42700.0,-400.0,5773939,696639,572617,124022,1749778,2729744,-979966,855944,3327522,2471578,57.63001652771185,1.0826333977426827,42.80575184462461,12.962681953437604,14.824264683087229,2.1479617294190327,-16.972226412506267
85,163,163,2020-03-16,41000.0,-1700.0,4531444,410881,135146,275735,1558150,3043976,-1485826,1210091,2562413,1352322,56.547383129969155,4.198774770605404,29.84306989118701,-3.2324779004210207,26.704313238782163,6.08492568814709,-32.78923892692925
86,162,162,2020-03-17,39650.0,-1350.0,4684902,431186,272303,158883,1801235,2863042,-1061807,902924,2452481,1549557,52.34860835936376,-12.817698661301716,33.075547791608024,-3.0203277900080394,19.27306056775574,3.3913836404688933,-22.664444208224634
87,161,161,2020-03-18,38000.0,-1650.0,3745813,323334,203266,120068,981471,2190463,-1208992,1088924,2441008,1352084,65.16630702066547,10.04571219707465,36.09587558161606,-9.698739645065046,29.07043143904941,3.205392260638745,-32.27582369968816
88,160,160,2020-03-19,35450.0,-2550.0,5640126,690415,575579,114836,1840840,2481673,-640833,525997,3108871,2582874,55.12059482359082,-1.0403184419624836,45.79461522668111,5.316817051066693,9.325979596909717,2.036053804471744,-11.362033401381456
89,159,159,2020-03-20,38000.0,2550.0,4623584,203042,1054173,-851131,1823895,1697886,126009,725122,2596647,1871525,56.16091326555329,-0.6043080815995339,40.47779817561442,-2.313460659296794,15.683115089938886,-18.4084684089226,2.7253533189837147
90,158,158,2020-03-23,36000.0,-2000.0,3367606,178201,456489,-278288,1277776,1470076,-192300,470588,1911629,1441041,56.76522134715285,-3.327904033760788,42.79125883491121,-12.163962352823837,13.973962512241636,-8.263674551001513,-5.710287961240121
91,157,157,2020-03-24,39150.0,3150.0,4179097,415599,504961,-89362,1252148,1377504,-125356,214718,2511350,2296632,60.09312538091363,-9.624585166904147,54.95522118773504,-4.062241974323598,5.137904193178574,-2.138308826045435,-2.9995953671331392
92,156,156,2020-03-25,41450.0,2300.0,4241958,291652,705201,-413549,992910,1033261,-40351,453900,2957396,2503496,69.71771054781777,7.818872556069081,59.01746316205865,13.218860208297665,10.700247385759123,-9.749012130718882,-0.9512352550402432
93,155,155,2020-03-26,40750.0,-700.0,3762796,114168,200408,-86240,1319501,1839080,-519579,605819,2329127,1723308,61.898837991748685,-7.716646830466415,45.79860295376098,-1.8788139136638549,16.100235037987712,-2.2919127159697203,-13.80832232201799
94,154,154,2020-03-27,41100.0,350.0,3423688,166805,237935,-71130,873466,1553427,-679961,751091,2383417,1632326,69.61548482221511,5.246872155330267,47.67741686742484,4.968925874372489,21.938067954790274,-2.0775841723895403,-19.86048378240073
95,153,153,2020-03-30,40450.0,-650.0,2807999,523103,263162,259941,477426,1345583,-868157,608216,1807470,1199254,64.36861266688484,7.556118122921276,42.70849099305235,11.573206535463731,21.660121673832503,9.257161416368026,-30.917283090200527
96,152,152,2020-03-31,40100.0,-350.0,3287643,331308,445831,-114523,1088543,1818195,-729652,844175,1867792,1023617,56.81249454396357,5.3904184668540855,31.13528445758861,-7.027482058486773,25.677210086374952,-3.483437830689038,-22.19377225568591
97,151,151,2020-04-01,39000.0,-1100.0,2688956,77575,320141,-242566,1228664,1342635,-113971,356537,1382717,1026180,51.42207607710948,0.4016770815612389,38.16276651607538,-0.4575148841475212,13.259309561034096,-9.020824438927226,-4.2384851221068685
98,150,150,2020-04-02,39400.0,400.0,2003481,273504,189353,84151,707793,1040378,-332585,248434,1022184,773750,51.02039899554824,0.06901736853740204,38.62028140022291,-9.322892116085878,12.400117595325337,4.2002394831795264,-16.600357078504864
99,149,149,2020-04-03,39800.0,400.0,1396180,175397,205012,-29615,509410,521795,-12385,42000,711373,669373,50.95138162701084,-6.2751222020789825,47.94317351630878,-15.886554986094644,3.0082081107020584,-2.1211448380581297,-0.8870632726439285
100,148,148,2020-04-06,40950.0,1150.0,1847567,260029,174340,85689,530240,493930,36310,-121999,1057298,1179297,57.22650382908982,3.2962753660046937,63.82972850240344,14.952319416023713,-6.603224673313607,4.637937352204277,1.965287321109329
101,147,147,2020-04-07,41800.0,850.0,2930364,181169,218938,-37769,1168843,1279140,-110297,148066,1580352,1432286,53.930228463085136,13.83692753306024,48.87740908637971,-2.954464323030784,5.052819376705419,-1.2888842478272324,-3.7639351288781873
102,146,146,2020-04-08,41700.0,-100.0,1708879,102150,259710,-157560,921583,563425,358158,-200598,685146,885744,40.09330093002489,4.715735133836361,51.8318734094105,17.941342719591567,-11.738572479385608,-9.2200793619677,20.95865184135331
103,145,145,2020-04-09,42050.0,350.0,2145679,65332,299968,-234636,1321258,1118529,202729,31907,759089,727182,35.377565796188534,-39.42866134253365,33.89053068981893,-38.186784527101466,1.487035106369592,-10.935279694679402,9.448244588309807
104,144,144,2020-04-10,42200.0,150.0,969434,89695,86307,3388,154542,184385,-29843,26455,725197,698742,74.80622713872219,6.962660369265863,72.07731521692041,18.464705744230443,2.7289119218017936,0.3494822752245125,-3.0783941970263062
105,143,143,2020-04-13,41800.0,-400.0,1167757,8554,152725,-144171,366955,388967,-22012,166183,792248,626065,67.84356676945632,8.95577968773592,53.612609472689954,-7.563707405562766,14.230957296766364,-12.345976089203491,-1.884981207562875
106,142,142,2020-04-14,42100.0,300.0,1193998,145033,50284,94749,345846,413270,-67424,-27325,703119,730444,58.8877870817204,30.303862037128486,61.176316878252706,29.822867070630068,-2.2885297965323224,7.935440427873414,-5.6469106313410915
107,141,141,2020-04-16,42300.0,200.0,2341232,45995,52846,-6851,1626021,1554329,71692,-64841,669216,734057,28.583925044591908,-24.454164463726435,31.353449807622646,-29.795376397111177,-2.7695247630307462,-0.2926237126435996,3.0621484756743462
108,140,140,2020-04-17,44050.0,1750.0,3207970,242828,371848,-129020,1263696,874486,389210,-260190,1701446,1961636,53.03808950831835,-22.68534250892295,61.14882620473383,17.69317933810887,-8.11073669641549,-4.021858059769886,12.132594756185375
109,139,139,2020-04-20,43500.0,-550.0,1775737,124657,330580,-205923,306431,673499,-367068,572991,1344649,771658,75.7234320172413,-0.5517839681544956,43.45564686662497,-5.734163198306277,32.26778515061633,-11.596480785161313,-20.67130436545502
110,138,138,2020-04-21,42650.0,-850.0,2119935,33652,109432,-75780,469298,967711,-498413,574193,1616985,1042792,76.27521598539579,13.080990337213578,49.18981006493124,9.600617344784624,27.085405920464538,-3.5746379016337766,-23.51076801883077
111,137,137,2020-04-22,42950.0,300.0,1818663,225723,359169,-133446,443650,739500,-295850,429296,1149290,719994,63.19422564818221,20.621802499046353,39.589192720146606,-5.194823115445878,23.605032928035595,-7.337588107307402,-16.267444820728194
112,136,136,2020-04-23,43000.0,50.0,1324611,54379,177006,-122627,706313,554391,151922,-29295,563919,593214,42.57242314913586,2.725704001061132,44.78401583559249,12.712617184423245,-2.2115926864566275,-9.257585811985557,11.469178498442185
113,135,135,2020-04-24,42500.0,-500.0,1570842,65124,168609,-103485,879789,898442,-18653,122138,625929,503791,39.846719148074726,-22.93862844071445,32.07139865116925,-11.563035790857912,7.775320496905482,-6.587868162424992,-1.1874523344804888
114,134,134,2020-04-27,42750.0,250.0,1160164,95628,262660,-167032,336123,391273,-55150,222182,728413,506231,62.78534758878918,-9.47967229660334,43.63443444202716,19.650414563366574,19.150913146762008,-14.3972748680359,-4.753638278726111
115,133,133,2020-04-28,42400.0,-350.0,1336911,58422,205448,-147026,312370,810818,-498448,645474,966119,320645,72.26501988539252,23.308076157528486,23.98401987866059,-0.5977486430191696,48.28100000673194,-10.99744111612516,-37.28355889060678
116,132,132,2020-04-29,42250.0,-150.0,1833554,70109,294658,-224549,865793,1088176,-222383,446932,897652,450720,48.95694372786403,-14.440262098087402,24.58176852167975,5.733712079212892,24.375175206184274,-12.246653221012306,-12.128521985171965
117,131,131,2020-05-04,41200.0,-1050.0,2912417,104501,875522,-771021,961525,1487961,-526436,1297457,1846391,548934,63.39720582595143,33.053141134751556,18.84805644246686,-9.601818034892162,44.549149383484576,-26.473578474511037,-18.075570908973546
118,130,130,2020-05-06,42000.0,800.0,1801667,152571,440868,-288297,1102397,848227,254170,34127,546699,512572,30.34406469119987,-33.89060720628585,28.449874477359014,3.470544156635264,1.8941902138408484,-16.001680665739006,14.107490451898158
119,129,129,2020-05-07,41600.0,-400.0,1090970,80778,220423,-139645,309411,598030,-288619,428264,700781,272517,64.23467189748573,1.712737878891495,24.97933032072376,-2.2103919996684667,39.25534157676197,-12.800076995701072,-26.45526458106089
120,128,128,2020-05-08,41650.0,50.0,1134653,56311,292733,-236422,368935,533411,-164476,400898,709407,308509,62.52193401859423,-2.3731185308110203,27.18972232039223,-15.34488635005324,35.332211698202,-20.836502437309033,-14.495709260892978
121,127,127,2020-05-11,41500.0,-150.0,1090117,20001,163612,-143611,362684,462828,-100144,243755,707432,463677,64.89505254940525,-6.797205117135505,42.53460867044547,18.40966784614589,22.36044387895978,-13.173907020989489,-9.186536857970289
122,126,126,2020-05-12,40850.0,-650.0,2091230,227184,197292,29892,364796,1389430,-1024634,994742,1499250,504508,71.69225766654074,33.27552014982263,24.124940824299568,8.41624971892276,47.567316842241176,1.4293980097837158,-48.99671485202489
123,125,125,2020-05-13,41050.0,200.0,3016935,477783,404064,73719,1380144,2138950,-758806,685087,1159008,473921,38.416737516718115,-23.468501059058514,15.708691105376813,-17.120889268407883,22.70804641134131,2.443506406336232,-25.151552817677544
124,124,124,2020-05-14,40650.0,-400.0,1230762,91142,230757,-139615,377960,595951,-217991,357606,761660,404054,61.88523857577663,13.65083057819536,32.82958037378469,-9.183105852392636,29.05565820199193,-11.343785394739196,-17.711872807252742
125,123,123,2020-05-15,40950.0,300.0,1319699,64826,210332,-145506,618324,554926,63398,82108,636549,554441,48.23440799758127,15.131276051048431,42.01268622617733,-2.621277506172732,6.221721771403934,-11.025696010984326,4.8039742395803895
126,122,122,2020-05-18,41600.0,650.0,2241226,225994,541853,-315859,1273316,699025,574291,-258432,741916,1000348,33.10313194653284,-10.734823449909598,44.63396373235006,-23.536062469429588,-11.530831785817227,-14.093134739646963,25.62396652546419
127,121,121,2020-05-19,43200.0,1600.0,2312820,357889,407645,-49756,941038,328525,612513,-562757,1013893,1576650,43.83795539644244,7.259744702642893,68.17002620177965,32.50441432215753,-24.33207080533721,-2.1513131155904914,26.4833839209277
128,120,120,2020-05-20,43300.0,100.0,1906862,121885,858437,-736552,1087481,368331,719150,17402,697496,680094,36.57821069379955,-13.287248277396252,35.66561187962212,0.21047682802736034,0.9125988141774288,-38.626392470981116,37.71379365680369
129,119,119,2020-05-21,43300.0,0.0,1811715,27218,345654,-318436,881077,823715,57362,261074,903420,642346,49.86545897119579,-19.043383012433573,35.45513505159476,-2.315788533397857,14.41032391960104,-17.576495199300112,3.166171279699069
130,118,118,2020-05-22,42350.0,-950.0,1779284,27249,174185,-146936,525951,933047,-407096,554032,1226084,672052,68.90884198362937,39.35943393616737,37.770923584992616,-4.434610799932173,31.13791839863676,-8.258153279633829,-22.87976511900293
131,117,117,2020-05-25,43100.0,750.0,1966036,68892,548789,-479897,1316192,587471,728721,-248824,580952,829776,29.549408047462002,-32.85369666204668,42.20553438492479,4.256753971392101,-12.656126337462792,-24.40936991998112,37.065496257443904
132,116,116,2020-05-26,42950.0,-150.0,1773306,110804,236460,-125656,555904,863898,-307994,433650,1106598,672948,62.403104709508675,16.583663188481765,37.94878041353269,12.822127254393976,24.45432429597599,-7.0859738815523095,-17.36835041442368
133,115,115,2020-05-27,42950.0,0.0,2489476,361923,256022,105901,986889,1607932,-621043,515142,1140664,625522,45.819441521026924,-1.6188710456541031,25.126653159138712,-20.297694180204974,20.692788361888205,4.2539474170468,-24.946735778935004
134,114,114,2020-05-28,43500.0,550.0,3212121,353328,164766,188562,1335017,1588270,-253253,64691,1523776,1459085,47.43831256668102,16.72326044817257,45.42434733934369,32.81833732029537,2.0139652273373265,5.870326802757432,-7.884292030094756
135,113,113,2020-05-29,42850.0,-650.0,3546245,650029,93510,556519,1806985,3005695,-1198710,642191,1089231,447040,30.71505211850845,2.605224870922374,12.606010019048314,-27.238933329737574,18.109042099460133,15.693190966783176,-33.80223306624331
136,112,112,2020-06-01,43950.0,1100.0,3188899,272968,576460,-303492,2019537,1341824,677713,-374221,896394,1270615,28.10982724758608,-53.05672872879201,39.8449433487859,6.997570298580371,-11.735116101199818,-9.517140555407996,21.252256656607813
137,111,111,2020-06-02,44000.0,50.0,2228440,153270,932994,-779724,266422,563462,-297040,1076764,1808748,731984,81.16655597637809,19.40494526516678,32.84737305020553,-36.394810904990585,48.31918292617257,-34.98967887849796,-13.329504047674606
138,110,110,2020-06-03,46200.0,2200.0,4824403,866502,209837,656665,978272,1274044,-295772,-360893,2979629,3340522,61.76161071121131,0.2042306033744552,69.24218395519611,10.775797698692813,-7.480573243984799,13.611321442259278,-6.130748198274481
139,109,109,2020-06-04,46900.0,700.0,3805378,453074,257647,195427,1009813,1322864,-313051,117624,2342491,2224867,61.557380107836856,4.6597949328879205,58.4663862565033,-1.6208430047507392,3.09099385133356,5.1355476381058605,-8.22654148943942
140,108,108,2020-06-05,47750.0,850.0,2293955,322575,341186,-18611,666175,574395,91780,-73169,1305205,1378374,56.897585174948944,-13.861795094865565,60.087229261254045,22.08680767609384,-3.189644086305093,-0.811306237480683,4.000950323785776
141,107,107,2020-06-08,47800.0,50.0,3795200,287575,904204,-616629,822165,1448804,-626639,1243268,2685460,1442192,70.7593802698145,5.158034226324375,38.00042158516021,-4.433822296080429,32.7589586846543,-16.24760223440135,-16.51135645025295
142,106,106,2020-06-09,48000.0,200.0,2692335,320839,446413,-125574,605288,1103450,-498162,623736,1766208,1142472,65.60134604349011,-8.13164887187152,42.43424388124063,-6.911137323171872,23.16710216224949,-4.664129835254529,-18.50297232699497
143,105,105,2020-06-10,47950.0,-50.0,1672882,135150,291399,-156249,304266,555993,-251727,407976,1233466,825490,73.73299491536164,17.94897330441016,49.3453812044125,5.346646391306656,24.38761371094913,-9.34010886601685,-15.047504844932279
144,104,104,2020-06-11,47550.0,-400.0,3386061,74577,1014164,-939587,1422603,882073,540530,399057,1888881,1489824,55.78402161095149,-24.766638820690694,43.99873481310585,-22.278998668223014,11.785286797845638,-27.748673163300964,15.963386365455316
145,103,103,2020-06-12,46050.0,-1500.0,3109103,60635,594650,-534015,544065,453810,90255,443760,2504403,2060643,80.55066043164219,1.460343877491482,66.27773348132887,9.914187261366024,14.27292695031332,-17.1758542576428,2.902927307329477
146,102,102,2020-06-15,44450.0,-1600.0,3166662,142633,616322,-473689,519506,765497,-245991,719680,2504523,1784843,79.0903165541507,15.421542189987342,56.36354621996284,-6.2040284296165,22.72677033418786,-14.958622044285116,-7.768148289902742
147,101,101,2020-06-16,46050.0,1600.0,1984472,172138,162245,9893,548845,580591,-31746,21853,1263489,1241636,63.66877436416336,13.338221122852955,62.56757464957934,23.19069571644136,1.1011997145840304,0.4985205132649894,-1.5997202278490197
148,100,100,2020-06-17,45900.0,-150.0,2446202,313782,176558,137224,901233,1306406,-405173,267949,1231187,963238,50.330553241310405,-11.125987146272244,39.37687893313797,-5.121876101035909,10.953674308172424,5.609675734056305,-16.563350042228727
149,99,99,2020-06-18,45900.0,0.0,1436184,163612,231631,-68019,389943,565469,-175526,243545,882629,639084,61.456540387582635,24.98979710323927,44.49875503417389,-0.832048650695107,16.957785353408756,-4.736092311291589,-12.221693042117169
150,98,98,2020-06-19,47000.0,1100.0,2160511,142615,312211,-169596,1230028,868923,361105,-191509,787868,979377,36.46674328434338,-30.126500969942036,45.330803684869004,13.889178024005144,-8.864060400525618,-7.849809605227652,16.713870005753268
151,97,97,2020-06-22,46300.0,-700.0,2413886,137331,712998,-575667,669070,941923,-272853,848520,1607485,758965,66.59324425428541,-0.17509398198127712,31.441625660863853,-20.225453325759823,35.15161859342156,-23.84814361572999,-11.303474977691572
152,96,96,2020-06-23,46000.0,-300.0,1633036,46894,272198,-225304,495791,517096,-21305,246609,1090351,843742,66.76833823626669,23.865751575508256,51.66707898662368,4.920239053909127,15.101259249642995,-13.796633999495418,-1.304625250147578
153,95,95,2020-06-24,47000.0,1000.0,3154917,369046,279346,89700,1432330,1400747,31583,-121283,1353541,1474824,42.90258666075843,-27.461120265216646,46.74683993271455,25.413889201400004,-3.844253271956125,2.8431809775027364,1.001072294453388
154,94,94,2020-06-25,45900.0,-1100.0,3035356,174781,495156,-320375,724786,1892669,-1167883,1488258,2135789,647531,70.36370692597508,16.304738361428456,21.332950731314547,-27.33691097195421,49.03075619466053,-10.554775123576938,-38.475981071083595
155,93,93,2020-06-26,46850.0,950.0,2740918,318458,308506,9952,940748,1098411,-157663,147711,1481712,1334001,54.05896856454663,15.311326873494721,48.66986170326876,5.903372792133688,5.389106861277863,0.36309003042046495,-5.752196891698329
156,92,92,2020-06-29,46050.0,-800.0,2077760,63767,53459,10308,1208910,1135716,73194,-83502,805083,888585,38.747641691051896,13.922180111024813,42.76648891113507,-11.342456372947463,-4.018847220083167,0.4961111966733405,3.522736023409826
157,91,91,2020-06-30,46500.0,450.0,2137495,252205,123454,128751,1354647,857465,497182,-625933,530643,1156576,24.82546158002709,-45.3120735944726,54.10894528408253,1.2459933200719815,-29.28348370405545,6.0234526864390325,23.260031017616416
158,90,90,2020-07-01,46100.0,-400.0,1258369,35029,88225,-53196,340751,504933,-164182,217378,882589,665211,70.13753517449969,31.134702739700426,52.86295196401054,13.33837682923044,17.274583210489133,-4.227376866404051,-13.047206344085081
159,89,89,2020-07-02,46650.0,550.0,1461640,48659,221414,-172755,842900,662519,180381,-7626,570081,577707,39.00283243479928,6.014343245906716,39.524575134780115,-28.892242448361145,-0.5217426999808434,-11.819257819983035,12.341000519963876
160,88,88,2020-07-03,46900.0,250.0,1457760,79404,109109,-29705,897463,351298,546165,-516460,480893,997353,32.98848918889255,-16.523601795331906,68.41681758314125,-13.345811314572373,-35.42832839424871,-2.03771539896828,37.46604379321699
161,87,87,2020-07-06,47950.0,1050.0,2257798,214766,78921,135845,925149,332842,592307,-728152,1117883,1846035,49.512090984224464,-2.2068224107960566,81.76262889771363,25.243279729339317,-32.25053791348916,6.016703000002657,26.233834913486504
162,86,86,2020-07-07,47600.0,-350.0,2814307,178383,370503,-192120,1180395,853176,327219,-135099,1455529,1590628,51.71891339502052,-15.795071396870648,56.51934916837431,32.87268884781534,-4.800435773353796,-6.826547352509872,11.626983125863669
163,85,85,2020-07-08,46500.0,-1100.0,3104265,168899,143993,24906,839553,2226217,-1386664,1361758,2095813,734055,67.51398479189116,23.548208907796443,23.64666032055897,-21.783250848554722,43.867324471332175,0.8023155239646099,-44.66963999529679
164,84,84,2020-07-09,46500.0,0.0,1886506,332341,146846,185495,724748,882622,-157874,-27621,829417,857038,43.96577588409472,11.025277979902091,45.4299111691137,-2.603594843650612,-1.4641352850189715,9.832727804735317,-8.368592519716344
165,83,83,2020-07-10,46750.0,250.0,1784038,96768,250654,-153886,1099599,676448,423151,-269265,587671,856936,32.940497904192625,6.933974871745732,48.03350601276431,1.0430294194534042,-15.093008108571679,-8.625713129428858,23.718721238000537
166,82,82,2020-07-13,47200.0,450.0,2175062,212247,120799,91448,1397157,1032191,364966,-456414,565658,1022072,26.00652303244689,-22.90162559102089,46.9904765933109,-5.507326117845678,-20.983953560864013,4.204385897965207,16.779567662898806
167,81,81,2020-07-14,47100.0,-100.0,956861,96190,128125,-31935,392688,326405,66283,-34348,467983,502331,48.90814862346778,8.367025756917343,52.49780271115658,-3.2715578536306182,-3.589654087688808,-3.3374753490841407,6.9271294367729475
168,80,80,2020-07-15,47450.0,350.0,1926106,396912,127718,269194,748329,724211,24118,-293312,780865,1074177,40.54112286655044,-5.368930246888574,55.769360564787206,20.535612389029037,-15.228237698236756,13.976074006311181,1.2521636919255739
169,79,79,2020-07-16,47050.0,-400.0,1508846,122057,250019,-127962,694077,727204,-33127,161089,692712,531623,45.910053113439005,9.99209471422315,35.23374817575816,-5.690484922609258,10.67630493768085,-8.480785978158142,-2.1955189595227083
170,78,78,2020-07-17,47100.0,50.0,1379349,168801,110461,58340,715114,704400,10714,-69054,495434,564488,35.91795839921586,-16.42748614505868,40.924233098367424,-0.9919430700944574,-5.0062746991515565,4.229531467380626,0.7767432317709296
171,77,77,2020-07-20,46950.0,-150.0,1056239,132595,151675,-19080,370751,461829,-91078,110158,552893,442735,52.34544454427454,29.0447666509393,41.91617616846187,-13.691476786416194,10.42926837581267,-1.806409344854716,-8.622859030957956
172,76,76,2020-07-21,47700.0,750.0,2250059,211860,185552,26308,1513920,813302,700618,-726926,524279,1251205,23.300677893335237,-31.248254695233122,55.60765295487807,21.584247430931875,-32.30697506154283,1.1692137850607474,31.137761276482085
173,75,75,2020-07-22,47250.0,-450.0,1385314,60148,465102,-404954,569492,448881,120611,284343,755674,471331,54.54893258856836,1.99076986333882,34.023405523946195,-20.388370462307986,20.52552706462217,-29.231928645779945,8.706401581157774
174,74,74,2020-07-23,47050.0,-200.0,1042936,57424,301830,-244406,437364,173626,263738,-19332,548148,567480,52.55816272522954,-1.2865975134533871,54.41177598625418,7.552086082350421,-1.8536132610246456,-23.434419753465214,25.288033014489866
175,73,73,2020-07-24,47150.0,100.0,1043225,128274,318832,-190558,353229,235541,117688,72870,561722,488852,53.84476023868293,17.306212679764293,46.859689903903764,-0.9944509416916604,6.985070334779169,-18.266241702413193,11.28117136763402
176,72,72,2020-07-27,47500.0,350.0,2146180,552602,355216,197386,809395,763928,45467,-242853,784183,1027036,36.538547558918644,10.463610485190491,47.854140845595424,-15.769387060170159,-11.315593286676792,9.197085053443793,2.118508233233
177,71,71,2020-07-28,49500.0,2000.0,6280763,1334659,238494,1096165,3308399,2046226,1262173,-2358338,1637705,3996043,26.074937073728147,-29.994249653487447,63.623527905765584,-7.149549460044867,-37.548590832037455,17.452736236027373,20.09585459601007
178,70,70,2020-07-29,50200.0,700.0,2892867,328876,216374,112502,941984,629122,312862,-425364,1622007,2047371,56.0691867272156,-1.0903262994069252,70.77307736581045,-0.3678032168067773,-14.703890638594864,3.88894477347213,10.81494586512273
179,69,69,2020-07-30,50600.0,400.0,1535279,116978,70256,46722,540743,372812,167931,-214653,877558,1092211,57.159513026622534,-14.64857311637057,71.14088058261723,34.258910722427416,-13.981367555994707,3.04322536815784,10.938142187836867
180,68,68,2020-07-31,49500.0,-1100.0,2148985,138608,72679,65929,467232,1283718,-816486,750557,1543145,792588,71.80808614299309,2.6175471041946143,36.88196986018981,-4.611887533697336,34.926116282803285,3.0679134568179864,-37.994029739621254
181,67,67,2020-08-03,49050.0,-450.0,1966185,88894,229049,-140155,516877,921290,-404413,544568,1360414,815846,69.19053903879848,11.003770666327119,41.49385739388715,-4.086261346387289,27.69668164491134,-7.128271246093322,-20.568410398818017
182,66,66,2020-08-04,50000.0,950.0,1809664,63231,612224,-548993,693448,372593,320855,228138,1052985,824847,58.18676837247136,-29.500694247528248,45.580118740274436,-2.054532801401244,12.606649632196914,-30.336736543358327,17.730086911161408
183,65,65,2020-08-05,49950.0,-50.0,1466359,28005,293532,-265527,152541,474332,-321791,587318,1285813,698495,87.68746261999962,15.703467978375912,47.63465154167568,-26.2700558756288,40.052811078323934,-18.10791218248737,-21.94489889583656
184,64,64,2020-08-06,50500.0,550.0,1433270,91694,109090,-17396,309851,264926,44925,-27529,1031725,1059254,71.98399464162371,-6.576065487291089,73.9047074173045,33.14913660085537,-1.9207127756807856,-1.2137280484486523,3.1344408241294377
185,63,63,2020-08-07,50000.0,-500.0,1788158,44187,154083,-109896,339193,905301,-566108,676004,1404778,728774,78.56006012891478,-0.09239734750420324,40.75557081644911,-11.87644398612528,37.804489312465684,-6.145765642633369,-31.658723669832312
186,62,62,2020-08-10,50100.0,100.0,1581887,138698,134694,4004,198996,614614,-415618,411614,1244193,832579,78.65245747641899,12.336856058220544,52.63201480257439,-6.014301292989607,26.02044267384459,0.2531154248059438,-26.273558098650536
187,61,61,2020-08-11,50300.0,200.0,2104642,373925,200780,173145,335011,669567,-334556,161411,1395706,1234295,66.31560141819843,-6.7609486890183215,58.646316095564,-10.944711793305947,7.669285322634442,8.226814821713146,-15.896100144347589
188,60,60,2020-08-12,50700.0,400.0,1278718,149899,256435,-106536,194376,132410,61966,44570,934443,889873,73.07655010721678,-2.671274757276592,69.59102788886996,8.810634568137036,3.4855222183468126,-8.331469487408482,4.84594726906167
189,59,59,2020-08-13,50700.0,0.0,1536456,49028,297952,-248924,323596,304640,18956,229968,1163832,933864,75.74782486449334,5.07370983472171,60.7803933207329,3.8672790761474194,14.967431543760446,-16.20117985806297,1.2337483143025247
190,58,58,2020-08-14,50600.0,-100.0,1467168,36323,331479,-295156,393937,300678,93259,201897,1036908,835011,70.67411502977164,-1.2191959183194283,56.91311424458549,-2.9560499582689346,13.761000785186155,-20.117396235468604,6.35639545028245
191,57,57,2020-08-18,50200.0,-400.0,2646982,127516,261253,-133737,616463,801003,-184540,318277,1903003,1584726,71.89331094809106,0.5748755776672283,59.86916420285442,25.404621051334658,12.024146745236651,-5.052433299508649,-6.971713445728003
192,56,56,2020-08-19,50100.0,-100.0,2154478,66920,818565,-751645,551018,593382,-42364,794009,1536540,742531,71.31843537042384,-16.333549851291767,34.46454315151976,-27.700397078808688,36.85389221890407,-34.887569053849695,-1.9663231650543656
193,55,55,2020-08-20,48250.0,-1850.0,3748473,137572,434383,-296811,325290,983854,-658564,955375,3285611,2330236,87.6519852217156,21.636251809268604,62.16494023032846,17.42803306448004,25.48704499138716,-7.918184284640706,-17.568860706746456
194,54,54,2020-08-21,48650.0,400.0,2507784,311641,530920,-219279,540611,854959,-314348,533627,1655532,1121905,66.015733412447,-6.3748110984811746,44.736907165848415,-12.005640780683592,21.27882624659859,-8.743934884344107,-12.534891362254484
195,53,53,2020-08-24,48600.0,-50.0,1425077,70524,144687,-74163,322932,471765,-148833,222996,1031621,808625,72.39054451092821,8.352225760655202,56.74254794653202,8.922497726349377,15.64799656439617,-5.204139846478472,-10.4438567179177
196,52,52,2020-08-25,48750.0,150.0,1305053,71697,109439,-37742,397622,571537,-173915,211657,835734,624077,64.03831875027298,19.22680170179532,47.82005022018263,-10.5135060467789,16.21826853009035,-2.8919898272330697,-13.326278702857277
197,51,51,2020-08-26,49000.0,250.0,1345692,68980,228935,-159955,673687,331767,341920,-181965,603025,784990,44.81151704847766,-31.396967885945788,58.33355626696153,22.288913304313674,-13.522039218483872,-11.886449499588316,25.40848871807219
198,50,50,2020-08-27,48400.0,-600.0,1861794,47948,364984,-317036,395001,825733,-430732,747768,1418845,671077,76.20848493442345,-4.781343273355034,36.044642962647856,-9.51845601679291,40.16384197177561,-17.02852195248239,-23.135320019293214
199,49,49,2020-08-28,48200.0,-200.0,1479287,133430,65390,68040,147785,739888,-592103,524063,1198072,674009,80.98982820777849,29.890931596587553,45.563098979440774,12.315671637824288,35.426729228337706,4.59951314383213,-40.026242372169826
200,48,48,2020-08-31,47500.0,-700.0,3428166,65087,316573,-251486,1611324,1971816,-360492,611978,1751755,1139777,51.09889661119094,-21.76845283189722,33.247427341616486,7.317119773101393,17.851469269574462,-7.335875800646759,-10.5155934689277
201,47,47,2020-09-01,47100.0,-400.0,2632194,46444,228077,-181633,667740,1721581,-1053841,1235474,1918010,682536,72.86734944308816,7.384414980662953,25.93030756851509,-6.126986119037862,46.937041874573076,-6.900441228875987,-40.03660064569709
202,46,46,2020-09-02,47100.0,0.0,1881394,68856,87159,-18303,580546,1191111,-610565,628868,1231992,603124,65.4829344624252,21.72065751934852,32.05729368755295,7.495667049443544,33.42564077487225,-0.9728424774396006,-32.45279829743264
203,45,45,2020-09-03,47900.0,800.0,3836969,1142766,444285,698481,1015058,2450262,-1435204,736723,1679145,942422,43.762276943076685,-19.29407296223652,24.561626638109413,-4.175453100440002,19.200650304967283,18.203978192161575,-37.404628497128854
204,44,44,2020-09-04,47500.0,-400.0,2886358,145523,264229,-118706,920803,1792674,-871871,990577,1820032,829455,63.05634990531321,1.4975672605530832,28.737079738549408,-24.91820072286526,34.319270166763786,-4.112656849912589,-30.2066133168512
205,43,43,2020-09-07,48500.0,1000.0,2015714,172925,154757,18168,601940,779420,-177480,159312,1240849,1081537,61.558782644760115,-7.565019106066835,53.65528046141467,-17.54145802499503,7.903502183345455,0.9013183417885672,-8.804820525134023
206,42,42,2020-09-08,50000.0,1500.0,2548510,247118,354035,-106917,539765,380019,159746,-52829,1761627,1814456,69.12380175082696,1.0793739874323194,71.1967384864097,20.65894484461312,-2.0729367355827524,-4.195274886109923,6.268211621692675
207,41,41,2020-09-09,49500.0,-500.0,2349972,259905,129913,129992,491042,1032435,-541393,411401,1599025,1187624,68.04442776339464,28.450305227660127,50.53779364179658,-18.3427798792284,17.506634121598047,5.531640376991726,-23.038274498589768
208,40,40,2020-09-10,50700.0,1200.0,2645971,217752,178589,39163,1380570,644822,735748,-774911,1047649,1822560,39.594122535734506,-15.420511274807598,68.88057352102498,16.599231296374906,-29.286450985290465,1.4800993661684123,27.80635161912205
209,39,39,2020-09-11,50900.0,200.0,1801308,99931,94195,5736,710394,765365,-54971,49235,990983,941748,55.014633810542115,-19.74653450665024,52.281342224650075,-2.360610398294277,2.733291585892029,0.31843527037019764,-3.0517268562622277
210,38,38,2020-09-14,51900.0,1000.0,2360763,217324,166674,50650,378505,904122,-525617,474967,1764934,1289967,74.76116831719236,10.729782934561813,54.64195262294435,15.13181768893157,20.119215694248005,2.145492791949044,-22.264708486197048
211,37,37,2020-09-15,52000.0,100.0,2939585,544507,241657,302850,512821,1536494,-1023673,720823,1882257,1161434,64.03138538263055,-2.144639329242964,39.51013493401279,8.512106309907871,24.521250448617746,10.30247466904342,-34.82372511766117
212,36,36,2020-09-16,51700.0,-300.0,2490139,268368,234132,34236,573896,1484113,-910217,875981,1647875,771894,66.17602471187351,3.0328793469592337,30.99802862410493,-21.27950446654172,35.177996087768605,1.3748630096552843,-36.552859097423884
213,35,35,2020-09-17,51000.0,-700.0,2505013,234314,341189,-106875,688955,854265,-165310,272185,1581744,1309559,63.14314536491428,9.842906409191905,52.27753309064664,20.172986535401265,10.865612274267638,-4.266444924637118,-6.5991673496305205
214,34,34,2020-09-18,50900.0,-100.0,2188690,155044,165038,-9994,867069,1320983,-453914,463908,1166577,702669,53.30023895572237,-19.16568076431621,32.10454655524537,-14.276036986879888,21.195692400477,-0.4566201700560609,-20.739072230420934
215,33,33,2020-09-21,51300.0,400.0,1636797,268421,391105,-122684,182256,486536,-304280,426964,1186120,759156,72.46591972003857,5.310501286156793,46.38058354212525,2.6071862907400174,26.085336177913327,-7.495370531593106,-18.589965646320227
216,32,32,2020-09-22,51000.0,-300.0,2117503,255146,633371,-378225,440339,557229,-116890,495115,1422018,926903,67.15541843388179,-1.2363279661233264,43.77339725138524,3.418057019083484,23.38202118249655,-17.86184010128911,-5.520181081207441
217,31,31,2020-09-23,50900.0,-100.0,1875836,252424,339140,-86716,340495,779696,-439201,525917,1282917,757000,68.39174640000512,-1.965846943329126,40.35534023230176,-8.08939604974487,28.036406167703362,-4.622792184391386,-23.413613983311976
218,30,30,2020-09-24,50300.0,-600.0,1926490,171575,242357,-70782,399483,750850,-351367,422149,1355432,933283,70.35759334333424,-1.0634914590104216,48.44473628204664,13.275889771038349,21.912857061287628,-3.674143130771507,-18.23871393051612
219,29,29,2020-09-25,50700.0,400.0,2041736,157517,239084,-81567,425989,1084597,-658608,740175,1458230,718055,71.42108480234468,12.881521000870645,35.16884651100828,-1.0480052535631046,36.25223829133639,-3.9949827009956227,-32.25725559034077
220,28,28,2020-09-28,50500.0,-200.0,1784371,160357,173825,-13468,579451,964303,-384852,398320,1044563,646243,58.539563801474024,17.080740360627573,36.21685176457138,17.000296073929125,22.322712036902644,-0.7547757725271258,-21.567936264375515
221,27,27,2020-09-29,50500.0,0.0,2656730,297821,507902,-210081,1257460,1638296,-380836,590917,1101449,510532,41.45882344084645,-7.436753865827974,19.216555690642256,-20.625859055910468,22.2422677502042,-7.90750283242934,-14.334764917774859
222,26,26,2020-10-05,50700.0,200.0,2058949,245288,197600,47688,806926,1041014,-234088,186400,1006735,820335,48.895577306674426,-2.1627972513036298,39.84241474655273,0.3478988153214289,9.053162560121693,2.31613313394358,-11.369295694065276
223,25,25,2020-10-06,50900.0,200.0,1735208,136704,173619,-36915,712535,876277,-163742,200657,885969,685312,51.058374557978055,13.999472698152942,39.4945159312313,-0.264780064471104,11.563858626746766,-2.1274106620070907,-9.436447964739674
224,24,24,2020-10-07,51400.0,500.0,1757262,211326,176367,34959,894714,882220,12494,-47453,651222,698675,37.05890185982511,-4.5470343205793355,39.7592959957024,-15.123329046056249,-2.700394135877291,1.9894016942265864,0.7109924416507043
225,23,23,2020-10-08,51700.0,300.0,2263004,227731,185938,41793,1093729,835070,258659,-300452,941544,1241996,41.605936180404456,15.447724036987779,54.88262504175865,9.433681690100734,-13.276688861354199,1.8467930237860823,11.429895837568116
226,22,22,2020-10-12,52300.0,600.0,3716137,215317,103743,111574,2528745,1923449,605296,-716870,972075,1688945,26.158212143416677,-8.77578909760863,45.448943351657924,-5.6157767099520495,-19.290731208241247,3.0024189097441782,16.288312298497072
227,21,21,2020-10-13,53400.0,1100.0,3716282,531820,751675,-219855,1886216,1066898,819318,-599463,1298246,1897709,34.9340012410253,-5.917830831199055,51.06472006160996,17.75345202621743,-16.130718820584658,-5.915993457977624,22.046712278562282
228,20,20,2020-10-14,53600.0,200.0,3346129,431012,1098642,-667630,1548162,1132849,415313,252317,1366955,1114638,40.85183207222435,-12.450226720014749,33.31126803539254,-9.907979410303376,7.540564036831814,-19.952309071168507,12.411745034336693
229,19,19,2020-10-15,53200.0,-400.0,2462706,135778,191133,-55355,1014255,1207210,-192955,248310,1312673,1064363,53.3020587922391,1.7491695153561937,43.219247445695906,-3.6232573883531893,10.082811346543194,-2.2477307482094897,-7.835080598333702
230,18,18,2020-10-16,53000.0,-200.0,1977121,224053,356084,-132031,733805,694904,38901,93130,1019263,926133,51.55288927688291,-11.617544660557089,46.8425048340491,2.150173771704324,4.7103844428337975,-6.677942321183175,1.9675578783493777
231,17,17,2020-10-19,53000.0,0.0,1602973,267901,277943,-10042,322467,608624,-286157,296199,1012605,716406,63.17043393744,-3.4418563725826488,44.69233106234478,-9.288294733946273,18.47810287509521,-0.6264609572338399,-17.851641917861375
232,16,16,2020-10-20,53300.0,300.0,1808384,333344,210892,122452,270434,621315,-350881,228429,1204606,976177,66.61229031002264,-1.1225379721776392,53.98062579629104,30.117658088163573,12.631664513731597,6.7713494479048695,-19.403013961636468
233,15,15,2020-10-21,53200.0,-100.0,1801444,236925,130953,105972,344314,1240613,-896299,790327,1220205,429878,67.73482828220028,27.25805238382957,23.862967708127478,-11.849110897248845,43.8718605740728,5.882614169521784,-49.75447474359458
234,14,14,2020-10-22,53500.0,300.0,2123010,78077,603618,-525541,1185607,761221,424386,101155,859326,758171,40.47677589837071,-12.239725054697132,35.71207860537633,-2.452742028971897,4.764697292994381,-24.75452305924136,19.98982576624698
235,13,13,2020-10-23,53300.0,-200.0,1455825,76355,108969,-32614,612010,791243,-179233,211847,767460,555613,52.71650095306784,-19.71493359087024,38.164820634348224,-9.947164666697669,14.551680318719626,-2.240241787302732,-12.311438531416893
236,12,12,2020-10-26,53500.0,200.0,2292408,211645,271422,-59777,420339,918063,-497724,557501,1660424,1102923,72.43143454393807,16.187722979408505,48.11198530104589,15.749015147204506,24.31944924289219,-2.6076073718116497,-21.711841871080537
237,11,11,2020-10-27,53400.0,-100.0,1808876,118030,231211,-113181,673467,992259,-318792,431973,1017379,585406,56.24371156452958,-12.846752419802673,32.36297015384139,1.6123197309465027,23.880741410688184,-6.256979472335306,-17.623761938352878
238,10,10,2020-10-28,52900.0,-500.0,2083260,146250,554997,-408747,497676,887647,-389971,798718,1439334,640616,69.09046398433225,-20.511588880761682,30.750650422894893,-13.155216901396415,38.33981356143736,-19.62054664324184,-18.71926691819552
239,9,9,2020-10-29,51700.0,-1200.0,3300363,141046,421114,-280068,202124,1430196,-1228072,1508140,2957193,1449053,89.60205286509392,14.373828189106105,43.905867324291286,6.400971162017058,45.69618554080263,-8.485975633589396,-37.21020990721325
240,8,8,2020-10-30,50100.0,-1600.0,3581887,155064,586215,-431151,732233,1652289,-920056,1351207,2694590,1343383,75.22822467598782,7.3089724735979065,37.50489616227424,-26.69351700180922,37.72332851371358,-12.036979391030481,-25.6863491226831
