,Unnamed: 0,Unnamed: 0.1,날짜,종가,대비,거래량,기관 매수,기관 매도,기관 순매수,외국인 매수,외국인 매도,외국인 순매수,개인 순매수,개인 매수,개인 매도,개인매수비율(%),개인매수비율증가(%p),개인매도비율(%),개인매도비율증가(%p),개인 순매수비율,기관 순매수비율,외국인 순매수비율
15,233,233,2019-12-02,100500.0,1600.0,244030,168335,58707,109628,47347,96844,-49497,-60131,28348,88479,11.616604515838215,-3.238359927845954,36.25742736548785,5.2928859319940464,-24.640822849649634,44.92398475597263,-20.283161906322988
16,232,232,2019-12-03,101500.0,1000.0,204605,136851,74839,62012,37360,66411,-29051,-32961,30394,63355,14.854964443684173,-0.8090242886707184,30.964541433493803,4.363299049489932,-16.109576989809632,30.308154737176515,-14.198577747366876
17,231,231,2019-12-04,102500.0,1000.0,285419,174811,69451,105360,65900,140043,-74143,-31217,44708,75925,15.663988732354893,-21.291188895940486,26.60124238400387,-7.9846888888561285,-10.937253651648977,36.914150774825785,-25.976897123176805
18,230,230,2019-12-05,100500.0,-2000.0,268482,141996,71532,70464,27268,104093,-76825,6361,99218,92857,36.955177628295374,7.693315983963608,34.585931272859995,2.5342591733791338,2.369246355435373,26.24533488278544,-28.61458123822081
19,229,229,2019-12-06,101000.0,500.0,207075,99653,79846,19807,46828,60858,-14030,-5777,60594,66371,29.26186164433177,-11.29128787269694,32.051672099480875,3.1278137710603846,-2.7898104551491008,9.565133405770855,-6.7753229506217565
20,228,228,2019-12-09,99800.0,-1200.0,176408,68518,99520,-31002,36351,25864,10487,20515,71539,51024,40.55314951702872,16.19455568973321,28.923858328420486,-22.072553858687343,11.629291188608224,-17.574032923676928,5.944741735068704
21,227,227,2019-12-10,100500.0,700.0,192039,87690,74855,12835,57571,19251,38320,-51155,46778,97933,24.35859382729549,14.782200041446721,50.99641218710783,6.87143127010615,-26.637818359812325,6.683538239628409,19.95428012018392
22,226,226,2019-12-11,101000.0,500.0,137557,87932,61140,26792,36452,15720,20732,-47524,13173,60697,9.576393785848776,4.3032211780068295,44.12498091700168,12.541949534371094,-34.548587131152914,19.477016800308235,15.071570330844667
23,225,225,2019-12-12,102500.0,1500.0,444609,322277,276629,45648,98887,27559,71328,-116976,23445,140421,5.273172607841946,-21.117676226881173,31.58303138263059,-31.31882878414299,-26.309858774788637,10.266998643752153,16.042860131036484
24,224,224,2019-12-13,104000.0,1500.0,233850,112566,70513,42053,59569,16241,43328,-85381,61715,147096,26.39084883472311,-0.20841597338735696,62.90186016677357,22.59198957611752,-36.511011332050465,17.982895018174048,18.528116313876414
25,223,223,2019-12-16,104000.0,0.0,179817,109063,52153,56910,22924,55180,-32256,-24654,47830,72484,26.59926480811047,-2.00927196517414,40.30987059065605,-3.5803268690044945,-13.710605782545588,31.648842990373545,-17.93823720782796
26,222,222,2019-12-17,103000.0,-1000.0,317989,149559,61477,88082,77458,116946,-39488,-48594,90972,139566,28.608536773284612,3.380708366972093,43.89019745966055,-3.881394059321991,-15.281660686375945,27.699700304098567,-12.418039617722625
27,221,221,2019-12-18,103000.0,0.0,184459,68498,54454,14044,69426,41886,27540,-41584,46535,88119,25.227828406312515,4.437881540845922,47.77159151898253,-20.87176060336831,-22.54376311267002,7.613616033915397,14.930147078754628
28,220,220,2019-12-19,107500.0,4500.0,494970,241596,124575,117021,150470,30631,119839,-236860,102904,339764,20.789946865466593,5.941942191130034,68.64335212235085,21.451605882937173,-47.85340525688426,23.64203891144918,24.211366345435074
29,219,219,2019-12-20,108500.0,1000.0,314911,148344,36211,112133,119809,130088,-10279,-101854,46758,148612,14.84800467433656,-6.89520211558383,47.19174623941368,-24.60935909646368,-32.34374156507712,35.60783840513668,-3.2640968400595725
30,218,218,2019-12-23,109000.0,500.0,303980,215194,38499,176695,22691,47220,-24529,-152166,66095,218261,21.743206789920396,-18.358840640169557,71.80110533587734,-6.501753000396647,-50.057898545956974,58.127179419698656,-8.069280873741691
31,217,217,2019-12-24,108000.0,-1000.0,277714,151227,32009,119218,15118,28247,-13129,-106089,111369,217458,40.102047430089954,-7.965452597738228,78.302858336274,-7.744315990562384,-38.20081090618406,42.92833634602505,-4.7275254398409885
32,216,216,2019-12-26,106500.0,-1500.0,449185,215223,44881,170342,18050,17793,257,-170599,215912,386511,48.06750002782818,13.894472296808386,86.04717432683637,26.467691111400995,-37.9796742990082,37.922459565657796,0.057214733350401274
33,215,215,2019-12-27,109000.0,2500.0,393278,182864,121223,61641,76019,37742,38277,-99918,134395,234313,34.173027731019786,-5.199846104211686,59.57948321543539,17.730221694527664,-25.40645548441561,15.673645614552555,9.732809869863047
34,214,214,2019-12-30,108500.0,-500.0,236635,113741,47223,66518,29724,90382,-60658,-5860,93170,99030,39.37287383523147,-5.0307091776785375,41.849261520907724,10.458803333465454,-2.476387685676253,28.10995837471211,-25.633570689035853
35,213,213,2020-01-02,107500.0,-1000.0,232765,81096,143951,-62855,48313,15748,32565,30290,103356,73066,44.403583012910005,6.691055775931552,31.39045818744227,-5.231013811170762,13.013124825467749,-27.00363027087406,13.990505445406313
36,212,212,2020-01-03,107500.0,0.0,253791,100123,142492,-42369,57957,18357,39600,2769,95711,92942,37.71252723697846,6.416564743219628,36.62147199861303,-12.131563958972421,1.0910552383654266,-16.694445429506956,15.603390191141528
37,211,211,2020-01-06,106000.0,-1500.0,236334,110795,111672,-877,51576,9442,42134,-41257,73963,115220,31.295962493758825,5.483235211961826,48.753035957585446,1.3327622965838941,-17.457073463826617,-0.3710849898871936,17.828158453713808
38,210,210,2020-01-07,108000.0,2000.0,200467,114522,83528,30994,34199,21877,12322,-43316,51746,95062,25.812727281797013,-20.74146237282752,47.42027366100156,13.816992239508536,-21.60754637920456,15.460898801298967,6.146647577905591
39,209,209,2020-01-08,105000.0,-3000.0,409091,171743,194337,-22594,46899,77286,-30387,52981,190449,137468,46.55418965462452,-12.435811242156037,33.60328142149302,17.861868095333932,12.950908233131507,-5.522976550449656,-7.427931682681848
40,208,208,2020-01-09,106500.0,1500.0,446040,127256,317825,-190569,55665,58002,-2337,192906,263119,70213,58.990000896780565,31.555827687239407,15.74141332615909,-10.680355787492877,43.248587570621474,-42.724643529728276,-0.5239440408931935
41,207,207,2020-01-10,107000.0,500.0,267976,144460,120398,24062,49999,76774,-26775,2713,73517,70804,27.43417320954115,-2.5599394702005185,26.421769113651965,-18.862130552138535,1.012404095889184,8.979162313042961,-9.991566408932144
42,206,206,2020-01-13,109000.0,2000.0,336316,192662,132496,60166,42779,51523,-8744,-51422,100875,152297,29.994112679741672,-21.97318837446115,45.28389966579051,21.122947151563434,-15.289786986048837,17.889722760736927,-2.599935774688091
43,205,205,2020-01-14,107000.0,-2000.0,343008,110279,218999,-108720,54477,41135,13342,95378,178252,82874,51.96730105420282,10.940101922003794,24.16095251422708,-2.1784139107141662,27.806348539975748,-31.696053736356006,3.8897051963802594
44,204,204,2020-01-15,107000.0,0.0,199124,54932,123490,-68558,62497,23186,39311,29247,81695,52448,41.02719913219903,12.82639571894022,26.33936642494124,-14.073318522287984,14.687832707257789,-34.429802535103754,19.74196982784597
45,203,203,2020-01-16,108000.0,1000.0,200395,104652,106137,-1485,39230,13273,25957,-24472,56513,80985,28.20080341325881,-15.955915559321994,40.41268494722922,11.857741651846206,-12.211881533970411,-0.7410364530053145,12.952917986975725
46,202,202,2020-01-17,107500.0,-500.0,181114,80123,97701,-17578,21017,31696,-10679,28257,79974,51717,44.15671897258081,20.733816628142236,28.55494329538302,-27.032010991002785,15.601775677197788,-9.705489360292413,-5.896286316905375
47,201,201,2020-01-20,112000.0,4500.0,544608,357481,195476,162005,59564,46401,13163,-175168,127563,302731,23.422902344438572,-20.832095102048246,55.58695428638581,22.423050909716483,-32.164051941947235,29.74708414125389,2.4169678006933433
48,200,200,2020-01-21,110000.0,-2000.0,248677,122586,115792,6794,16039,50414,-34375,27581,110052,82471,44.25499744648682,8.256665333701193,33.163903376669325,-8.425004472562073,11.091094069817474,2.7320580512069874,-13.823152121024464
49,199,199,2020-01-22,112000.0,2000.0,285391,165403,100918,64485,17252,65782,-48530,-15955,102736,118691,35.99833211278562,3.903336879599294,41.588907849231404,-7.33177702175459,-5.590575736445788,22.595316600733728,-17.004740864287946
50,198,198,2020-01-23,117000.0,5000.0,1290170,716920,516150,200770,159170,142860,16310,-217080,414080,631160,32.094995233186324,-15.616423241187086,48.920684870986,1.6748438358658504,-16.82568963779967,15.561515149166391,1.2641744886332809
51,197,197,2020-01-28,112000.0,-5000.0,706005,284538,255344,29194,84622,117103,-32481,3287,336845,333558,47.71141847437341,19.156160137223647,47.245841035120144,10.318044290876003,0.4655774392532631,4.135098193355571,-4.6006756326088345
52,196,196,2020-01-29,113500.0,1500.0,384304,151624,194573,-42949,122941,47816,75125,-32176,109739,141915,28.555258337149766,-11.372508732843466,36.92779674424414,6.452103415193921,-8.372538407094384,-11.175787917898333,19.548326324992715
53,195,195,2020-01-30,110500.0,-3000.0,448272,175876,273462,-97586,93411,38196,55215,42371,178985,136614,39.927767069993216,14.273318147186995,30.475693329050216,-1.1396369899137109,9.452073740942998,-21.76937216689867,12.31729842595567
54,194,194,2020-01-31,108500.0,-2000.0,391016,190868,191019,-151,99835,76376,23459,-23308,100313,123621,25.65444892280623,-5.642884449215941,31.615330318963927,-1.3583727037771958,-5.960881396157702,-0.038617345581766466,5.999498741739467
55,193,193,2020-02-03,107500.0,-1000.0,379093,192986,197449,-4463,67461,56643,10818,-6355,118646,125001,31.29733337202217,-0.4243175239740715,32.97370302274113,1.2861508736159415,-1.676369650718953,-1.1772836744545534,2.8536533251735063
56,192,192,2020-02-04,111000.0,3500.0,387111,169720,231340,-61620,94593,33105,61488,132,122798,122666,31.721650895996238,7.378455221088487,31.687552149125185,9.203041188410127,0.034098746871052486,-15.917915016623141,15.883816269752087
57,191,191,2020-02-05,110500.0,-500.0,405448,142128,218912,-76784,164621,95373,69248,7536,98699,91163,24.343195674907754,-13.993170230659912,22.48451096071506,-32.799061912981045,1.8586847141926957,-18.93806357412048,17.079378859927782
58,190,190,2020-02-06,115500.0,5000.0,608944,293450,204152,89298,82047,68146,13901,-103199,233447,336646,38.33636590556767,-2.3291736736158057,55.28357287369611,20.88285421593455,-16.947206968128434,14.664402638009404,2.282804330119025
59,189,189,2020-02-07,115000.0,-500.0,358446,111796,181753,-69957,100886,53385,47501,22456,145764,123308,40.665539579183466,-2.109007464414632,34.40071865776156,-1.859995988108892,6.264820921421917,-19.5167472924792,13.251926371057285
60,188,188,2020-02-10,116000.0,1000.0,297490,116325,116756,-431,53915,72862,-18947,19378,127250,107872,42.774547043598105,0.05184045990173304,36.26071464587045,-17.06683947899358,6.513832397727655,-0.14487881945611614,-6.3689535782715385
61,187,187,2020-02-11,119000.0,3000.0,543327,215824,181573,34251,95379,72011,23368,-57619,232124,289743,42.722706583696365,-2.384198536092576,53.32755412486404,11.029017359932585,-10.604847541167658,6.303938512166706,4.300909029000952
62,186,186,2020-02-12,119500.0,500.0,325990,127719,109321,18398,51227,78780,-27553,9155,147044,137889,45.10690511978896,-12.901461309070498,42.298536764931434,4.7381369604634855,2.808368354857511,5.643731402803768,-8.452099757661276
63,185,185,2020-02-13,118500.0,-1000.0,443917,146649,220740,-74091,39759,56440,-16681,90772,257509,166737,58.00836642885945,17.467982593989618,37.56039980446796,-0.4623159013230662,20.447966624391498,-16.69028219239182,-3.7576844319996763
64,184,184,2020-02-14,119500.0,1000.0,310446,93491,146544,-53053,91099,45862,45237,7816,125856,118040,40.54038383486983,-10.6062081795545,38.02271570579102,-3.4230388433299983,2.517668129078809,-17.08928444882524,14.571616319746427
65,183,183,2020-02-17,119500.0,0.0,210755,73575,85264,-11689,29386,38142,-8756,20445,107794,87349,51.14659201442432,0.026020040247253462,41.44575454912102,13.48248813690148,9.700837465303316,-5.546250385518731,-4.154587079784584
66,182,182,2020-02-18,117000.0,-2500.0,394843,89148,208712,-119564,103849,75720,28129,91435,201846,110411,51.120571974177075,18.045795279254925,27.96326641221954,-12.803129630928376,23.15730556195754,-30.28140298802309,7.12409742606555
67,181,181,2020-02-19,117500.0,500.0,245852,83183,123601,-40418,81354,22026,59328,-18910,81315,100225,33.07477669492215,-11.913447746525025,40.76639604314792,14.78574010609998,-7.691619348225763,-16.439972015684233,24.131591363909997
68,180,180,2020-02-20,115500.0,-2000.0,286186,75325,176298,-100973,82111,35535,46576,54397,128750,74353,44.98822444144717,12.244935542458727,25.98065593704793,-12.19534149647599,19.007568504399238,-35.28229892447569,16.274730420076455
69,179,179,2020-02-21,113500.0,-2000.0,299243,92659,142070,-49411,108602,42934,65668,-16257,97982,114239,32.743288898988446,8.692772447257552,38.17599743352393,-8.89145881449857,-5.432708534535478,-16.511998609825458,21.944707144360933
70,178,178,2020-02-24,109500.0,-4000.0,445637,169717,158730,10987,168742,77157,91585,-102572,107178,209750,24.05051645173089,-5.47027808582342,47.0674562480225,11.345296099046704,-23.0169397962916,2.4654595556473096,20.55148024064429
71,177,177,2020-02-25,112000.0,2500.0,402750,157117,165781,-8664,126738,93098,33640,-24976,118895,143871,29.52079453755432,3.8393058956983417,35.72216014897579,11.661321579618615,-6.201365611421478,-2.1512104283054003,8.352576039726879
72,176,176,2020-02-26,110500.0,-1500.0,331040,145622,162326,-16704,100402,89063,11339,5365,85016,79651,25.68148864185597,-18.816529339997963,24.060838569357177,-2.1227843499799306,1.6206500724987918,-5.045915901401644,3.425265828902852
73,175,175,2020-02-27,109000.0,-1500.0,657663,223162,365044,-141882,141854,120419,21435,120447,292647,172200,44.498017981853934,18.697890158054122,26.18362291933711,-6.558320494049977,18.31439506251682,-21.573663107092838,3.2592680445760216
74,174,174,2020-02-28,105500.0,-3500.0,650896,244772,296674,-51902,238192,141106,97086,-45184,167932,213116,25.800127823799805,-5.661548821474451,32.741943413387084,1.7400082890870436,-6.941815589587277,-7.973931319289102,14.91574690887638
75,173,173,2020-03-02,106500.0,1000.0,418061,138953,235136,-96183,147579,53318,94261,1922,131529,129607,31.46167664527425,-2.7331055620872142,31.00193512430004,6.9478963308685575,0.4597415209742119,-23.006929610750586,22.547188089776373
76,172,172,2020-03-03,106500.0,0.0,407337,98753,205747,-106994,169296,103609,65687,41307,139288,97981,34.19478220736147,13.753539141585405,24.05403879343148,-9.517794105923203,10.140743413929991,-26.266703000218488,16.125959586288502
77,171,171,2020-03-04,109000.0,2500.0,353320,181613,142513,39100,99484,92191,7293,-46393,72223,118616,20.441243065776067,-5.593224320128738,33.57183289935469,7.068374697110361,-13.130589833578625,11.06645533793728,2.064134495641345
78,170,170,2020-03-05,111000.0,2000.0,392545,193650,241846,-48196,96698,46661,50037,-1841,102197,104038,26.034467385904804,-13.160994516387815,26.503458202244328,-0.8624652095000407,-0.468990816339528,-12.277828019717484,12.746818836057011
79,169,169,2020-03-06,108000.0,-3000.0,318195,140677,185977,-45300,52800,45141,7659,37641,124718,87077,39.19546190229262,-1.5441372362469892,27.36592341174437,-0.22487097325206307,11.829538490548249,-14.236553057087633,2.4070145665393863
80,168,168,2020-03-09,103500.0,-4500.0,502867,165685,197109,-31424,132316,167013,-34697,66121,204866,138745,40.73959913853961,14.047419232309744,27.59079438499643,-2.330492152349088,13.148804753543185,-6.248968415107773,-6.899836338435413
81,167,167,2020-03-10,104000.0,500.0,501439,229508,194010,35498,138086,157392,-19306,-16192,133845,150037,26.69217990622987,-0.26071733126953944,29.92128653734552,-1.2158089236227991,-3.2291066311156493,7.079225987607665,-3.850119356492016
82,166,166,2020-03-11,101500.0,-2500.0,380742,142618,187854,-45236,135503,74336,61167,-15931,102621,118552,26.95289723749941,-5.22719037169658,31.137095460968318,5.338504826294995,-4.1841982234689095,-11.881011288484066,16.065209511952975
83,165,165,2020-03-12,97300.0,-4200.0,871598,396986,389353,7633,194131,257385,-63254,55621,280481,224860,32.180087609195986,1.077356159730094,25.798590634673324,-29.004208680391308,6.3814969745226575,0.8757477644510427,-7.257244738973701
84,164,164,2020-03-13,93700.0,-3600.0,1242161,355351,260926,94425,500464,300496,199968,-294393,386346,680739,31.10273144946589,-15.76290859921908,54.80279931506463,18.12523144714909,-23.700067865598747,7.6016716029564595,16.098396262642282
85,163,163,2020-03-16,89700.0,-4000.0,472425,126862,182851,-55989,124158,116300,7858,48131,221405,173274,46.865640048684966,13.443288513380773,36.67756786791554,-5.570055138267243,10.188072180769435,-11.851404984918242,1.663332804148807
86,162,162,2020-03-17,88200.0,-1500.0,577410,201915,170379,31536,182511,163089,19422,-50958,192984,243942,33.4223515353042,-9.811885086059448,42.24762300618279,11.935865820526828,-8.825271470878578,5.461630383955941,3.3636410869226374
87,161,161,2020-03-18,83100.0,-5100.0,517037,105513,185874,-80361,187987,174440,13547,66814,223537,156723,43.23423662136365,10.015097519398985,30.31175718565596,-20.83182178802432,12.922479435707695,-15.542601399899814,2.620121964192118
88,160,160,2020-03-19,76400.0,-6700.0,896134,284899,222043,62856,313547,215776,97771,-160627,297688,458315,33.219139101964664,-14.400005096668634,51.14357897368028,6.146860265103861,-17.924439871715613,7.014129583298926,10.910310288416689
89,159,159,2020-03-20,80500.0,4100.0,690277,226539,187785,38754,135034,191890,-56856,18102,328704,310602,47.6191441986333,-6.633205582000635,44.9967187085764,6.173813659465942,2.6224254900568904,5.614267895352156,-8.236693385409046
90,158,158,2020-03-23,74500.0,-6000.0,501217,134581,190150,-55569,94714,116480,-21766,77335,271922,194587,54.252349780633935,13.3319514075285,38.82290504911047,-15.634266338333946,15.429444731523473,-11.086814693037148,-4.342630038486324
91,157,157,2020-03-24,83700.0,9200.0,684986,235603,190143,45460,169084,121819,47265,-92725,280299,373024,40.920398373105435,-5.882384177461468,54.45717138744441,2.8077738033751416,-13.53677301433898,6.636631989558912,6.900141024780067
92,156,156,2020-03-25,90000.0,6300.0,765916,164245,241673,-77428,243201,128652,114549,-37121,358470,395591,46.8027825505669,1.2752421604774895,51.64939758406927,14.127822200569868,-4.846615033502369,-10.109202575739376,14.955817609241743
93,155,155,2020-03-26,87300.0,-2700.0,617602,137503,225272,-87769,198920,160596,38324,49445,281179,231734,45.527540390089406,14.429418922812653,37.521575383499396,-14.448624048725634,8.005965006590005,-14.211255792565439,6.205290785975434
94,154,154,2020-03-27,89800.0,2500.0,590727,176264,151146,25118,230758,132579,98179,-123297,183705,307002,31.09812146727677,-23.221441108664926,51.97019943222504,-1.0199900281952878,-20.87207796494827,4.252048746713795,16.620029218234478
95,153,153,2020-03-30,88300.0,-1500.0,444420,146792,151422,-4630,56221,57499,-1278,5908,241407,235499,54.319562575941674,13.542666944879059,52.99018946042033,6.875658104836937,1.3293731155213535,-1.041807299401467,-0.2875658161198866
96,152,152,2020-03-31,89600.0,1300.0,454321,145334,148385,-3051,123729,96428,27301,-24250,185258,209508,40.776895631062615,-20.023122553047358,46.11453135558339,19.216719854547094,-5.337635724520768,-0.6715516121860975,6.009187336706866
97,151,151,2020-04-01,84900.0,-4700.0,483939,85558,188490,-102932,104146,165280,-61134,164066,294235,130169,60.800018184109966,20.860929029842524,26.89781150103629,-20.365818397461023,33.90220668307369,-21.269622824364227,-12.632583858709465
98,150,150,2020-04-02,85600.0,700.0,433092,152733,118194,34539,107386,110203,-2817,-31722,172973,204695,39.93908915426746,-7.635822353775673,47.263629898497314,8.263150932130102,-7.3245407442298625,7.974979911889392,-0.6504391676595273
99,149,149,2020-04-03,84800.0,-800.0,428005,104937,149217,-44280,119445,111864,7581,36699,203623,166924,47.57491150804314,9.689667934687073,39.00047896636721,-20.12833796304622,8.574432541675915,-10.345673531851265,1.7712409901753483
100,148,148,2020-04-06,87600.0,2800.0,352050,160016,57486,102530,58659,86401,-27742,-74788,133375,208163,37.885243573356064,-18.142359105750238,59.12881692941343,8.175940909579081,-21.24357335605738,29.123704019315444,-7.880130663258059
101,147,147,2020-04-07,89000.0,1400.0,517486,142604,161244,-18640,84947,92568,-7621,26261,289935,263674,56.027602679106295,9.60895170416066,50.952876019834356,15.320988810170784,5.074726659271941,-3.6020298133669315,-1.47269684590501
102,146,146,2020-04-08,87700.0,-1300.0,437768,144452,209379,-64927,90110,72404,17706,47221,203206,155985,46.41865097494564,9.820022358204824,35.631887209663574,-0.9691499429282968,10.786763765282068,-14.831371868204165,4.044608102922096
103,145,145,2020-04-09,88900.0,1200.0,539747,275451,165453,109998,66756,176741,-109985,-13,197540,197553,36.59862861674081,-26.103611772307573,36.60103715259185,-31.06017707249263,-0.002408535851056143,20.379548195728734,-20.377139659877685
104,144,144,2020-04-10,94200.0,5300.0,1392526,411054,311339,99715,108327,138987,-30660,-69055,873145,942200,62.7022403890484,11.12263911358949,67.66121422508449,16.8128832377529,-4.958973836036097,7.16072805821938,-2.201754222183284
105,143,143,2020-04-13,92200.0,-2000.0,556976,206386,150943,55443,63304,122820,-59516,4073,287286,283213,51.5796012754589,14.922106848629069,50.84833098733159,-8.840968008721921,0.7312702881273161,9.954288874206428,-10.685559162333744
106,142,142,2020-04-14,94000.0,1800.0,386674,182807,79078,103729,62122,76793,-14671,-89058,141745,230803,36.65749442682984,-4.0988213499462205,59.68929899605352,30.30982534016848,-23.03180456922369,26.82595674909614,-3.7941521798724502
107,141,141,2020-04-16,94000.0,0.0,538849,166793,145161,21632,152441,235377,-82936,61304,219615,158311,40.756315776776056,-23.5944571399532,29.37947365588504,-26.43803000595041,11.37684212089101,4.014482721504541,-15.391324842395552
108,140,140,2020-04-17,95900.0,1900.0,565973,137550,141407,-3857,64215,108654,-44439,48296,364208,315912,64.35077291672926,11.291382176283278,55.81750366183545,10.193123010678393,8.533269254893785,-0.6814812720748162,-7.851787982818968
109,139,139,2020-04-20,95200.0,-700.0,389522,127242,163255,-36013,55602,48550,7052,28961,206678,177717,53.05939074044598,10.99114644320975,45.62438065115706,-5.963159658166723,7.435010089288922,-9.245434147493595,1.8104240582046716
110,138,138,2020-04-21,93900.0,-1300.0,571828,225649,176056,49593,105621,100780,4841,-54434,240558,294992,42.06824429723623,3.7893675566265657,51.58754030932378,3.316247465573128,-9.519296012087553,8.672712773771131,0.8465832383164168
111,137,137,2020-04-22,97000.0,3100.0,474690,192522,162928,29594,100462,82623,17839,-47433,181706,229139,38.278876740609654,-9.735308666144249,48.27129284375066,-15.491683458150105,-9.992416103140995,6.234384545703512,3.758031557437485
112,136,136,2020-04-23,98700.0,1700.0,561986,233073,128793,104280,59080,74854,-15774,-88506,269833,358339,48.0141854067539,-10.606548861845397,63.76297630190078,18.493860923201424,-15.748790895146856,18.55562238205222,-2.806831486905368
113,135,135,2020-04-24,98700.0,0.0,695631,234749,236711,-1962,53098,144014,-90916,92878,407784,314906,58.62073426859931,9.860547292546713,45.26911537869934,-22.43222427452332,13.351618889899962,-0.28204608477770543,-13.069572805122256
114,134,134,2020-04-27,99700.0,1000.0,351061,151939,66573,85366,27944,46815,-18871,-66495,171178,237673,48.76018697605259,10.93330429938451,67.70133965322266,10.932768506969104,-18.941152677170066,24.316571763881488,-5.3754190867114255
115,133,133,2020-04-28,102500.0,2800.0,465534,231920,146310,85610,57517,54947,2570,-88180,176097,264277,37.8268826766681,2.273718956478924,56.768571146253564,-8.364062716485229,-18.941688469585465,18.3896342694626,0.5520542001228697
116,132,132,2020-04-29,106000.0,3500.0,589970,293037,138949,154088,87180,66758,20422,-174510,209753,384263,35.553163720189154,-26.33916922581429,65.13263386273879,29.41815406489621,-29.57947014254962,26.11793820024747,3.4615319423021513
117,131,131,2020-05-04,99900.0,-6100.0,625651,180363,213277,-32914,58058,188926,-130868,163782,387230,223448,61.892332946003464,10.011650153071564,35.71447979784257,-19.55493882910384,26.177853148160878,-5.260760391975718,-20.91709275618516
118,130,130,2020-05-06,106500.0,6600.0,792744,312375,240354,72021,69088,114245,-45157,-26864,411281,438145,51.88068279293189,-3.23350057866395,55.269418626946404,20.099225183671717,-3.388735834014512,9.085026187520814,-5.696290353506303
119,129,129,2020-05-07,103500.0,-3000.0,513122,181778,183621,-1843,48541,149035,-100494,102337,282803,180466,55.11418337159584,15.830016683687631,35.1701934432747,-25.070352274725252,19.94398992832114,-0.35917384169846545,-19.584816086622677
120,128,128,2020-05-08,105500.0,2000.0,510007,268115,161482,106633,41540,41294,246,-106879,200352,307231,39.28416668790821,-20.599944361153035,60.240545717999964,28.453336360302657,-20.956379030091746,20.908144398018067,0.04823463207367742
121,127,127,2020-05-11,102500.0,-3000.0,461994,135122,170910,-35788,50211,144229,-94018,129806,276661,146855,59.88411104906124,5.036886803330496,31.787209357697293,4.244795758066791,28.09690169136396,-7.746420949189817,-20.350480742174145
122,126,126,2020-05-12,100000.0,-2500.0,645194,152290,234542,-82252,139033,232950,-93917,176169,353871,177702,54.84722424573074,1.5319352499124437,27.5424135996305,-5.572287284446566,27.304810646100243,-12.74841365542767,-14.556396990672571
123,125,125,2020-05-13,100000.0,0.0,418968,130881,114919,15962,64713,165309,-100596,84634,223374,138740,53.3152889958183,5.479894547774826,33.114700884077074,1.151404518665121,20.20058811174123,3.80983750548968,-24.01042561723091
124,124,124,2020-05-14,98500.0,-1500.0,517115,164957,182784,-17827,104794,169044,-64250,82077,247364,165287,47.83539444804347,8.590572184353285,31.963296365411946,4.145202509582242,15.872098082631524,-3.4473956470030838,-12.424702435628438
125,123,123,2020-05-15,98900.0,400.0,390663,164656,156474,8182,72692,125514,-52822,44640,153315,108675,39.24482226369019,-16.410092156725927,27.8180938558297,-9.753008942161484,11.426728407860484,2.0943882579102704,-13.521116665770752
126,122,122,2020-05-18,98200.0,-700.0,312224,123242,139339,-16097,15214,55579,-40365,56462,173768,117306,55.6549144204161,16.104141568290792,37.57110279799119,-22.412237926350073,18.08381162242493,-5.15559342010864,-12.928218202316284
127,121,121,2020-05-19,102000.0,3800.0,593063,241034,162629,78405,117468,74695,42773,-121178,234561,355739,39.55077285212532,-1.2617983774555341,59.98334072434126,24.960547258468146,-20.432567872215934,13.220349271493927,7.2122186007220135
128,120,120,2020-05-20,101500.0,-500.0,252704,90159,125221,-35062,59410,38979,20431,14631,103135,88504,40.812571229580854,-14.277852048138984,35.022793465873114,-1.1570371989942032,5.789777763707737,-13.874730910472332,8.084953146764594
129,119,119,2020-05-21,100500.0,-1000.0,332713,95361,158427,-63066,54059,53911,148,62918,183293,120375,55.09042327771984,-9.578704295398353,36.17983066486732,-8.753795194162215,18.91059261285252,-18.955075395310672,0.044482782458154624
130,118,118,2020-05-22,98800.0,-1700.0,440759,118024,187181,-69157,37700,55529,-17829,86986,285035,198049,64.66912757311819,10.97201089297807,44.93362585902953,-1.1748547199441788,19.73550171408865,-15.690434001347676,-4.045067712740976
131,117,117,2020-05-25,99500.0,700.0,259770,107612,118747,-11135,12669,21247,-8578,19713,139489,119776,53.69711668014011,13.18690152833819,46.10848057897371,-20.63682040503244,7.588636101166418,-4.286484197559378,-3.302151903607037
132,116,116,2020-05-26,102500.0,3000.0,433229,212149,120990,91159,45578,23079,22499,-113658,175502,289160,40.51021515180193,-13.233440523261125,66.74530098400615,33.648643261736396,-26.235085832204213,21.041758515704167,5.193327316500048
133,115,115,2020-05-27,101000.0,-1500.0,446462,156281,186907,-30626,50236,111791,-61555,92181,239945,147764,53.743655675063046,-11.256750816070136,33.096657722269754,-2.237142192190376,20.6469979527933,-6.859710344889375,-13.787287607903918
134,114,114,2020-05-28,99200.0,-1800.0,565818,154540,216984,-62444,43494,148909,-105415,167859,367784,199925,65.00040649113319,26.031975763236986,35.33379991446014,11.308443278624065,29.666606576673065,-11.036057530866817,-18.630549045806244
135,113,113,2020-05-29,99100.0,-100.0,537453,141936,174037,-32101,186080,234291,-48211,80312,209437,129125,38.968430727896205,-12.874466461392464,24.025356635836072,-42.432102532284354,14.943074092060144,-5.97280134262903,-8.970272749431112
136,112,112,2020-06-01,102000.0,2900.0,562918,188904,152943,35961,82181,35874,46307,-82268,291833,374101,51.84289718928867,-8.280473317259684,66.45745916812041,8.803929738481102,-14.61456197883173,6.38831943551281,8.22624254331892
137,111,111,2020-06-02,103000.0,1000.0,329090,106500,125668,-19168,24730,13690,11040,8128,197860,189732,60.123370506548355,12.322837769436495,57.6535294296393,-13.872230013068421,2.4698410769090517,-5.8245464766477255,3.3547053997386733
138,110,110,2020-06-03,107000.0,4000.0,1128887,448712,255199,193513,140561,66243,74318,-267831,539614,807445,47.800532737111865,8.519536520839921,71.52575944270772,15.967478194497454,-23.725226705595865,17.14192828865954,6.583298416936327
139,109,109,2020-06-04,107000.0,0.0,1047644,482196,349452,132744,153923,116139,37784,-170528,411525,582053,39.28099621627194,-0.6249476895521511,55.55828124821028,-7.806881164409533,-16.27728503193833,12.670716388391476,3.606568643546854
140,108,108,2020-06-05,112000.0,5000.0,901377,480204,283264,196940,61470,46954,14516,-211456,359703,571159,39.905943905824095,-29.1998620897419,63.3651624126198,1.4055184194314876,-23.459218506795715,21.848793568063087,1.6104249387326282
141,107,107,2020-06-08,113500.0,1500.0,622460,142882,179081,-36199,49422,57705,-8283,44482,430156,385674,69.105805995566,2.2047708247004323,61.95964399318832,1.7291769670739967,7.146162002377663,-5.8154740866883,-1.3306879156893616
142,106,106,2020-06-09,112500.0,-1000.0,833872,165300,275193,-109893,110703,56434,54269,55624,557869,502245,66.90103517086554,8.241534497962682,60.23046702611432,12.046781124258645,6.670568144751233,-13.178641326246714,6.508073181495481
143,105,105,2020-06-10,111000.0,-1500.0,572891,169882,253341,-83459,66954,43510,23444,60015,336055,276040,58.65950067290287,11.845843079454653,48.183685901855675,9.845433491051717,10.475814771047196,-14.568041739179009,4.092226968131809
144,104,104,2020-06-11,109500.0,-1500.0,877197,272103,481349,-209246,194446,59546,134900,74346,410648,336302,46.81365759344822,-2.1792286384552644,38.33825241080396,-16.755151942658483,8.475405182644263,-23.853934748978855,15.378529566334588
145,103,103,2020-06-12,108500.0,-1000.0,708907,198296,206571,-8275,163297,111775,51522,-43247,347314,390561,48.992886231903476,-15.533111953137903,55.09340435346244,-15.15902454612466,-6.100518121558963,-1.1672899266053234,7.267808048164286
146,102,102,2020-06-15,112000.0,3500.0,3554902,928417,678014,250403,332649,379483,-46834,-203569,2293836,2497405,64.52599818504139,2.0515825466930337,70.2524288995871,0.5552142579164752,-5.726430714545717,7.043879128032223,-1.317448413486504
147,101,101,2020-06-16,124000.0,12000.0,2696960,687267,496316,190951,324783,320938,3845,-194796,1684910,1879706,62.47441563834835,2.1290694379450485,69.69721464167064,12.07867391225436,-7.222799003322259,7.080231074988135,0.14256792833412435
148,100,100,2020-06-17,122000.0,-2000.0,1369698,314811,314753,58,228338,265745,-37407,37349,826549,789200,60.3453462004033,12.818739612800856,57.618540729416274,-0.927969837156482,2.7268054709870357,0.004234510089085332,-2.7310399810761203
149,99,99,2020-06-18,121500.0,-500.0,657356,174930,179709,-4779,170007,92788,77219,-72440,312419,384859,47.52660658760245,5.764530167401446,58.54651056657275,10.33849549962509,-11.019903978970301,-0.7270033284856303,11.746907307455931
150,98,98,2020-06-19,120000.0,-1500.0,772021,187762,247091,-59329,261847,152754,109093,-49764,322412,372176,41.762076420201005,-16.757244377843534,48.20801506694766,-3.3192423799489963,-6.445938646746655,-7.6848945818831345,14.130833228629793
151,97,97,2020-06-22,116500.0,-3500.0,675852,188208,230329,-42121,92140,97275,-5135,47256,395504,348248,58.51932079804454,8.466520508947895,51.527257446896655,-2.0440898639023146,6.992063351147884,-6.232281623787457,-0.7597817273604279
152,96,96,2020-06-23,116500.0,0.0,747155,256970,251863,5107,116213,95031,21182,-26289,373972,400261,50.05280028909665,-0.1821111182664908,53.57134731079897,2.3609321580284544,-3.5185470217023243,0.6835261759608113,2.8350208457415134
153,95,95,2020-06-24,118000.0,1500.0,736235,304282,241402,62880,62106,117804,-55698,-7182,369847,377029,50.234911407363136,9.226857984658489,51.21041515277052,10.699604308161561,-0.9755037454073768,8.540751254694491,-7.565247509287117
154,94,94,2020-06-25,116000.0,-2000.0,639728,220755,273812,-53057,156633,106757,49876,3181,262340,259159,41.00805342270465,2.549628525415521,40.51081084460896,12.694361470428689,0.4972425780956906,-8.293681064452393,7.796438486356702
155,93,93,2020-06-26,116500.0,500.0,575645,234982,245382,-10400,119279,170139,-50860,61260,221384,160124,38.458424897289134,2.2527795542099724,27.81644937418027,-13.693939493944294,10.64197552310886,-1.8066690408150856,-8.835306482293776
156,92,92,2020-06-29,116500.0,0.0,687611,248248,273542,-25294,190409,128639,61770,-36476,248954,285430,36.205645343079155,-9.89222125869788,41.51038886812457,-3.516116575099659,-5.304743525045411,-3.6785333567962124,8.983276881841622
157,91,91,2020-06-30,116000.0,-500.0,439721,180863,154460,26403,56156,87270,-31114,4711,202702,197991,46.097866601777035,-4.559980673048926,45.02650544322423,-3.950652512264,1.0713611585528096,6.004489210203742,-7.075850368756553
158,90,90,2020-07-01,113000.0,-3000.0,443568,156604,175780,-19176,62262,50541,11721,7455,224702,217247,50.65784727482596,21.61864721212676,48.97715795548822,1.9703916667584025,1.680689319337734,-4.323125202900119,2.642435883562385
159,89,89,2020-07-02,115000.0,2000.0,306224,124243,118580,5663,93056,43698,49358,-55021,88925,143946,29.039200062699198,-39.518502921290896,47.00676628872982,-4.084102681905328,-17.967566226030623,1.8492998589267984,16.118266367103818
160,88,88,2020-07-03,112000.0,-3000.0,711497,156177,285605,-129428,67534,62382,5152,124276,487786,363510,68.5577029839901,18.72113932483905,51.09086897063515,-4.14934826930358,17.46683401335494,-18.190941072133825,0.7241070587788845
161,87,87,2020-07-06,113000.0,1000.0,394955,122650,128555,-5905,75473,48226,27247,-21342,196832,218174,49.83656365915105,-14.101845594366722,55.24021723993873,17.455303608375914,-5.403653580787685,-1.4951070375106024,6.898760618298288
162,86,86,2020-07-07,110500.0,-2500.0,469616,116398,220155,-103757,52953,72017,-19064,122821,300265,177444,63.93840925351777,8.565309618727625,37.784913631562816,-3.1458574216451822,26.15349562195496,-22.09400872201969,-4.0594868999352665
163,85,85,2020-07-08,108500.0,-2000.0,447414,118896,209111,-90215,80771,55173,25598,64617,247747,183130,55.373099634790144,9.469233050898424,40.93077105320799,7.51070014099158,14.442328581582158,-20.16365156208791,5.721322980505751
164,84,84,2020-07-09,107000.0,-1500.0,529951,176982,272784,-95802,109701,80057,29644,66158,243268,177110,45.903866583891705,-14.554814868743374,33.42007091221641,-11.954549505149195,12.483795671675306,-18.077520374525193,5.593724702849887
165,83,83,2020-07-10,104500.0,-2500.0,370802,84183,167344,-83161,62437,35208,27229,55932,224182,168250,60.4586814526351,14.44075891426941,45.374620417365605,0.3611418649594143,15.0840610352695,-22.427333185905148,7.3432721506356495
166,82,82,2020-07-13,108000.0,3500.0,368363,93724,124510,-30786,105126,78040,27086,3700,169513,165813,46.01792253836569,6.738008888799996,45.01347855240617,12.4519419505137,1.0044439859595018,-8.35751690587817,7.3530729199186675
167,81,81,2020-07-14,109000.0,1000.0,293687,85705,140078,-54373,92622,57980,34642,19731,115360,95629,39.279913649565685,-2.2601116082945296,32.56153660189249,-16.13190903032865,6.718377047673202,-18.51392809351452,11.795551045841322
168,80,80,2020-07-15,111000.0,2000.0,426006,159330,155079,4251,89713,63490,26223,-30474,176963,207437,41.540025257860215,-3.6464852334660733,48.693445632221135,6.627833492943848,-7.153420374360924,0.997873269390572,6.155547104970353
169,79,79,2020-07-16,109500.0,-1500.0,281137,100057,125980,-25923,54044,36895,17149,8774,127036,118262,45.186510491326295,-7.037582456608981,42.06561213927729,3.001860377439243,3.1208983520490015,-9.220771367696175,6.099873015647176
170,78,78,2020-07-17,110000.0,500.0,233421,75878,127318,-51440,35641,14920,20721,30719,121902,91183,52.22409294793528,-10.632768970146586,39.06375176183805,1.2069545336715422,13.160341186097224,-22.037434506749612,8.877093320652383
171,77,77,2020-07-20,107500.0,-2500.0,386459,117142,218274,-101132,26401,21884,4517,96615,242916,146301,62.856861918081854,28.177141100202235,37.856797228166506,-10.006048676556718,25.000064689915362,-26.168882080634685,1.168817390719326
172,76,76,2020-07-21,110000.0,2500.0,374236,161247,178361,-17114,83205,16755,66450,-49336,129784,179120,34.67972081787963,-26.18852990016564,47.862845904723216,3.2897564548352283,-13.183125086843596,-4.573050160861062,17.756175247704657
173,75,75,2020-07-22,111000.0,1000.0,291068,59424,124298,-64874,54476,37032,17444,47430,177168,129738,60.86825071804528,-8.821342430234857,44.573089449888,10.585683434270463,16.29516126815727,-22.28826253658939,5.993101268432119
174,74,74,2020-07-23,108000.0,-3000.0,324123,69792,167032,-97240,28451,46930,-18479,115719,225880,110161,69.68959314828011,-3.305914363929787,33.98740601561753,-8.246083381416732,35.7021871326626,-30.00095642703541,-5.701230705627185
175,73,73,2020-07-24,106000.0,-2000.0,316751,67261,158067,-90806,18276,24909,-6633,97439,231214,133775,72.9955075122099,25.88370131126253,42.23348939703426,-2.5332074296167946,30.762018115175643,-28.66794422117057,-2.0940738940050703
176,72,72,2020-07-27,106500.0,500.0,244253,105421,119548,-14127,23760,15361,8399,5728,115072,109344,47.11180620094738,1.253326014803548,44.76669682665106,-6.482018023369683,2.345109374296324,-5.783757006055198,3.438647631758873
177,71,71,2020-07-28,108500.0,2000.0,554410,212773,235960,-23187,87393,34322,53071,-29884,254244,284128,45.85848018614383,1.8116566310040485,51.24871485002074,0.6369955969621444,-5.390234663876914,-4.182283869338576,9.57251853321549
178,70,70,2020-07-29,110500.0,2000.0,493854,252109,190008,62101,24218,53898,-29680,-32421,217527,249948,44.04682355513978,-18.067348111368002,50.6117192530586,10.863213054895745,-6.564895697918817,12.574769061301517,-6.009873363382701
179,69,69,2020-07-30,108000.0,-2500.0,325177,101965,166936,-64971,21231,28988,-7757,72728,201981,129253,62.11417166650778,-9.432415454039694,39.74850619816285,5.431608496811743,22.365665468344933,-19.980195401273765,-2.3854700670711644
180,68,68,2020-07-31,106000.0,-2000.0,427425,74841,212293,-137452,46776,68453,-21677,159129,305808,146679,71.54658712054747,-0.3746149741822933,34.31689770135111,5.071990623788949,37.229689419196355,-32.1581564017079,-5.0715330174884485
181,67,67,2020-08-03,104000.0,-2000.0,496866,107725,261398,-153673,31789,90160,-58371,212044,357352,145308,71.92120209472976,15.277933737998119,29.24490707756216,-19.048510254020506,42.676295017167604,-30.92845958467675,-11.747835432490852
182,66,66,2020-08-04,105000.0,1000.0,316832,82029,107977,-25948,55339,55846,-507,26455,179464,153009,56.643268356731646,10.10355877105441,48.29341733158267,-0.528512833670348,8.349851025148975,-8.18982931017069,-0.16002171497828502
183,65,65,2020-08-05,106000.0,1000.0,399085,166899,173760,-6861,46453,30484,15969,-9108,185733,194841,46.53970958567725,-15.460192140778346,48.82193016525302,-17.25070802314439,-2.2822205795757795,-1.7191826302667352,4.001403209842515
184,64,64,2020-08-06,108500.0,2500.0,569838,169847,169157,690,46692,24174,22518,-23208,353299,376507,61.999901726455576,-3.579060649930149,66.07263818839739,12.219939885515275,-4.072736461941815,0.12108704579196193,3.951649416149853
185,63,63,2020-08-07,106500.0,-2000.0,427843,108019,173100,-65081,39249,24338,14911,50170,280575,230405,65.57896237638573,3.025117343581257,53.85269830288214,-14.777612982364118,11.726264073503597,-15.211421011913247,3.4851569384096504
186,62,62,2020-08-10,109500.0,3000.0,713622,175886,179159,-3273,91338,44702,46636,-43363,446398,489761,62.55384503280448,-0.2516758457475277,68.63031128524625,6.2840996767335895,-6.076466252441769,-0.4586461740249039,6.5351124264666725
187,61,61,2020-08-11,110500.0,1000.0,741766,224260,198211,26049,51636,81092,-29456,3407,465870,462463,62.805520878551995,5.18505215489663,62.34621160851266,-14.505303032076327,0.4593092700393385,3.5117543807615874,-3.9710636508009274
188,60,60,2020-08-12,119500.0,9000.0,1779300,642213,311259,330954,111846,100622,11224,-342178,1025241,1367419,57.62046872365536,-6.91716972152981,76.85151464058897,5.009617066680505,-19.231045916933624,18.600236047884,0.6308098690496262
189,59,59,2020-08-13,126500.0,7000.0,3201899,918495,557852,360643,216974,343742,-126768,-233875,2066430,2300305,64.53763844518518,-0.6932716812036119,71.84189757390848,12.022992149728902,-7.304259128723299,11.26340962035342,-3.959150491630123
190,58,58,2020-08-14,124000.0,-2500.0,1478454,401570,443827,-42257,112475,150232,-37757,80014,964409,884395,65.23091012638879,5.492265244224954,59.81890542417958,-3.794793819755732,5.4120047022092,-2.8581883508042862,-2.553816351404913
191,57,57,2020-08-18,116500.0,-7500.0,1289969,338384,307818,30566,180975,161554,19421,-49987,770610,820597,59.73864488216384,0.5477591715920909,63.613699243935315,0.3308348223921413,-3.875054361771484,2.369514306157745,1.5055400556137395
192,56,56,2020-08-19,120500.0,4000.0,823147,228337,210677,17660,107582,91559,16023,-33683,487228,520911,59.19088571057175,-2.139441580002156,63.28286442154317,3.5968629696449668,-4.09197871097143,2.145424814765771,1.9465538962056597
193,55,55,2020-08-20,114500.0,-6000.0,978030,240880,312987,-72107,137321,81296,56025,16082,599829,583747,61.330327290573905,14.627362047492035,59.686001451898214,2.1487267418907408,1.6443258386757051,-7.372677729721992,5.728351891046287
194,54,54,2020-08-21,115500.0,1000.0,711139,279246,218442,60804,99770,83527,16243,-77047,332123,409170,46.702965243081856,-9.439240130930171,57.53727471000746,4.761066326807878,-10.834309466925594,8.550227170778147,2.284082296147448
195,53,53,2020-08-24,117000.0,1500.0,493821,178422,159731,18691,38157,73470,-35313,16622,277242,260620,56.14220537401204,11.238621305015664,52.77620838319961,11.728075001048062,3.3659969908124605,3.7849747175596016,-7.1509717083720625
196,52,52,2020-08-25,118000.0,1000.0,589944,248652,237943,10709,76386,109840,-33454,22745,264906,242161,44.90358406899638,-12.368792705595155,41.04813338215153,-1.1727941605372008,3.855450686844853,1.8152570413462967,-5.67070772819115
197,51,51,2020-08-26,115000.0,-3000.0,583585,184008,248491,-64483,65344,88699,-23355,87838,334233,246395,57.27237677459154,-12.438934859484911,42.22092754268873,-8.886457088457151,15.051449231902806,-11.049461518030794,-4.001987713872016
198,50,50,2020-08-27,111000.0,-4000.0,741838,117368,236347,-118979,107325,126357,-19032,138011,517145,379134,69.71131163407645,12.810693302415745,51.10738463114589,-0.5732565468753705,18.603927002930558,-16.038407307255767,-2.565519695674797
199,49,49,2020-08-28,112500.0,1500.0,432454,129252,141475,-12223,57133,67484,-10351,22574,246069,223495,56.90061833166071,6.806986610139575,51.68064117802125,19.61054952842285,5.219977153639462,-2.826427781914377,-2.393549371725085
200,48,48,2020-08-31,108000.0,-4500.0,1059470,192779,197106,-4327,335964,522591,-186627,190954,530727,339773,50.09363172152114,-8.041530205042179,32.07009164959839,-21.883926111737495,18.023540071922753,-0.4084117530463345,-17.615128318876422
201,47,47,2020-09-01,110500.0,2500.0,782824,195768,230637,-34869,131960,129822,2138,32731,455096,422365,58.13516192656331,-20.506311088973945,53.95401776133589,8.936451171898312,4.181144165227433,-4.454257917488476,0.2731137522610446
202,46,46,2020-09-02,108500.0,-2000.0,605126,81595,186277,-104682,47651,146436,-98785,203467,475880,272413,78.64147301553726,18.893666481433822,45.01756658943757,-9.642060411135596,33.623906426099694,-17.299207107280136,-16.32469931881955
203,45,45,2020-09-03,109500.0,1000.0,453620,104555,132707,-28152,78037,72966,5071,23081,271028,247947,59.74780653410343,-15.96648720077273,54.65962700057317,12.3499696482182,5.088179533530267,-6.206075569860237,1.117896036329968
204,44,44,2020-09-04,107500.0,-2000.0,534339,85341,239230,-153889,44427,69032,-24605,178494,404571,226077,75.71429373487615,6.056889128565048,42.30965735235497,-11.408775655882629,33.40463638252121,-28.79988172302602,-4.604754659495191
205,43,43,2020-09-07,109000.0,1500.0,373531,61475,125722,-64247,51864,47154,4710,59537,260192,200655,69.65740460631112,10.234579152433183,53.718433008237604,-3.984517453289008,15.93897159807352,-17.199911118488153,1.2609395204146376
206,42,42,2020-09-08,111000.0,2000.0,441253,116235,139750,-23515,62813,46887,15926,7589,262205,254616,59.422825453877934,-16.43785050966477,57.70295046152661,2.935577124000865,1.7198749923513268,-5.329142238126426,3.6092672457750994
207,41,41,2020-09-09,108000.0,-3000.0,480233,88231,162081,-73850,27694,55141,-27447,101297,364308,263011,75.8606759635427,11.681376391829646,54.76737333752574,17.110880772032047,21.093302626016953,-15.377951952489731,-5.715350673527224
208,40,40,2020-09-10,108500.0,500.0,619678,144236,285945,-141709,77737,100384,-22647,164356,397705,233349,64.17929957171306,4.343939504621176,37.656492565493686,-34.066341477748196,26.52280700621936,-22.86816701577271,-3.6546399904466513
209,39,39,2020-09-11,113000.0,4500.0,1495263,395769,296809,98960,204798,126009,78789,-177749,894696,1072445,59.83536006709189,-8.702103129125021,71.72283404324189,6.086096893151621,-11.887473976150018,6.618233715406588,5.269240260743428
210,38,38,2020-09-14,114000.0,1000.0,433719,91487,94320,-2833,44972,54720,-9748,12581,297260,284679,68.5374631962169,10.223915079045092,65.63673715009027,12.041582277037227,2.9007260461266395,-0.6531878935439767,-2.247538152582663
211,37,37,2020-09-15,113500.0,-500.0,492371,96310,153584,-57274,108942,74900,34042,23232,287119,263887,58.31354811717181,-11.353792178337464,53.59515487305303,9.799276513480448,4.718393244118764,-11.632285410797955,6.913892166679192
212,36,36,2020-09-16,111000.0,-2500.0,413185,110419,120599,-10180,14911,111628,-96717,106897,287855,180958,69.66734029550928,-6.45326986065804,43.79587835957259,-1.9625586569713749,25.87146193593669,-2.4637874075777195,-23.40767452835897
213,35,35,2020-09-17,109000.0,-2000.0,396882,73601,129360,-55759,21172,85915,-64743,120502,302109,181607,76.12061015616732,24.542428011914808,45.75843701654397,13.283688571348002,30.36217313962337,-14.049264012981189,-16.312909126642175
214,34,34,2020-09-18,109500.0,500.0,312258,91121,107043,-15922,60080,103810,-43730,59652,161057,101405,51.5781821442525,-14.88359589062609,32.474748445195964,-26.146612428386284,19.103433699056552,-5.098988656815839,-14.004445042240713
215,33,33,2020-09-21,108500.0,-1000.0,364751,98179,98865,-686,24152,52064,-27912,28598,242420,213822,66.46177803487859,-14.171914868051115,58.62136087358225,-4.546124990827451,7.840417161296338,-0.1880735076805821,-7.652343653615754
216,32,32,2020-09-22,105500.0,-3000.0,592653,75227,141437,-66210,39548,76852,-37304,103514,477878,374364,80.63369290292971,15.858599999388346,63.167485864409706,22.569980391600765,17.46620703852001,-11.171798674772589,-6.29440836374742
217,31,31,2020-09-23,105500.0,0.0,335294,76854,116532,-39678,41253,82641,-41388,81066,217187,136121,64.77509290354135,-6.078511500848008,40.597505472808926,-19.136031620214574,24.17758743073243,-11.8337936258925,-12.343793804839931
218,30,30,2020-09-24,102000.0,-3500.0,452821,86134,93072,-6938,45847,89263,-43416,50354,320840,270486,70.85360440438937,3.4868647723713906,59.73353709302352,25.151440632597065,11.12006731136586,-1.5321727570055277,-9.587894554360332
219,29,29,2020-09-25,102500.0,500.0,287351,80086,126039,-45953,13686,61940,-48254,94207,193579,99372,67.36673963201798,21.50659824435366,34.58209646042645,-12.471003344966938,32.78464317159154,-15.991940170731962,-16.792703000859575
220,28,28,2020-09-28,104500.0,2000.0,201432,78586,78570,16,30469,28082,2387,-2403,92377,94780,45.86014138766432,3.9028749949879122,47.053099805393394,17.89975504347655,-1.19295841772906,0.007943127209182254,1.1850152905198776
221,27,27,2020-09-29,105000.0,500.0,315583,102226,95033,7193,80947,128547,-47600,40407,132410,92003,41.95726639267641,-6.850949776040642,29.153344761916838,2.267841137136518,12.80392163075958,2.2792735983877463,-15.083195229147325
222,26,26,2020-10-05,105000.0,0.0,291328,105841,114006,-8165,43295,98997,-55702,63867,142192,78325,48.80821616871705,-17.49981148826869,26.88550362478032,-14.958001357814606,21.922712543936733,-2.802682886643234,-19.120029657293497
223,25,25,2020-10-06,104000.0,-1000.0,272047,64784,98815,-34031,26874,59398,-32524,66555,180389,113834,66.30802765698574,21.951839580055427,41.84350498259492,17.228438523983506,24.46452267439082,-12.50923553650656,-11.955287137884262
224,24,24,2020-10-07,105000.0,1000.0,319146,99735,107358,-7623,77850,133230,-55380,63003,141561,78558,44.35618807693032,-9.142197036226712,24.615066458611427,-4.023256357843184,19.741121618318893,-2.388561974770168,-17.35255964354872
225,23,23,2020-10-08,104500.0,-500.0,435015,126068,204858,-78790,76221,105576,-29355,108145,232726,124581,53.498385113157035,-8.576738015803457,28.63832281645461,-13.08359278862251,24.86006229670241,-18.112019125777273,-6.748043170925142
226,22,22,2020-10-12,105000.0,500.0,259281,78951,110669,-31718,19381,40435,-21054,52772,160949,108177,62.07512312896048,2.6079663518417533,41.72191560507712,-2.657256725960096,20.35320752388336,-12.233059884835372,-8.120147639047982
227,21,21,2020-10-13,105500.0,500.0,263342,79977,115002,-35025,26763,31471,-4708,39733,156602,116869,59.467156777118724,10.228780184667244,44.3791723310372,9.561039219952557,15.087984446081519,-13.30019518344966,-1.7877892626318628
228,20,20,2020-10-14,104000.0,-1500.0,268768,48076,81802,-33726,88355,93386,-5031,38757,132337,93580,49.23837659245148,-15.746020977318402,34.818133111084656,-15.556214949913675,14.42024348136683,-12.548368853434932,-1.8718746279318967
229,19,19,2020-10-15,102500.0,-1500.0,272073,76158,80215,-4057,19110,54803,-35693,39750,176805,137055,64.98439756976988,2.1179414459034405,50.374348060998315,17.78980468657145,14.610049508771544,-1.4911439209329849,-13.118905587838556
230,18,18,2020-10-16,102000.0,-500.0,344823,104718,212594,-107876,23327,19870,3457,104419,216778,112359,62.866456123866435,17.13251299798215,32.58454337442688,-5.103276716842721,30.28191274943957,-31.28445608326591,1.00254333382634
231,17,17,2020-10-19,103000.0,1000.0,401448,151105,170037,-18932,66745,80114,-13369,32301,183598,151297,45.733943125884295,-23.1025551609974,37.6878200912696,-6.03961321061518,8.046123034614695,-4.715928339411331,-3.330194695203364
232,16,16,2020-10-20,102500.0,-500.0,281942,63322,119209,-55887,24541,39447,-14906,70793,194079,123286,68.83649828688168,36.01386417428765,43.72743330188479,-2.8249866341216787,25.109064984996916,-19.822162004951373,-5.286902980045541
233,15,15,2020-10-21,104000.0,1500.0,208146,61784,76693,-14909,78043,34556,43487,-28578,68319,96897,32.822634112594045,-0.6987021400966569,46.55241993600646,-0.5855012228675562,-13.729785823412412,-7.16276075447042,20.892546577882836
234,14,14,2020-10-22,104500.0,500.0,216486,65012,75093,-10081,78905,39346,39559,-29478,72569,102047,33.5213362526907,-17.67445534592706,47.13792115887402,2.8589358294004867,-13.61658490618331,-4.656652162264535,18.27323706844784
235,13,13,2020-10-23,104000.0,-500.0,285334,58075,129642,-71567,81180,29349,51831,19736,146079,126343,51.19579159861775,-20.13878108632008,44.278985329473535,-27.86437172345397,6.916806269144231,-25.08183392094878,18.16502765180455
236,12,12,2020-10-26,118000.0,14000.0,9493136,2344988,1499246,845742,376260,1145223,-768963,-76779,6771888,6848667,71.33457268493784,6.977416527114612,72.1433570529275,9.126804668135476,-0.8087843679896717,8.90898434405659,-8.100199976066918
237,11,11,2020-10-27,115500.0,-2500.0,2862367,422337,588436,-166099,597892,470166,127726,38373,1842138,1803765,64.35715615782323,0.0401753710577708,63.01655238479202,4.355367432490128,1.3406037730312008,-5.802854770195436,4.462250997164235
238,10,10,2020-10-28,113000.0,-2500.0,1529935,360235,518329,-158094,185692,114128,71564,86530,984008,897478,64.31698078676546,-1.2679007462084542,58.6611849523019,1.79379817661696,5.655795834463556,-10.333380176282,4.677584341818443
239,9,9,2020-10-29,111000.0,-2000.0,1151122,229718,419198,-189480,166442,77311,89131,100349,754962,654613,65.58488153297391,1.4232880707793356,56.86738677568494,-4.610558958006571,8.717494757288975,-16.46046205354428,7.7429672962553076
240,8,8,2020-10-30,110500.0,-500.0,1172993,277802,311481,-33679,142580,140380,2200,31479,752611,721132,64.16159346219456,-2.083616194019584,61.47794573369151,-11.460358234851064,2.6836477285030687,-2.8712021299359844,0.18755440143291566
