,Unnamed: 0,Unnamed: 0.1,날짜,종가,대비,거래량,기관 매수,기관 매도,기관 순매수,외국인 매수,외국인 매도,외국인 순매수,개인 순매수,개인 매수,개인 매도,개인매수비율(%),개인매수비율증가(%p),개인매도비율(%),개인매도비율증가(%p),개인 순매수비율,기관 순매수비율,외국인 순매수비율
15,233,233,2019-12-02,390000.0,-3500.0,64001,17335,10240,7095,18659,28692,-10033,2938,28007,25069,43.760253746035225,15.981720741549175,39.1697004734301,-8.403756112902023,4.590553272605115,11.085764284933047,-15.676317557538164
16,232,232,2019-12-03,394000.0,4000.0,51493,16857,9710,7147,20332,17286,3046,-10193,14304,24497,27.77853300448605,-7.824738638498418,47.57345658633213,13.596011599575286,-19.794923581846078,13.87955644456528,5.9153671372807946
17,231,231,2019-12-04,391500.0,-2500.0,60031,15520,14167,1353,23138,25467,-2329,976,21373,20397,35.60327164298446,0.8633756271283133,33.977444986756836,-37.71847320472335,1.6258266562276158,2.253835518315537,-3.879662174543153
18,230,230,2019-12-05,396000.0,4500.0,69626,22397,4613,17784,23041,15094,7947,-25731,24188,49919,34.73989601585615,-13.669459764580715,71.69591819148019,39.67533270517113,-36.95602217562405,25.54218251802488,11.413839657599173
19,229,229,2019-12-06,395000.0,-1000.0,86663,28038,37111,-9073,16672,21802,-5130,14203,41953,27750,48.40935578043686,-10.518905603826418,32.02058548630904,-2.3760682900306382,16.38877029412783,-10.469289085307457,-5.919481208820372
20,228,228,2019-12-09,388000.0,-7000.0,63355,12410,16506,-4096,13611,25057,-11446,15542,37334,21792,58.92826138426328,20.21433546176045,34.396653776339676,-33.603993188701104,24.531607607923608,-6.465156656933154,-18.06645095099045
21,227,227,2019-12-10,390000.0,2000.0,43279,8876,8751,125,17648,5098,12550,-12675,16755,29430,38.71392592250283,7.270056835981292,68.00064696504077,28.94026789913157,-29.286721042537952,0.2888236789204926,28.997897363617454
22,226,226,2019-12-11,389000.0,-1000.0,39782,12123,8948,3175,15150,15295,-145,-3030,12509,15539,31.44386908652154,11.90476950979744,39.06037906590921,4.296173670210378,-7.616509979387662,7.980996430546478,-0.3644864511588156
23,225,225,2019-12-12,390000.0,1000.0,93556,38358,34995,3363,36918,26037,10881,-14244,18280,32524,19.5390995767241,-18.682364505783447,34.76420539569883,-29.629164373230658,-15.225105818974733,3.5946385052802596,11.630467313694473
24,224,224,2019-12-13,396000.0,6000.0,89107,26960,8146,18814,28089,23582,4507,-23321,34058,57379,38.221464082507545,4.943654646367334,64.39336976892949,13.147734970057499,-26.171905686421947,21.11394166563794,5.057964020784
25,223,223,2019-12-16,395000.0,-1000.0,68439,27229,6133,21096,18435,27234,-8799,-12297,22775,35072,33.27780943614021,-3.6405878504989104,51.245634798872004,4.539757196212463,-17.967825362731773,30.824529873317854,-12.856704510586072
26,222,222,2019-12-17,395000.0,0.0,74299,19403,17882,1521,27466,21715,5751,-7272,27430,34702,36.91839728663912,-4.994030443695571,46.70587760265954,-0.8223672390102337,-9.787480316020405,2.0471338779795154,7.740346438040889
27,221,221,2019-12-18,394500.0,-500.0,75412,16530,17569,-1039,27275,22001,5274,-4235,31607,35842,41.912427730334684,8.74891364878782,47.52824484166976,-9.621818210032638,-5.615817111335066,-1.377764811966265,6.993581923301331
28,220,220,2019-12-19,395500.0,1000.0,59475,20391,10615,9776,19360,14870,4490,-14266,19724,33990,33.16351408154687,8.658144563480956,57.150063051702396,-4.568976254227884,-23.98654897015553,16.437158469945356,7.5493905002101735
29,219,219,2019-12-20,396500.0,1000.0,75612,23998,10566,13432,33085,18379,14706,-28138,18529,46667,24.505369518065915,-21.538459239167032,61.71903930593028,-29.171612152084922,-37.21366978786436,17.764376024969582,19.44929376289478
30,218,218,2019-12-23,422500.0,26000.0,385044,83572,10182,73390,124183,24893,99290,-172680,177289,349969,46.04382875723293,-22.623671915037928,90.8906514580152,15.992661255632438,-44.846822700782255,19.06015935841099,25.786663342371263
31,217,217,2019-12-24,417000.0,-5500.0,171062,39427,9703,29724,14171,33237,-19066,-10658,117464,128122,68.66750067227088,18.280663859434046,74.89799020238276,-11.171590324803176,-6.230489530111889,17.376156013609098,-11.145666483497212
32,216,216,2019-12-26,413500.0,-3500.0,139723,58733,2263,56470,10588,17201,-6613,-49857,70402,120259,50.38683681283682,-14.338942903531946,86.06958052718593,13.092710353386565,-35.68274371434911,40.41567959462651,-4.732935880277406
33,215,215,2019-12-27,429500.0,16000.0,222613,32292,41258,-8966,46233,18899,27334,-18368,144088,162456,64.72577971636878,-7.382690995662088,72.97687017379937,24.2644300942951,-8.251090457430609,-4.027617434741008,12.278707892171614
34,214,214,2019-12-30,433000.0,3500.0,136848,15797,24441,-8644,22372,45745,-23373,32017,98679,66662,72.10847071203088,-5.995721159119199,48.71244007950427,9.771166910619606,23.396030632526603,-6.316497135508009,-17.07953349701859
35,213,213,2020-01-02,428500.0,-4500.0,108281,12508,49469,-36961,11201,16646,-5445,42406,84572,42166,78.10419187115006,8.982957722050628,38.941273168884656,-21.40764856603174,39.162918702265394,-34.13433566368985,-5.028583038575559
36,212,212,2020-01-03,422000.0,-6500.0,123810,12090,34078,-21988,26141,15014,11127,10861,85579,74718,69.12123414909944,-1.3042594594944603,60.3489217349164,-0.8045320249107561,8.772312414183023,-17.759470155884017,8.987157741700994
37,211,211,2020-01-06,412000.0,-10000.0,99978,13856,21890,-8034,15712,16948,-1236,9270,70410,61140,70.4254936085939,14.828038702283699,61.15345375982716,9.555765358683033,9.272039848766731,-8.035767868931165,-1.236271979835564
38,210,210,2020-01-07,419000.0,7000.0,85655,11493,15663,-4170,26540,25796,744,3426,47622,44196,55.59745490631021,-19.252840554516574,51.59768840114413,-24.895079718040428,3.9997665051660736,-4.868367287373767,0.8686007822076937
39,209,209,2020-01-08,408500.0,-10500.0,151966,15928,19043,-3115,22291,16680,5611,-2496,113747,116243,74.85029546082677,15.969632631268652,76.49276811918455,12.088525638679528,-1.6424726583577909,-2.049800613295079,3.6922732716528697
40,208,208,2020-01-09,420000.0,11500.0,86176,19216,11423,7793,16219,19252,-3033,-4760,50741,55501,58.880662829558105,9.572660201651267,64.40424248050503,-20.625375767158914,-5.523579650946901,9.043121054585962,-3.5195414036390638
41,207,207,2020-01-10,436500.0,16500.0,184177,33208,15787,17421,60155,11785,48370,-65791,90814,156605,49.308002627906845,-7.1310555661593185,85.02961824766393,25.700195675908446,-35.72161561975708,9.458835793828763,26.26277982592832
42,206,206,2020-01-13,440500.0,4000.0,124102,17788,11777,6011,36272,38696,-2424,-3587,70042,73629,56.43905819406617,-13.995336867428088,59.329422571755494,5.30930062631802,-2.8903643776893198,4.843596396512546,-1.9532320188232257
43,205,205,2020-01-14,435000.0,-5500.0,105457,9361,16307,-6946,21818,32182,-10364,17310,74278,56968,70.43439506149427,10.820044847153817,54.02012194543747,-1.0221756536236697,16.41427311605678,-6.586570829816893,-9.827702286239886
44,204,204,2020-01-15,434500.0,-500.0,61351,9162,11030,-1868,15615,16552,-937,2805,36574,33769,59.61435021434044,7.800214503449865,55.042297599061136,0.34455752675497564,4.5720526152792935,-3.0447751462893837,-1.5272774689899105
45,203,203,2020-01-16,436500.0,2000.0,69427,19484,11679,7805,13970,19773,-5803,-2002,35973,37975,51.81413571089058,-2.4952491717427208,54.697740072306175,1.5137690539402369,-2.883604361415588,11.242023996427903,-8.358419635012313
46,202,202,2020-01-17,437000.0,500.0,67353,11581,13146,-1565,19193,18386,807,758,36579,35821,54.309384882633296,-7.709809555513758,53.18397101836592,-14.655521160278376,1.1254138642673674,-2.323578756699776,1.1981648924324084
47,201,201,2020-01-20,438000.0,1000.0,66165,17640,7181,10459,7490,14098,-6608,-3851,41035,44886,62.019194438147046,-2.1215516755478205,67.83949217864429,1.542611178516296,-5.820297740497241,15.807451069296455,-9.987153328799216
48,200,200,2020-01-21,438000.0,0.0,70311,13891,9871,4020,11322,13826,-2504,-1516,45098,46614,64.14074611369487,21.233744126486485,66.29688100012801,-21.368510958636023,-2.1561348864331333,5.717455305713187,-3.5613204192800563
49,199,199,2020-01-22,452000.0,14000.0,179649,29610,5404,24206,72957,16755,56202,-80408,77082,157490,42.90700198720839,-7.421482559993732,87.66539195876403,7.601359705480903,-44.75838997155565,13.474052179527858,31.284337792027788
50,198,198,2020-01-23,483000.0,31000.0,438529,58270,48958,9312,159554,38467,121087,-130399,220705,351104,50.32848454720212,-8.754329622375401,80.06403225328313,9.189587607491331,-29.735547706081014,2.12346275844927,27.612084947631747
51,197,197,2020-01-28,494000.0,11000.0,320066,30525,30780,-255,100437,62441,37996,-37741,189104,226845,59.082814169577524,7.650244336829362,70.8744446457918,18.015806810096127,-11.79163047621428,-0.07967106784225754,11.871301544056534
52,196,196,2020-01-29,491000.0,-3000.0,161493,13739,25956,-12217,64694,50174,14520,-2303,83060,85363,51.43256983274817,-10.232054426105364,52.85863783569567,-20.449567692421482,-1.426068002947496,-7.56503377855387,8.991101781501365
53,195,195,2020-01-30,495000.0,4000.0,161574,18460,22678,-4218,43480,20449,23031,-18813,99634,118447,61.66462425885353,8.007526789206423,73.30820552811714,9.525157757777867,-11.643581269263619,-2.6105685320658027,14.254149801329422
54,194,194,2020-01-31,484500.0,-10500.0,132195,16807,12742,4065,44456,35135,9321,-13386,70932,84318,53.65709746964711,-4.151796524785091,63.78304777033927,-2.9907318150768063,-10.12595030069216,3.0750028367184843,7.0509474639736744
55,193,193,2020-02-03,479500.0,-5000.0,193254,20109,33795,-13686,61427,30416,31011,-17325,111718,129043,57.80889399443221,7.331243120207716,66.77377958541608,0.3283128623478291,-8.964885590983886,-7.0818715265919465,16.046757117575833
56,192,192,2020-02-04,492500.0,13000.0,113472,9381,26180,-16799,46813,11895,34918,-18119,57278,75397,50.47765087422447,-12.531987452049153,66.44546672306825,5.814403353963449,-15.967815848843768,-14.804533276931751,30.77234912577552
57,191,191,2020-02-05,490000.0,-2500.0,95141,8851,22845,-13994,26342,14611,11731,2263,59948,57685,63.00963832627363,-3.219817104332506,60.631063369104794,-28.63580312723725,2.378574957168833,-14.708695515077622,12.330120557908788
58,190,190,2020-02-06,519000.0,29000.0,298254,20557,8084,12473,80165,23928,56237,-68710,197532,266242,66.22945543060614,-2.3270242691441747,89.26686649634205,25.802545000182644,-23.03741106573592,4.182005941244712,18.855405124491206
59,189,189,2020-02-07,519000.0,0.0,125762,10978,14099,-3121,28566,31849,-3283,6404,86218,79814,68.55647969975031,4.334437560366196,63.464321496159414,-12.860376574630578,5.092158203590911,-2.481671729139168,-2.6104864744517418
60,188,188,2020-02-10,530000.0,11000.0,153016,19452,11862,7590,35294,24365,10929,-18519,98270,116789,64.2220421393841,-10.563172178100727,76.32469807078999,-0.5533598452621646,-12.102655931405867,4.960265593140587,7.1423903382652805
61,187,187,2020-02-11,528000.0,-2000.0,170868,12563,10637,1926,30521,28871,1650,-3576,127784,131360,74.78521431748484,20.805841342538464,76.87805791605216,25.648954948255266,-2.092843598567315,1.1271858978860876,0.9656577006812276
62,186,186,2020-02-12,530000.0,2000.0,131478,16783,16349,434,43724,47774,-4050,3616,70971,67355,53.97937297494639,-8.044585544631666,51.22910296779689,-7.332491882909353,2.7502700071494846,0.3300932475395123,-3.080363254688997
63,185,185,2020-02-13,530000.0,0.0,111860,23235,18961,4274,19245,27392,-8147,3873,69380,65507,62.023958519578045,-0.268644984841238,58.56159485070624,-3.1908732322006657,3.462363668871804,3.820847487931343,-7.283211156803148
64,184,184,2020-02-14,529000.0,-1000.0,77388,13092,12235,857,16089,17364,-1275,418,48207,47789,62.292603504419276,-5.50664281281265,61.752468082906894,-3.2417080047943685,0.5401354215123791,1.1074068331007392,-1.6475422546131182
65,183,183,2020-02-17,519000.0,-10000.0,145950,20587,24092,-3505,26410,26999,-589,4094,98953,94859,67.79924631723193,12.638102048863955,64.99417608770128,11.370796791549802,2.8050702295306613,-2.4015073655361423,-0.4035628639945187
66,182,182,2020-02-18,513000.0,-6000.0,121475,12002,27889,-15887,42466,28447,14019,1868,67007,65139,55.16114426836798,-3.611030337970469,53.62337929615148,0.20443228740977304,1.5377649722165054,-13.078411195719285,11.540646223502776
67,181,181,2020-02-19,505000.0,-8000.0,175595,17978,28968,-10990,54416,52826,1590,9400,103201,93801,58.77217460633845,14.28958885536928,53.4189470087417,7.665069415547443,5.353227597596742,-6.258720350807256,0.9054927532105128
68,180,180,2020-02-20,498500.0,-6500.0,261309,20170,25706,-5536,124902,116044,8858,-3322,116237,119559,44.48258575096917,-12.912435034681735,45.753877593194254,-21.95222731595609,-1.2712918422251052,-2.11856461124569,3.389856453470795
69,179,179,2020-02-21,486500.0,-12000.0,214090,18882,22125,-3243,72331,47013,25318,-22075,122877,144952,57.3950207856509,-5.280179558564669,67.70610490915035,2.4345869543645047,-10.311084123499462,-1.5147835022654024,11.825867625764866
70,178,178,2020-02-24,461000.0,-25500.0,278895,34470,17262,17208,69627,79594,-9967,-7241,174798,182039,62.675200344215575,-3.3587320586739224,65.27151795478585,11.847654949865936,-2.5963176105702863,6.170064002581617,-3.5737463920113304
71,177,177,2020-02-25,479000.0,18000.0,246549,37212,20177,17035,46531,94656,-48125,31090,162806,131716,66.03393240288949,3.981665504832904,53.42386300491992,-0.8623799289680676,12.610069397969573,6.9093770406694,-19.519446438638973
72,176,176,2020-02-26,480000.0,1000.0,156734,36995,18010,18985,22482,53639,-31157,12172,97257,85085,62.052266898056594,12.123942418758162,54.286242933887976,-2.5554565589625327,7.766023964168593,12.112879145558715,-19.878903109727307
73,175,175,2020-02-27,480000.0,0.0,166026,25668,23053,2615,57464,48601,8863,-11478,82894,94372,49.92832447929842,-11.66816304113425,56.84169949285052,3.2983822181275144,-6.913375013552094,1.5750545095346506,5.338320504017443
74,174,174,2020-02-28,463500.0,-16500.0,231859,34853,24855,9998,54189,82859,-28670,18672,142817,124145,61.59648752043268,-0.7596225260677372,53.543317274722995,-14.037053388477357,8.053170245709676,4.312103476681949,-12.365273722391624
75,173,173,2020-03-02,467000.0,3500.0,149246,23378,18516,4862,32804,29869,2935,-7797,93064,100861,62.356110046500405,-4.313691514677053,67.58037066320036,-5.593624531861323,-5.2242606166999455,3.257708749313214,1.9665518673867304
76,172,172,2020-03-03,479500.0,12500.0,233926,36155,25209,10946,41813,37544,4269,-15215,155958,171173,66.66980156117748,4.484177734622449,73.17399519506168,12.105598076292985,-6.504193633884221,4.679257542983678,1.8249360909005408
77,171,171,2020-03-04,489000.0,9500.0,140079,22315,15404,6911,30655,39131,-8476,1565,87109,85544,62.18562382655502,10.35047298068315,61.068397118768694,1.407972879133112,1.1172267077863205,4.9336445862691765,-6.050871294055498
78,170,170,2020-03-05,496500.0,7500.0,130398,38018,19079,18939,24788,33523,-8735,-10204,67592,77796,51.83515084587186,3.2432924842615165,59.66042423963558,-2.8480053425782685,-7.825273393763707,14.523995766806241,-6.698722373042531
79,169,169,2020-03-06,491000.0,-5500.0,93421,18660,15459,3201,29366,19566,9800,-13001,45395,58396,48.591858361610356,2.9743945178428817,62.50842958221385,-4.9170685400864915,-13.916571220603506,3.426424465591248,10.490146755012256
80,168,168,2020-03-09,494000.0,3000.0,202109,43882,14415,29467,66030,51421,14609,-44076,92197,136273,45.617463843767474,-15.352307601993306,67.42549812230035,5.514884526811265,-21.808034278532872,14.579756468044472,7.2282778104884
81,167,167,2020-03-10,496000.0,2000.0,156243,31383,27580,3803,29599,31932,-2333,-1470,95261,96731,60.969771445760784,-6.986286878987628,61.91061359548908,-8.266797451345063,-0.9408421497283078,2.4340290445011936,-1.4931868947728861
82,166,166,2020-03-11,484000.0,-12000.0,201904,20154,21958,-1804,44544,38255,6289,-4485,137206,141691,67.9560583247484,16.642950111237127,70.17741104683414,5.4220440666767615,-2.221352722085744,-0.8934939377129725,3.114846659798716
83,165,165,2020-03-12,483000.0,-1000.0,244877,54586,32076,22510,64637,54230,10407,-32917,125654,158571,51.313108213511285,-15.306817042151664,64.75536698015739,-1.6794790561500008,-13.442258766646113,9.19237004700319,4.2498887196429225
84,164,164,2020-03-13,456500.0,-26500.0,477093,56362,41562,14800,102892,118575,-15683,883,317839,316956,66.61992525566293,1.3652416696227905,66.43484603630738,-13.807770818649145,0.1850792193555554,3.102120550919841,-3.2871997702753966
85,163,163,2020-03-16,430000.0,-26500.0,218369,10133,16606,-6473,65740,26538,39202,-32729,142496,175225,65.25468358604014,-4.06030600353904,80.24261685495651,2.2237128527280845,-14.987933268916375,-2.964248588398537,17.952181857314912
86,162,162,2020-03-17,417500.0,-12500.0,423614,31995,12215,19780,97991,80900,17091,-36871,293628,330499,69.31498958957918,7.76763797194593,78.01890400222844,1.6788218023339,-8.703914412649251,4.669345205776957,4.034569206872294
87,161,161,2020-03-18,400500.0,-17000.0,276886,17634,17085,549,88836,48426,40410,-40959,170416,211375,61.54735161763325,-9.752667080945656,76.34008219989454,-5.367608015649084,-14.792730582261292,0.1982765470265741,14.594454035234715
88,160,160,2020-03-19,366000.0,-34500.0,470624,65163,23157,42006,69906,62931,6975,-48981,335555,384536,71.30001869857891,-3.275686300926836,81.70769021554362,-1.377605095140197,-10.407671516964712,8.925596654654246,1.4820748623104645
89,159,159,2020-03-20,430000.0,64000.0,586738,47917,21616,26301,101257,77629,23628,-49929,437564,487493,74.57570499950575,0.5541022593151439,83.08529531068382,3.641133476655256,-8.509590311178073,4.482579959027709,4.027010352150364
90,158,158,2020-03-23,436000.0,6000.0,589740,35307,30714,4593,117898,90512,27386,-31979,436535,468514,74.02160274019059,8.123312039478094,79.44416183402856,0.9800362955138412,-5.422559093837964,0.7788177841082511,4.643741309729712
91,157,157,2020-03-24,476000.0,40000.0,509039,46571,25387,21184,127020,84239,42781,-63965,335448,399413,65.89829070071251,-3.99190632329298,78.46412553851472,17.909036254042483,-12.565834837802212,4.1615671883686725,8.40426764943354
92,156,156,2020-03-25,475000.0,-1000.0,431318,24400,36676,-12276,105469,133457,-27988,40264,301449,261185,69.89019702400549,-4.390659869370353,60.555089284472245,5.970561621799184,9.335107739533244,-2.846159909857692,-6.488947829675553
93,155,155,2020-03-26,456500.0,-18500.0,324101,24768,45920,-21152,58588,101272,-42684,63836,240745,176909,74.28085689337584,-0.9932722185608468,54.58452766267306,-4.9546154244732525,19.696329230702773,-6.526360609809905,-13.169968620892869
94,154,154,2020-03-27,443000.0,-13500.0,399994,22529,37531,-15002,76373,124310,-47937,62939,301092,238153,75.27412911193669,11.578971970264881,59.53914308714632,-3.8877346382867657,15.734986024790373,-3.7505562583438747,-11.984429766446494
95,153,153,2020-03-30,450000.0,7000.0,216938,31432,14338,17094,47327,65003,-17676,582,138179,137597,63.69515714167181,-11.625933989767866,63.42687772543307,-19.24929985910828,0.268279416238741,7.879670689321372,-8.147950105560112
96,152,152,2020-03-31,482000.0,32000.0,665621,73127,26015,47112,91141,89296,1845,-48957,501353,550310,75.32109113143967,-1.7027670738916785,82.67617758454134,14.147092809322189,-7.355086453101691,7.077901688798881,0.277184764302809
97,151,151,2020-04-01,452500.0,-29500.0,313016,28553,30834,-2281,43366,67675,-24309,26590,241097,214507,77.02385820533135,10.111112971325568,68.52908477521916,-4.725873245626403,8.4947734301122,-0.7287167429141003,-7.766056687198097
98,150,150,2020-04-02,464500.0,12000.0,187474,23581,14463,9118,38449,35677,2772,-11890,125444,137334,66.91274523400578,5.010100201776397,73.25495802084556,-7.221429022080072,-6.342212786839776,4.8636077536085,1.4786050332312748
99,149,149,2020-04-03,467500.0,3000.0,220451,51885,15720,36165,32101,27320,4781,-40946,136465,177411,61.902645032229394,-7.952732613065264,80.47638704292564,-0.5782212278504346,-18.573742010696254,16.40500610112905,2.1687359095672054
100,148,148,2020-04-06,477000.0,9500.0,219399,34610,8588,26022,31527,32978,-1451,-24571,153262,177833,69.85537764529465,8.668523778652066,81.05460827077606,6.880191765877867,-11.199230625481427,11.860582773850384,-0.6613521483689534
101,147,147,2020-04-07,482500.0,5500.0,177208,33931,22046,11885,34849,23719,11130,-23015,108428,131443,61.18685386664258,-9.772965764567651,74.1744165048982,12.460913002200725,-12.987562638255609,6.706807819060089,6.280754819195522
102,146,146,2020-04-08,477500.0,-5000.0,124190,16563,22666,-6103,19502,24882,-5380,11483,88125,76642,70.95981963121024,3.855638493832288,61.71350350269748,3.5831593193246287,9.246316128512763,-4.9142443030839855,-4.332071825428779
103,145,145,2020-04-09,478500.0,1000.0,125253,18385,30774,-12389,22818,21669,1149,11240,84050,72810,67.10418113737795,-17.170057810201854,58.13034418337285,-33.39597455166865,8.973836954005094,-9.891180251171628,0.917343297166535
104,144,144,2020-04-10,559000.0,80500.0,3037570,116088,128810,-12722,361593,128584,233009,-220287,2559889,2780176,84.27423894757979,-8.138777726246332,91.5263187350415,7.330796877281713,-7.252079787461687,-0.41882162386381216,7.6709014113255005
105,143,143,2020-04-13,539000.0,-20000.0,1184911,36971,23541,13430,52928,163728,-110800,97370,1095012,997642,92.41301667382614,4.294076238641097,84.1955218577598,-1.306224484011253,8.217494816066353,1.1334184592766885,-9.350913275343043
106,142,142,2020-04-14,542000.0,3000.0,539127,22484,17657,4827,41570,60507,-18937,14110,475073,460963,88.11894043518505,15.248458102792187,85.50174634177105,18.20831627325029,2.6171940934139823,0.89533634932029,-3.5125304427342723
107,141,141,2020-04-16,540000.0,-2000.0,297720,37573,16042,21531,43197,81332,-38135,16604,216950,200346,72.87048233239284,-11.286781560053225,67.29343006852075,-17.730000181921014,5.577052263872094,7.231962918178153,-12.80901518205025
108,140,140,2020-04-17,566000.0,26000.0,776987,56364,44485,11879,66732,71881,-5149,-6730,653891,660621,84.15726389244608,-2.005994767148678,85.02343025044176,3.121502183394,-0.8661663579956936,1.5288544081175104,-0.6626880501218168
109,139,139,2020-04-20,566000.0,0.0,472857,36127,25925,10202,29301,59653,-30352,20150,407429,387279,86.16325865959476,6.868431794309245,81.90192806704776,-8.170137446691015,4.261330592547006,2.157523310430004,-6.41885390297701
110,138,138,2020-04-21,579000.0,13000.0,997287,72605,25389,47216,133885,73621,60264,-107480,790797,898277,79.29482686528551,-3.162346059974425,90.07206551373878,2.5279429509755857,-10.777238648453254,4.734444548058884,6.042794100394371
111,137,137,2020-04-22,580000.0,1000.0,625247,45335,27385,17950,64351,50495,13856,-31806,515561,547367,82.45717292525994,-2.8403991294514697,87.54412256276319,-3.115016164189214,-5.086949637503259,2.8708654339804913,2.216084203522768
112,136,136,2020-04-23,601000.0,21000.0,1028524,36422,32958,3464,114796,63115,51681,-55145,877306,932451,85.29757205471141,4.527631231032898,90.6591387269524,6.916411027843537,-5.361566672240998,0.3367933076914102,5.024773364549588
113,135,135,2020-04-24,591000.0,-10000.0,400836,18276,18954,-678,58805,46211,12594,-11916,323755,335671,80.76994082367851,-2.9957225199884334,83.74272769910888,1.5690438166965777,-2.9727868754303506,-0.1691464838487561,3.1419333592791068
114,134,134,2020-04-27,588000.0,-3000.0,176447,14761,8686,6075,13884,22768,-8884,2809,147802,144993,83.76566334366693,-1.2880557955591314,82.1736838824123,-0.38846023489297465,1.5919794612546545,3.4429602090146045,-5.034939670269258
115,133,133,2020-04-28,588000.0,0.0,189318,11417,17192,-5775,16879,15821,1058,4717,161022,156305,85.05371913922608,6.467623695915336,82.56214411730527,16.277208443308187,2.4915750219207893,-3.0504230976452322,0.5588480757244425
116,132,132,2020-04-29,581000.0,-7000.0,157790,15298,24322,-9024,18491,28877,-10386,19410,124001,104591,78.58609544331074,0.8537525763531875,66.28493567399708,8.844051520908591,12.301159769313646,-5.718993599087394,-6.58216617022625
117,131,131,2020-05-04,556000.0,-25000.0,302753,22441,44602,-22161,44975,84247,-39272,61433,235337,173904,77.73234286695755,6.4893138091354245,57.44088415308849,-25.178233350091233,20.291458713869066,-7.319828374945913,-12.971630338923148
118,130,130,2020-05-06,575000.0,19000.0,204420,26615,10604,16011,32170,24926,7244,-23255,145635,168890,71.24302905782213,-2.523533727820705,82.61911750317972,3.1062307382939025,-11.376088445357597,7.8324038743762845,3.543684570981313
119,129,129,2020-05-07,567000.0,-8000.0,138941,14222,11109,3113,22227,17356,4871,-7984,102492,110476,73.76656278564282,10.644113666373967,79.51288676488582,-7.58903895757379,-5.746323979242987,2.2405193571372015,3.5058046221057864
120,128,128,2020-05-08,588000.0,21000.0,438329,50548,20400,30148,111097,36136,74961,-105109,276684,381793,63.122449119268865,-3.1231061531185977,87.1019257224596,25.46614460329844,-23.979476603190754,6.877938717264885,17.101537885925868
121,127,127,2020-05-11,586000.0,-2000.0,164802,11739,20834,-9095,43889,42391,1498,7597,109174,101577,66.24555527238746,14.830097592686233,61.635781119161166,-16.657170013151852,4.609774153226296,-5.518743704566691,0.9089695513403964
122,126,126,2020-05-12,592000.0,6000.0,188243,33404,17605,15799,58053,23257,34796,-50595,96786,147381,51.41545767970123,-12.917272285742245,78.29295113231301,-13.676378972610307,-26.877493452611784,8.392875166672862,18.48461828593892
123,125,125,2020-05-13,616000.0,24000.0,510468,65275,11940,53335,116795,29054,87741,-141076,328398,469474,64.33272996544348,-9.673886455693307,91.9693301049233,23.416790566810533,-27.636600139479853,10.448255326484718,17.188344812995133
124,124,124,2020-05-14,612000.0,-4000.0,190133,26130,19866,6264,23292,39926,-16634,10370,140711,130341,74.00661642113678,2.2854352011017625,68.5525395381128,1.275472166374712,5.454076883023988,3.29453593011208,-8.748612813136067
125,123,123,2020-05-15,605000.0,-7000.0,147881,28147,20261,7886,13672,28130,-14458,6572,106062,99490,71.72118122003502,-3.3702030691779896,67.27706737173808,-9.751663848790486,4.444113848296942,5.332666130199282,-9.776779978496226
126,122,122,2020-05-18,597000.0,-8000.0,218856,11122,20101,-8979,43392,30173,13219,-4240,164342,168582,75.09138428921302,-0.8028531149710574,77.02873122052857,17.016535250547776,-1.937346931315568,-4.102697664217569,6.0400445955331366
127,121,121,2020-05-19,600000.0,3000.0,186947,14867,31282,-16415,30198,43474,-13276,29691,141882,112191,75.89423740418407,4.83008527283009,60.012195969980795,0.5477644458143018,15.882041434203273,-8.780563475209549,-7.1014779589937245
128,120,120,2020-05-20,600000.0,0.0,101649,12445,14052,-1607,16968,27152,-10184,11791,72236,60445,71.06415213135399,5.040578779912167,59.464431524166486,-16.333473066816445,11.59972060718748,-1.5809304567678977,-10.018790150419582
129,119,119,2020-05-21,609000.0,9000.0,164932,11106,20852,-9746,44932,19065,25867,-16121,108894,125015,66.02357335144181,-12.466885436609216,75.79790459098294,-0.07705233711654103,-9.774331239541144,-5.9091019329178085,15.683433172458955
130,118,118,2020-05-22,618000.0,9000.0,397591,31146,27326,3820,54374,68593,-14219,10399,312071,301672,78.49045878805103,18.0308834187494,75.87495692809948,-15.964226990292358,2.615501859951558,0.9607863357067942,-3.5762881956583525
131,117,117,2020-05-25,632000.0,14000.0,226644,23151,7212,15939,66465,11284,55181,-71120,137028,208148,60.45957536930163,-9.508692989719222,91.83918391839184,4.342818944649565,-31.379608549090204,7.032615026208504,24.3469935228817
132,116,116,2020-05-26,645000.0,13000.0,233836,19557,11040,8517,50668,18198,32470,-40987,163611,204598,69.96826835902085,-16.45135983072859,87.49636497374226,21.475235668754774,-17.528096614721427,3.6422963102345234,13.885800304486905
133,115,115,2020-05-27,624000.0,-21000.0,207579,9632,24311,-14679,18558,46222,-27664,42343,179389,137046,86.41962818974945,9.02513967649,66.0211293049875,4.528569274905308,20.398498884761946,-7.0715245761854515,-13.326974308576494
134,114,114,2020-05-28,611000.0,-13000.0,223388,20847,42916,-22069,29651,43105,-13454,35523,172890,137367,77.39448851325945,30.44592763159884,61.49256003008219,2.3616484101378323,15.901928483177251,-9.87922359303096,-6.022704890146293
135,113,113,2020-05-29,622000.0,11000.0,149536,14372,14558,-186,64959,46556,18403,-18217,70205,88422,46.94856088166061,-23.54981042642729,59.130911619944364,-9.149576903459149,-12.182350738283755,-0.12438476353520225,12.306735501818961
136,112,112,2020-06-01,629000.0,7000.0,118807,12878,13603,-725,22172,24082,-1910,2635,83757,81122,70.4983713080879,5.870214712180086,68.2804885234035,-0.12120777253784355,2.2178827846844045,-0.6102334037556709,-1.607649380928733
137,111,111,2020-06-02,629000.0,0.0,83476,13788,15799,-2011,15739,10578,5161,-3150,53949,57099,64.62815659590781,-7.238043822418561,68.40169629594135,8.464823582819193,-3.773539700033543,-2.4090756624658582,6.182615362499401
138,110,110,2020-06-03,626000.0,-3000.0,185023,36034,45629,-9595,16020,28497,-12477,22072,132969,110897,71.86620041832637,19.751606880884964,59.936872713122156,-11.207594133568733,11.929327705204216,-5.185841760213594,-6.7434859449906215
139,109,109,2020-06-04,650000.0,24000.0,578811,51228,23348,27880,225938,143671,82267,-110147,301645,411792,52.11459353744141,-13.614868305809866,71.14446684669089,-6.9075823688294085,-19.02987330924948,4.816770932135015,14.213102377114465
140,108,108,2020-06-05,665000.0,15000.0,326076,56874,22973,33901,54874,48594,6280,-40181,214328,254509,65.72946184325127,-14.164501994668713,78.0520492155203,14.284083650496163,-12.322587372269039,10.396655994308077,1.925931377960966
141,107,107,2020-06-08,664000.0,-1000.0,298766,22955,33196,-10241,37115,75053,-37938,48179,238696,190517,79.89396383791998,9.069128966984039,63.767965565024134,-16.497591686471814,16.125998272895846,-3.4277662116840606,-12.698232061211787
142,106,106,2020-06-09,676000.0,12000.0,296132,39394,28456,10938,47003,29984,17019,-27957,209735,237692,70.82483487093593,4.041705877120947,80.26555725149595,-8.133238990118585,-9.440722380560018,3.6936231140167215,5.747099266543298
143,105,105,2020-06-10,704000.0,28000.0,282781,44836,13440,31396,49095,19366,29729,-61125,188850,249975,66.783128993815,-12.450484009578474,88.39879624161453,8.351291104215449,-21.615667247799525,11.102584685675488,10.513082562124048
144,104,104,2020-06-11,747000.0,43000.0,593199,38922,63848,-24926,84264,54510,29754,-4828,470013,474841,79.23361300339347,3.994558707129542,80.04750513739909,-0.8937652165748062,-0.8138921340056203,-4.201962579168205,5.015854713173825
145,103,103,2020-06-12,805000.0,58000.0,789465,57765,44969,12796,137714,105493,32221,-45017,593986,639003,75.23905429626393,-11.764018978060648,80.94127035397389,0.7018809457858879,-5.702216057709968,1.620844495956122,4.081371561753846
146,102,102,2020-06-15,808000.0,3000.0,846654,32547,45832,-13285,77492,121472,-43980,57265,736615,679350,87.00307327432456,6.179579091198832,80.239389408188,6.5777901822863925,6.76368386613658,-1.5691179631821264,-5.194565902954453
147,101,101,2020-06-16,826000.0,18000.0,404083,31845,37607,-5762,45644,68822,-23178,28940,326594,297654,80.82349418312576,-0.15692752523808906,73.66159922590161,-6.0912320189849245,7.161894957224134,-1.425944669783188,-5.7359502874409465
148,100,100,2020-06-17,824000.0,-2000.0,278676,18250,26686,-8436,34753,29738,5015,3421,225673,222252,80.98042170836383,-0.4776015364029291,79.75283124488655,5.6635679625396875,1.2275904634772998,-3.027171338758989,1.7995808752816889
149,99,99,2020-06-18,810000.0,-14000.0,189462,14150,21531,-7381,20980,27560,-6580,13961,154332,140371,81.45802324476676,8.973621526811144,74.08926328234683,-0.589763819489491,7.368759962419904,-3.8957680168054813,-3.4729919456144236
150,98,98,2020-06-19,801000.0,-9000.0,349718,17360,28636,-11276,78867,59916,18951,-7675,253491,261166,72.48440171795562,-2.5170204334750683,74.67902710183635,2.56457235469486,-2.1946253838807266,-3.224312160083267,5.4189375439639935
151,97,97,2020-06-22,793000.0,-8000.0,175790,18105,12155,5950,25840,36865,-11025,5075,131845,126770,75.00142215143069,5.745263419641532,72.11445474714148,0.2359345547185541,2.8869674042892086,3.384720405028728,-6.271687809317937
152,96,96,2020-06-23,802000.0,9000.0,292065,35973,16184,19789,53819,65949,-12130,-7659,202273,209932,69.25615873178916,0.2946741650043805,71.87852019242294,-1.2842968039562663,-2.622361460633763,6.775546539297759,-4.153185078663996
153,95,95,2020-06-24,819000.0,17000.0,284743,38759,19096,19663,49621,57321,-7700,-11963,196363,208326,68.96148456678478,-7.589737125523852,73.16281699637918,3.6423717873354207,-4.201332429594406,6.905525333370794,-2.7041929037763883
154,94,94,2020-06-25,815000.0,-4000.0,163339,20084,23021,-2937,18217,26764,-8547,11484,125038,113554,76.55122169230863,-8.745515737603782,69.52044520904377,0.9961957600378496,7.030776483264867,-1.7981008822142903,-5.232675601050576
155,93,93,2020-06-26,810000.0,-5000.0,175138,9320,23837,-14517,16431,31289,-14858,29375,149387,120012,85.29673742991241,8.068231355947049,68.52424944900592,6.7331892711725985,16.77248798090649,-8.288892187874705,-8.48359579303178
156,92,92,2020-06-29,784000.0,-26000.0,174433,18514,19695,-1181,21207,46954,-25747,26928,134712,107784,77.22850607396536,8.480050829601282,61.791060177833316,-5.170898724078492,15.43744589613204,-0.6770507874083459,-14.760395108723696
157,91,91,2020-06-30,775000.0,-9000.0,230619,22449,26232,-3783,49623,49960,-337,4120,158547,154427,68.74845524436408,-11.888301406826784,66.96195890191181,-0.020437746083288744,1.7864963424522695,-1.6403678794895478,-0.14612846296272206
158,90,90,2020-07-01,752000.0,-23000.0,225298,13507,13539,-32,30118,60849,-30731,30763,181673,150910,80.63675665119086,20.055089259658295,66.9823966479951,-9.795524436604254,13.654360003195768,-0.014203410593968875,-13.640156592601798
159,89,89,2020-07-02,786000.0,34000.0,266716,39958,12652,27306,65177,49285,15892,-43198,161581,204779,60.58166739153258,-27.535043954713448,76.77792108459936,35.414986790211216,-16.196253693066787,10.237855996640622,5.958397696426162
160,88,88,2020-07-03,771000.0,-15000.0,225308,11868,22555,-10687,14906,109559,-94653,105340,198534,93194,88.11671134624599,7.759803746988581,41.36293429438813,-13.47428150695726,46.7537770518579,-4.743284747989419,-42.010492303868475
161,87,87,2020-07-06,754000.0,-17000.0,250485,22329,13848,8481,26874,99278,-72404,63923,201282,137359,80.35690759925744,18.827575622316104,54.83721580134539,7.152939696713943,25.51969179791205,3.385831486915384,-28.90552328482743
162,86,86,2020-07-07,751000.0,-3000.0,253614,17755,18159,-404,79812,114521,-34709,35113,156047,120934,61.52933197694135,-14.212347378404242,47.68427610463144,-11.657372658830715,13.845055872309887,-0.1592971996814056,-13.685758672628484
163,85,85,2020-07-08,736000.0,-15000.0,287658,19030,26755,-7725,50751,90202,-39451,47176,217877,170701,75.74167935534557,11.963913518987546,59.34164876346215,-9.172246978173293,16.400030591883418,-2.6854806749681908,-13.714549916915223
164,84,84,2020-07-09,741000.0,5000.0,204703,26478,16022,10456,47670,48431,-761,-9695,130555,140250,63.77776583635804,-7.504021987941988,68.51389574163545,5.3192729143385975,-4.7361299052774015,5.107888013365706,-0.3717581080883036
165,83,83,2020-07-10,731000.0,-10000.0,163506,9097,21092,-11995,37859,39087,-1228,13223,116550,103327,71.28178782430003,1.7349842094002383,63.19462282729685,1.5062245213642882,8.087164997003168,-7.336122221814491,-0.7510427751886781
166,82,82,2020-07-13,730000.0,-1000.0,179922,16265,11780,4485,38527,57151,-18624,14139,125130,110991,69.54680361489979,-7.1213558118803215,61.68839830593257,-1.7623523952718545,7.858405308967218,2.4927468569713542,-10.351152165938574
167,81,81,2020-07-14,735000.0,5000.0,169708,19402,14075,5327,20194,47952,-27758,22431,130112,107681,76.66815942678011,1.2249611093503177,63.450750701204434,-2.715606259414109,13.217408725575694,3.1389209701369416,-16.356329695712635
168,80,80,2020-07-15,749000.0,14000.0,167363,20392,12987,7405,20707,43638,-22931,15526,126264,110738,75.4431983174298,-6.6077152006080695,66.16635696061853,9.115654807235423,9.276841356811245,4.424514378924852,-13.701355735736096
169,79,79,2020-07-16,732000.0,-17000.0,118279,10779,12637,-1858,10451,38163,-27712,29570,97049,67479,82.05091351803786,15.561090428856248,57.05070215338312,-14.354431017227235,25.00021136465476,-1.5708621141538228,-23.42934925050093
170,78,78,2020-07-17,743000.0,11000.0,148719,8951,15549,-6598,40885,26977,13908,-7310,98883,106193,66.48982308918161,16.51944627181247,71.40513317061034,30.657265777607698,-4.915310081428736,-4.436554845043337,9.351864926472073
171,77,77,2020-07-20,739000.0,-4000.0,190729,11066,16219,-5153,84355,96792,-12437,17590,95308,77718,49.970376817369136,-14.738352923989568,40.747867393002636,-29.797621921908675,9.222509424366507,-2.701739116757284,-6.520770307609227
172,76,76,2020-07-21,750000.0,11000.0,167336,28549,17188,11361,30506,32100,-1594,-9767,108281,118048,64.70872974135871,-2.0691863885584207,70.54548931491131,-12.100670158191164,-5.836759573552612,6.7893340345173785,-0.9525744609647656
173,75,75,2020-07-22,790000.0,40000.0,371837,45433,23119,22314,78099,41409,36690,-59004,248305,307309,66.77791612991713,-16.201835789987584,82.64615947310246,10.400431603710814,-15.86824334318532,6.001016574466768,9.86722676871855
174,74,74,2020-07-23,775000.0,-15000.0,200661,12997,18048,-5051,21156,37644,-16488,21539,166508,144969,82.9797519199047,6.402629823680996,72.24572786939166,-4.059595261732427,10.734024050513057,-2.5171807177279093,-8.216843332785144
175,73,73,2020-07-24,755000.0,-20000.0,145328,13363,18400,-5037,20677,16035,4642,395,111288,110893,76.57712209622372,0.1431509678389915,76.30532313112408,12.4610419318416,0.2717989650996367,-3.465952879004734,3.1941539139050974
176,72,72,2020-07-27,754000.0,-1000.0,93656,16118,7004,9114,5953,26858,-20905,11791,71585,59794,76.43397112838473,26.38925587511753,63.84428119928248,15.085576629979803,12.589689929102244,9.731357307593749,-22.321047236695996
177,71,71,2020-07-28,761000.0,7000.0,167728,16002,18478,-2476,67787,67468,319,2157,83939,81782,50.044715253267185,-33.80167956738753,48.75870456930268,-0.8309158556960128,1.2860106839645142,-1.4761995611943146,0.19018887722980066
178,70,70,2020-07-29,741000.0,-20000.0,191530,17463,40374,-22911,13476,56177,-42701,65612,160591,94979,83.84639482065472,5.797002469222008,49.589620424998685,-19.530404103934288,34.25677439565603,-11.96209471101133,-22.294679684644702
179,69,69,2020-07-30,736000.0,-5000.0,143504,14162,22129,-7967,17338,22185,-4847,12814,112004,99190,78.04939235143272,6.3977217384361325,69.12002452893299,13.659882461056116,8.92936782249972,-5.551761623369384,-3.3776061991303377
180,68,68,2020-07-31,733000.0,-3000.0,95025,7378,18477,-11099,19560,23847,-4287,15386,68087,52701,71.65167061299658,-6.2222032608772935,55.460142067876866,-10.414342586268805,16.191528545119706,-11.68008418837148,-4.511444356748224
181,67,67,2020-08-03,736000.0,3000.0,163725,13266,15834,-2568,22960,40038,-17078,19646,127499,107853,77.87387387387388,6.333516737584631,65.87448465414568,0.2511512595119143,11.999389219728204,-1.5684837379752634,-10.430905481752939
182,66,66,2020-08-04,735000.0,-1000.0,108754,13755,11865,1890,17196,25521,-8325,6435,77803,71368,71.54035713628923,6.9308329612347865,65.62333339463376,-19.946668236546728,5.9170237416554805,1.737867112933777,-7.654890854589256
183,65,65,2020-08-05,787000.0,52000.0,521095,42420,12454,29966,141998,62740,79258,-109224,336677,445901,64.60952417505446,-18.25590481665641,85.57000163118049,21.327560488132136,-20.960477456126046,5.750582907147449,15.20989454897859
184,64,64,2020-08-06,778000.0,-9000.0,286882,26843,21859,4984,22313,80723,-58410,53426,237726,184300,82.86542899171087,-4.387889989272267,64.24244114304835,-5.554233895822589,18.622987848662515,1.7372996563046827,-20.3602875049672
185,63,63,2020-08-07,768000.0,-10000.0,167220,7510,17828,-10318,13805,32678,-18873,29191,145905,116714,87.25331898098314,5.8952407961057816,69.79667503887093,-7.983603734615755,17.456643942112187,-6.1703145556751595,-11.286329386437027
186,62,62,2020-08-10,771000.0,3000.0,177707,15030,16113,-1083,18098,23373,-5275,6358,144579,138221,81.35807818487736,7.077039214287198,77.7802787734867,-13.391124057442866,3.5777994113906604,-0.6094301293702555,-2.9683692820204044
187,61,61,2020-08-11,804000.0,33000.0,761446,51176,31801,19375,144660,35424,109236,-128611,565610,694221,74.28103897059015,-2.578844462862748,91.17140283092957,5.687646400306648,-16.890363860339402,2.544500857578869,14.345863002760536
188,60,60,2020-08-12,843000.0,39000.0,760424,42405,35497,6908,133558,74888,58670,-65578,584461,650039,76.85988343345291,-6.432454918466946,85.48375643062292,21.01534895597748,-8.62387299717,0.908440554217121,7.715432442952879
189,59,59,2020-08-13,820000.0,-23000.0,366305,31759,47143,-15384,29442,83011,-53569,68953,305104,236151,83.29233835191984,4.7416739960561936,64.46840747464545,-4.272435968451035,18.823930877274407,-4.199778872797259,-14.624152004477146
190,58,58,2020-08-14,800000.0,-20000.0,216375,15307,14818,489,31104,52819,-21715,21226,169964,148738,78.55066435586366,18.604349708219747,68.74084344309648,-12.196811683670814,9.809820912767185,0.22599653379549395,-10.03581744656268
191,57,57,2020-08-18,802000.0,2000.0,271955,46864,13065,33799,62064,38776,23288,-57087,163027,220114,59.946314647643916,-11.58699913378355,80.9376551267673,7.996604122954679,-20.991340479123387,12.428159070434447,8.563181408688937
192,56,56,2020-08-19,809000.0,7000.0,150028,17584,10650,6934,25124,29946,-4822,-2112,107320,109432,71.53331378142747,8.588093001561994,72.94105100381263,1.2336370694881111,-1.4077372223851548,4.621803929933079,-3.214066707547925
193,55,55,2020-08-20,794000.0,-15000.0,201445,48394,27267,21127,26251,29727,-3476,-17651,126800,144451,62.945220779865465,-1.8373696851435497,71.7074139343245,1.933698754093328,-8.762193154459034,10.487726178361338,-1.725533023902306
194,54,54,2020-08-21,799000.0,5000.0,143094,13049,18854,-5805,37345,24398,12947,-7142,92700,99842,64.78259046500902,5.644940059618001,69.77371518023118,-15.8459322132491,-4.991124715222162,-4.056773868925322,9.047898584147484
195,53,53,2020-08-24,820000.0,21000.0,131478,30869,10748,20121,22856,8159,14697,-34818,77753,112571,59.137650405391035,-22.2955805999812,85.61964739348028,24.349501576135694,-26.48199698808926,15.303700999406743,11.178295988682518
196,52,52,2020-08-25,815000.0,-5000.0,104240,10701,17407,-6706,8653,22965,-14312,21018,84886,63868,81.43323100537222,3.32967023904628,61.27014581734459,-7.98982373523652,20.16308518802763,-6.4332310053722175,-13.72985418265541
197,51,51,2020-08-26,812000.0,-3000.0,101158,10272,17499,-7227,11878,13597,-1719,8946,79008,70062,78.10356076632594,-2.060604124155219,69.25996955258111,-6.813677901049104,8.843591213744835,-7.144269360801914,-1.6993218529429208
198,50,50,2020-08-27,801000.0,-11000.0,132306,10246,19082,-8836,15998,12574,3424,5412,106062,100650,80.16416489048116,4.520923051533927,76.07364745363022,9.781018630400569,4.090517436850936,-6.678457515154264,2.5879400783033266
199,49,49,2020-08-28,799000.0,-2000.0,100079,12434,15474,-3040,11942,18260,-6318,9358,75703,66345,75.64324183894723,-5.563631095662289,66.29262882322965,6.320966408627663,9.350613015717585,-3.0376002957663446,-6.313012719951239
200,48,48,2020-08-31,778000.0,-21000.0,233612,24670,22611,2059,19233,70900,-51667,49608,189709,140101,81.20687293460952,10.618927327734669,59.971662414602,-5.063702966106796,21.23521052000753,0.8813759567145524,-22.116586476722087
201,47,47,2020-09-01,781000.0,3000.0,162447,19170,14217,4953,28609,42582,-13973,9020,114668,105648,70.58794560687485,-8.412897094220654,65.03536538070878,5.684298224321481,5.5525802261660715,3.04899444126392,-8.601574667429992
202,46,46,2020-09-02,770000.0,-11000.0,188679,10591,13649,-3058,29030,63047,-34017,37075,149058,111983,79.00084270109551,18.226282791952976,59.3510671563873,-3.9046587569195386,19.649775544708213,-1.620742106964739,-18.02903343774347
203,45,45,2020-09-03,779000.0,9000.0,132075,11834,19369,-7535,39973,29161,10812,-3277,80268,83545,60.77455990914253,-6.744275611326338,63.255725913306854,0.701781463079854,-2.4811660041643004,-5.7050918038993,8.1862578080636
204,44,44,2020-09-04,773000.0,-6000.0,124897,24280,21545,2735,16288,25224,-8936,6201,84329,78128,67.51883552046887,0.34034386442462505,62.553944450226965,-2.49031886092596,4.96489107024188,2.189804398824632,-7.154695469066511
205,43,43,2020-09-07,776000.0,3000.0,85511,12078,11275,803,15988,18616,-2628,1825,57445,55620,67.17849165604424,-12.955185152421961,65.04426331115296,8.007432565486999,2.1342283448913006,0.9390604717521722,-3.0732888166434726
206,42,42,2020-09-08,774000.0,-2000.0,71815,8151,18211,-10060,6116,12643,-6527,16587,57548,40961,80.1336768084662,14.803491780983052,57.03683074566594,2.765715161551988,23.09684606280025,-14.008215553853653,-9.0886305089466
207,41,41,2020-09-09,759000.0,-15000.0,129170,6810,33573,-26763,37973,25495,12478,14285,84387,70102,65.33018502748315,16.485710605245938,54.27111558411396,11.353960792203234,11.059069443369202,-20.719207246264613,9.66013780289541
208,40,40,2020-09-10,764000.0,5000.0,84507,18173,27891,-9718,25057,20348,4709,5009,41277,36268,48.84447442223721,-2.67334828725538,42.917154791910725,-7.06631719310387,5.9273196303264815,-11.499639083152877,5.5723194528263935
209,39,39,2020-09-11,761000.0,-3000.0,72604,9294,13618,-4324,25906,22696,3210,1114,37404,36290,51.5178227094926,2.9835152702770604,49.9834719850146,4.095571882681668,1.53435072447799,-5.955594733072558,4.421244008594568
210,38,38,2020-09-14,763000.0,2000.0,77199,11886,23138,-11252,27845,18636,9209,2043,37468,35425,48.534307439215524,-6.036758306870759,45.88790010233293,-17.392040991905617,2.6464073368826018,-14.575318333139029,11.928910996256429
211,37,37,2020-09-15,773000.0,10000.0,93709,7217,16187,-8970,35354,18223,17131,-8161,51138,59299,54.57106574608629,-1.571786037685328,63.279941094238545,-2.3425970758481114,-8.708875348152258,-9.572186236113927,18.281061584266187
212,36,36,2020-09-16,776000.0,3000.0,79971,8217,17387,-9170,26856,10105,16751,-7581,44898,52479,56.14285178377162,-14.969175254395068,65.62253817008666,23.89967937856082,-9.47968638631504,-11.466656663040352,20.94634304935539
213,35,35,2020-09-17,757000.0,-19000.0,121310,15888,22134,-6246,19156,48562,-29406,35652,86266,50614,71.11202703816669,9.024276062041253,41.722858791525844,-13.957188124226436,29.38916824664084,-5.148792350177232,-24.240375896463604
214,34,34,2020-09-18,758000.0,1000.0,64797,7504,11961,-4457,17062,16757,305,4152,40231,36079,62.08775097612544,-20.141370414746962,55.68004691575228,-9.181797232027918,6.407704060373166,-6.878404864422736,0.4707008040495702
215,33,33,2020-09-21,740000.0,-18000.0,96630,9798,19007,-9209,7374,14947,-7573,16782,79458,62676,82.22912139087241,-5.5347870256199485,64.86184414778019,-4.51563490529297,17.367277243092207,-9.5301666149229,-7.837110628169307
216,32,32,2020-09-22,731000.0,-9000.0,174966,6654,26487,-19833,14755,27092,-12337,32170,153557,121387,87.76390841649234,4.160383392430745,69.37747905307316,15.623368530134435,18.38642936341918,-11.335345152772536,-7.05108421064664
217,31,31,2020-09-23,705000.0,-26000.0,199488,10329,51252,-40923,22380,41003,-18623,59546,166779,107233,83.6035250240616,8.697763331530865,53.75411052293872,-12.511797225544337,29.84941450112288,-20.51401588065448,-9.3353986204684
218,30,30,2020-09-24,673000.0,-32000.0,186230,11402,27141,-15739,35331,35682,-351,16090,139497,123407,74.90576169253073,8.091148884360436,66.26590774848307,-2.3002653576537995,8.639853944047683,-8.451377329109166,-0.1884766149385169
219,29,29,2020-09-25,675000.0,2000.0,109274,10884,14557,-3673,25379,19792,5587,-1914,73011,74925,66.8146128081703,0.8138710184339715,68.56617310613686,1.3903689386272475,-1.7515602979665794,-3.36127532624412,5.1128356242107005
220,28,28,2020-09-28,685000.0,10000.0,59316,8885,5683,3202,11282,13787,-2505,-697,39149,39846,66.00074178973632,-0.6384471844780393,67.17580416750961,23.59473774380359,-1.175062377773282,5.398206217546699,-4.223143839773417
221,27,27,2020-09-29,690000.0,5000.0,69147,10674,18560,-7886,12394,20452,-8058,15944,46079,30135,66.63918897421436,1.7596587632123146,43.581066423706034,-4.5132943811530755,23.058122550508337,-11.404688562048968,-11.653433988459371
222,26,26,2020-10-05,685000.0,-5000.0,69478,10692,19056,-8364,13709,17007,-3298,11662,45077,33415,64.87953021100205,2.08803095944608,48.09436080485909,-35.36699584841436,16.785169406142952,-12.038343072627304,-4.746826333515645
223,25,25,2020-10-06,712000.0,27000.0,101544,16569,9551,7018,21214,7243,13971,-20989,63761,84750,62.79149925155597,9.235908320757524,83.46135665327346,18.28386137207817,-20.669857401717483,6.911289687229181,13.7585677144883
224,24,24,2020-10-07,721000.0,9000.0,87946,28380,14113,14267,12466,16512,-4046,-10221,47100,57321,53.55559093079845,-13.908307986169063,65.17749528119528,12.602638623730847,-11.621904350396836,16.222454688104065,-4.6005503377072285
225,23,23,2020-10-08,715000.0,-6000.0,75344,13477,19917,-6440,11037,15815,-4778,11218,50830,39612,67.46389891696751,28.83260888952012,52.57485665746443,-9.637403177851214,14.889042259503078,-8.547462306222128,-6.3415799532809505
226,22,22,2020-10-12,719000.0,4000.0,54650,13689,8319,5370,19849,12332,7517,-12887,21112,33999,38.63129002744739,0.8715350760045979,62.212259835315635,-5.456298067848415,-23.58096980786825,9.826166514181153,13.7548032936871
227,21,21,2020-10-13,723000.0,4000.0,57458,15714,13625,2089,20048,4952,15096,-17185,21696,38881,37.759754951442794,-27.239161088075317,67.66855790316406,22.49837610750609,-29.908802951721253,3.6356991193567474,26.273103832364512
228,20,20,2020-10-14,707000.0,-16000.0,64578,6922,13020,-6098,15681,22388,-6707,12805,41975,29170,64.99891603951811,18.739742959152967,45.17018179565797,-7.441535882284883,19.828734243860136,-9.4428443123045,-10.38588993155564
229,19,19,2020-10-15,704000.0,-3000.0,67044,14646,15815,-1169,21384,15956,5428,-4259,31014,35273,46.259173080365144,-28.02227587682476,52.61171767794285,-2.390697250706985,-6.35254459757771,-1.7436310482668098,8.09617564584452
230,18,18,2020-10-16,687000.0,-17000.0,113875,10784,31936,-21152,18503,19305,-802,21954,84588,62634,74.28144895718991,18.400295843238307,55.002414928649856,4.256222380376784,19.279034028540064,-18.574753018660807,-0.7042810098792536
231,17,17,2020-10-19,686000.0,-1000.0,58832,20243,12600,7643,5713,16377,-10664,3021,32876,29855,55.88115311395158,-13.809919320015767,50.74619254827305,-0.6613617343638509,5.134960565678543,12.991229262986131,-18.12618982866467
232,16,16,2020-10-20,682000.0,-4000.0,81702,15015,9186,5829,9748,30515,-20767,14938,56939,42001,69.69107243396735,6.059752943581303,51.4075542826369,0.7299896739171317,18.283518151330444,7.134464272600425,-25.41798242393087
233,15,15,2020-10-21,688000.0,6000.0,46859,11759,14824,-3065,5283,8288,-3005,6070,29817,23747,63.63131949038605,-24.42571864220993,50.67756460871978,16.610087704769327,12.953754881666276,-6.540899293625557,-6.412855588040718
234,14,14,2020-10-22,658000.0,-30000.0,186612,15767,63281,-47514,6520,59757,-53237,100751,164325,63574,88.05703813259598,14.780493368447909,34.06747690395044,-14.334963853862211,53.989561228645535,-25.46138511992798,-28.528176108717552
235,13,13,2020-10-23,636000.0,-22000.0,196988,22778,47041,-24263,29864,54600,-24736,48999,144346,95347,73.27654476414807,7.88505237247108,48.402440757812656,-9.739915316978347,24.87410400633541,-12.316993928564177,-12.557110077771235
236,12,12,2020-10-26,630000.0,-6000.0,189595,17005,33255,-16250,48611,46105,2506,13744,123979,110235,65.39149239167699,12.724189722028404,58.142356074791,-2.7637917802628778,7.249136316885995,-8.57090113135895,1.3217648144729557
237,11,11,2020-10-27,635000.0,5000.0,127882,14657,12079,2578,45873,37915,7958,-10536,67352,77888,52.66730266964858,-15.372233057591169,60.90614785505388,16.14735206252577,-8.238845185405296,2.0159209271046747,6.222924258300622
238,10,10,2020-10-28,637000.0,2000.0,55140,6483,12697,-6214,11140,17763,-6623,12837,37517,24680,68.03953572723975,12.914430282645498,44.758795792528105,-33.911838469160465,23.280739934711644,-11.26949582879942,-12.011244105912226
239,9,9,2020-10-29,697000.0,60000.0,301106,47551,14924,32627,87570,49300,38270,-70897,165985,236882,55.12510544459426,-1.4574361467474188,78.67063426168858,10.493087613285738,-23.545528817094308,10.835718982683838,12.709809834410471
240,8,8,2020-10-30,682000.0,-15000.0,251134,52744,13609,39135,56292,66308,-10016,-29119,142098,171217,56.582541591341666,-4.312216368487442,68.17754664840284,0.5030676661280609,-11.595005057061169,15.583314087300007,-3.988309030238837
