,Unnamed: 0,Unnamed: 0.1,날짜,종가,대비,거래량,기관 매수,기관 매도,기관 순매수,외국인 매수,외국인 매도,외국인 순매수,개인 순매수,개인 매수,개인 매도,개인매수비율(%),개인매수비율증가(%p),개인매도비율(%),개인매도비율증가(%p),개인 순매수비율,기관 순매수비율,외국인 순매수비율
15,233,233,2019-12-02,175500.0,1500.0,346391,75226,41870,33356,86988,87048,-60,-33296,184177,217473,53.170261352055924,3.349760577264341,62.782520331070955,-1.970773409594728,-9.612258979015042,9.62958044521942,-0.017321466204375982
16,232,232,2019-12-03,174500.0,-1000.0,285238,72710,36979,35731,70421,63558,6863,-42594,142107,184701,49.820500774791576,-10.11727554746158,64.75329374066568,3.2491649891159327,-14.932792965874114,12.526732062347937,2.4060609035261784
17,231,231,2019-12-04,171000.0,-3500.0,427490,65547,41061,24486,105715,123505,-17790,-6696,256228,262924,59.93777632225316,-0.5856998647865694,61.50412875154975,-4.771812237532608,-1.5663524292965918,5.727853283117733,-4.161500853821142
18,230,230,2019-12-05,168500.0,-2500.0,581994,65702,53017,12685,164049,143255,20794,-33479,352243,385722,60.523476187039726,2.381012333456788,66.27594098908236,0.7382417355699573,-5.752464802042633,2.1795757344577438,3.572889067584889
19,229,229,2019-12-06,170000.0,1500.0,337447,56932,61592,-4660,84315,54700,29615,-24955,196200,221155,58.14246385358294,6.754120507926742,65.5376992535124,17.927371157394102,-7.3952353999294695,-1.3809576022308692,8.776193002160339
20,228,228,2019-12-09,168000.0,-2000.0,346240,72564,83265,-10701,95749,98129,-2380,13081,177927,164846,51.3883433456562,0.15653221261916886,47.610328096118295,8.150827983305247,3.778015249537893,-3.0906307763401113,-0.6873844731977818
21,227,227,2019-12-10,166500.0,-1500.0,558446,78606,57224,21382,193738,280862,-87124,65742,286102,220360,51.23181113303704,-1.960674611663144,39.459500112813046,-7.32470229181466,11.77231102022398,3.828839314812892,-15.60115033503687
22,226,226,2019-12-11,164500.0,-2000.0,484732,97608,71599,26009,129283,186355,-57072,31063,257841,226778,53.19248574470017,16.81135033755529,46.78420240462771,-2.3795446822920496,6.408283340072452,5.365645346294447,-11.7739286863669
23,225,225,2019-12-12,171000.0,6500.0,961611,309425,260231,49194,302341,228616,73725,-122919,349845,472764,36.38113540714488,-13.937869291652856,49.163747086919756,1.8089265260406504,-12.782611679774876,5.115790064797512,7.6668216149773665
24,224,224,2019-12-13,172000.0,1000.0,611433,176382,107995,68387,127384,213895,-86511,18124,307667,289543,50.31900469879774,-10.367851034017264,47.354820560879105,-1.0600066373941601,2.9641841379186267,11.18470870888552,-14.148892846804149
25,223,223,2019-12-16,170000.0,-2000.0,349331,78379,44506,33873,58954,135697,-76743,42870,211998,169128,60.686855732815005,6.825969331590599,48.41482719827328,-23.249145737572732,12.272028534541738,9.69653423257598,-21.96856276711772
26,222,222,2019-12-17,179000.0,9000.0,956542,220089,95596,124493,221251,175450,45801,-170294,515202,685496,53.860886401224406,-9.868757041117236,71.663972935846,18.69125111910739,-17.80308653462159,13.014901593448064,4.788184941173518
27,221,221,2019-12-18,177500.0,-1500.0,568183,121594,99990,21604,84488,167211,-82723,61119,362101,300982,63.72964344234164,-1.9864838853135185,52.972721816738606,-23.14470509267537,10.756921625603018,3.8022960912241297,-14.559217716827149
28,220,220,2019-12-19,180500.0,3000.0,688837,139141,70001,69140,97019,94511,2508,-71648,452677,524325,65.71612732765516,10.515487972218018,76.117426909414,1.5914738882968182,-10.40129958175882,10.03720764128524,0.3640919404735808
29,219,219,2019-12-20,182000.0,1500.0,553057,124600,50352,74248,123166,90534,32632,-106880,305291,412171,55.20063935543715,-4.3086911400830985,74.52595302111719,-6.103220416126604,-19.325313665680028,13.425017674489247,5.900295991190783
30,218,218,2019-12-23,186500.0,4500.0,872033,220870,73650,147220,132222,95270,36952,-184172,518941,703113,59.50933049552024,-12.314738061487935,80.6291734372438,-0.606149544775775,-21.119842941723537,16.88238862520111,4.237454316522425
31,217,217,2019-12-24,185000.0,-1500.0,684744,113690,73091,40599,79243,55399,23844,-64443,491811,556254,71.82406855700819,-4.361482836366548,81.23532298201955,-9.038452099379851,-9.411254425011393,5.929077144158986,3.4821772808524063
32,216,216,2019-12-26,189500.0,4500.0,2138836,356934,93340,263594,152418,114688,37730,-301324,1629484,1930808,76.18555139337472,-2.382047500183603,90.2737750813994,18.643266871971893,-14.0882236880247,12.324180068037007,1.7640436199876943
33,215,215,2019-12-27,184000.0,3000.0,1406310,215567,265698,-50131,85839,133265,-47426,97557,1104904,1007347,78.56759889355833,11.186095368309523,71.63050820942752,14.439455256818526,6.937090684130809,-3.5647190164330764,-3.3723716676977338
34,214,214,2019-12-30,181000.0,-3000.0,527906,115537,93071,22466,56658,132920,-76262,53796,355711,301915,67.38150352524879,1.2527150860391174,57.191052952609,3.4528689590159303,10.190450572639827,4.255681882759431,-14.446132455399257
35,213,213,2020-01-02,180000.0,-1000.0,621826,116056,157291,-41235,94564,130377,-35813,77048,411206,334158,66.12878843920969,-0.5513978097688153,53.73818399359306,2.308287378240572,12.390604445616619,-6.631276273426972,-5.7593281721896465
36,212,212,2020-01-03,177500.0,-2500.0,498043,77362,173752,-96390,88585,68148,20437,75953,332096,256143,66.6801862489785,0.6374766350551937,51.42989661535249,-16.633877417716946,15.250289633626013,-19.353750579769216,4.103460946143205
37,211,211,2020-01-06,173000.0,-4500.0,575093,112853,121399,-8546,82433,62264,20169,-11623,379807,391430,66.04270961392331,11.525042337248578,68.06377403306944,7.002841004958782,-2.021064419146121,-1.4860205218981974,3.507084941044318
38,210,210,2020-01-07,178000.0,5000.0,457371,96069,96421,-352,111954,81675,30279,-29927,249348,279275,54.51766727667473,-7.133962133505713,61.060933028110654,-8.778033665488422,-6.543265751435923,-0.07696159135581399,6.620227342791737
39,209,209,2020-01-08,173000.0,-5000.0,891120,157146,176411,-19265,184584,92360,92224,-72959,549390,622349,61.651629410180426,-2.0524663631662388,69.83896669359908,24.50137334538136,-8.18733728341862,-2.1618861657240327,10.349223449142652
40,208,208,2020-01-09,177000.0,4000.0,519560,128956,163490,-34534,59623,120514,-60891,95425,330981,235556,63.70409577334668,-1.0786712535386729,45.337593348217716,1.4885651036401413,18.36650242512896,-6.646778042959427,-11.719724382169527
41,207,207,2020-01-10,177500.0,500.0,431127,76006,126384,-50378,75825,115698,-39873,90251,279296,189045,64.78276702688535,-7.272113349871034,43.84902824457758,-9.666621755091382,20.933738782307767,-11.685187891271017,-9.248550891036748
42,206,206,2020-01-13,179500.0,2000.0,453131,61164,83532,-22368,65464,127103,-61639,84007,326503,242496,72.05488037675639,5.296820416698154,53.51564999966897,9.822676155402348,18.53923037708742,-4.936320843199869,-13.602909533887553
43,205,205,2020-01-14,178000.0,-1500.0,506237,72654,144774,-72120,95629,140273,-44644,116764,337954,221190,66.75805996005822,5.478396806753466,43.69297384426662,-1.1660942404628614,23.065086115791612,-14.246291756627825,-8.818794359163789
44,204,204,2020-01-15,176500.0,-1500.0,293546,52094,95031,-42937,61568,66833,-5265,48202,179884,131682,61.279663153304774,-12.65463555891229,44.85906808472948,-20.56431315088215,16.420595068575285,-14.627009054798908,-1.7935860137763755
45,203,203,2020-01-16,180500.0,4000.0,1272730,171524,219905,-48381,160222,220162,-59940,108321,940984,832663,73.93429871221706,-8.364297272048574,65.42338123561163,17.326735667074487,8.510917476605407,-3.8013561399511286,-4.709561336654278
46,202,202,2020-01-17,175000.0,-5500.0,818082,101319,264521,-163202,43493,160091,-116598,279800,673270,393470,82.29859598426562,16.35697997616026,48.09664556853714,-20.72265815768148,34.201950415728504,-19.94934493119272,-14.25260548453578
47,201,201,2020-01-20,172500.0,-2500.0,568512,94401,107540,-13139,99225,69726,29499,-16360,374886,391246,65.94161600810537,2.2460654186680244,68.81930372621862,4.259874544651581,-2.87768771811325,-2.311120961386919,5.188808679500169
48,200,200,2020-01-21,172500.0,0.0,413021,64103,61286,2817,85842,85091,751,-3568,263076,266644,63.69555058943735,14.64477297342566,64.55942918156704,-6.209672210730915,-0.863878592129698,0.6820476440665245,0.18183094806317354
49,199,199,2020-01-22,176500.0,4000.0,380522,122122,69574,52548,71751,41656,30095,-82643,186649,269292,49.050777616011686,-11.186792061645946,70.76910139229796,20.863722720890202,-21.718323776286255,13.809451227524296,7.9088725487619636
50,198,198,2020-01-23,175500.0,-1000.0,349287,77890,119771,-41881,60995,55203,5792,36089,210402,174313,60.23756967765763,-4.0593760787640045,49.905378671407746,-18.171536462925264,10.332191006249877,-11.990426211110062,1.6582352048601867
51,197,197,2020-01-28,170500.0,-5000.0,677942,157516,145443,12073,84530,70977,13553,-25626,435896,461522,64.29694575642164,-4.1004702600322815,68.07691513433302,19.67394918480477,-3.7799693779113848,1.7808308085352431,1.9991385693761412
52,196,196,2020-01-29,171000.0,500.0,490096,76495,198113,-121618,78388,54762,23626,97992,335213,237221,68.39741601645392,-4.54694149786846,48.402965949528244,-4.801749477817246,19.994450066925666,-24.81513825862688,4.820688191701218
53,195,195,2020-01-30,167000.0,-4000.0,632053,94845,161243,-66398,76161,134528,-58367,124765,461047,336282,72.94435751432238,14.117716609352081,53.204715427345505,-4.843461892950515,19.73964208697688,-10.505131689905749,-9.234510397071134
54,194,194,2020-01-31,165000.0,-2000.0,587953,135552,109613,25939,106528,137044,-30516,4577,345873,341296,58.82664090497029,8.944347939705224,58.04817732029601,-5.643267641593868,0.7784635846742852,4.4117471974800715,-5.190210782154356
55,193,193,2020-02-03,166500.0,1500.0,682627,177562,129908,47654,164555,117944,46611,-94265,340510,434775,49.88229296526507,-10.423427853406944,63.691444961889886,28.23082643521386,-13.809151996624804,6.980972038902651,6.828179957722153
56,192,192,2020-02-04,167500.0,1000.0,714181,132549,369294,-236745,150940,91634,59306,177439,430692,253253,60.30572081867203,-14.311520755451115,35.46061852667601,6.822180373444383,24.84510229199601,-33.149159666807144,8.304057374811148
57,191,191,2020-02-05,164500.0,-3000.0,654917,84770,304763,-219993,81466,162596,-81130,301123,488681,187558,74.61724157412313,31.214677190930534,28.63843815323164,-53.31021404823879,45.9788034208915,-33.59097412343854,-12.38782929745296
58,190,190,2020-02-06,172500.0,8000.0,831467,194450,96289,98161,276139,53802,222337,-320498,360878,681376,43.402564383192605,-23.48682391393879,81.94865220147042,30.524332670996717,-38.54608781827781,11.805760180500247,26.740327637777572
59,189,189,2020-02-07,171500.0,-1000.0,430732,87841,122326,-34485,54777,86905,-32128,66613,288114,221501,66.88938829713139,0.8409586136939851,51.4243195304737,-5.5140166716619685,15.465068766657689,-8.006138387674934,-7.458930378982755
60,188,188,2020-02-10,173000.0,1500.0,496142,113683,75643,38040,54765,138004,-83239,45199,327694,282495,66.04842968343739,6.580495534085188,56.938336202135666,3.611078787015863,9.110093481301725,7.667159805055809,-16.777253286357535
61,187,187,2020-02-11,173500.0,500.0,433405,106340,74238,32102,69328,128044,-58716,26614,257737,231123,59.46793414935222,1.955406373702836,53.32725741511981,-0.35046842964305114,6.140676734232415,7.406928854074134,-13.547605588306551
62,186,186,2020-02-12,174000.0,500.0,326275,109711,83287,26424,28915,67851,-38936,12512,187649,175137,57.512527775649396,15.493747273793552,53.67772584476286,-9.219508104985712,3.8348019308865218,8.098689755574286,-11.933491686460806
63,185,185,2020-02-13,178500.0,4500.0,1215090,473581,190550,283031,230943,260282,-29339,-253692,510566,764258,42.01878050185583,-0.7088372474877502,62.89723394974858,-4.056425361376135,-20.87845344789275,23.29300710235456,-2.4145536544618094
64,184,184,2020-02-14,181000.0,2500.0,645545,264401,89845,174556,105318,123484,-18166,-156390,275826,432216,42.72761774934358,-7.959058980814952,66.95365931112471,-6.5343427934395635,-24.22604156178113,27.040097901772924,-2.8140563399917897
65,183,183,2020-02-17,186000.0,5000.0,798265,224277,92615,131662,169374,119021,50353,-182015,404614,586629,50.68667673015853,-17.311862521989447,73.48800210456426,19.2668223508202,-22.801325374405746,16.49352032219877,6.307805052206974
66,182,182,2020-02-18,184500.0,-1500.0,550403,71962,118498,-46536,104175,133470,-29295,75831,374266,298435,67.99853925214798,14.560414135414405,54.221179753744075,3.161712627271207,13.777359498403895,-8.454895776367499,-5.322463722036399
67,181,181,2020-02-19,181500.0,-3000.0,738862,110907,196304,-85397,233121,165299,67822,17575,394834,377259,53.43812511673357,2.043036868241117,51.05946712647287,-6.560146953987669,2.3786579902606984,-11.557909325422068,9.17925133516137
68,180,180,2020-02-20,179000.0,-2500.0,753214,212299,140761,71538,153800,178454,-24654,-46884,387115,433999,51.39508824849246,1.805979999461748,57.619614080460536,-8.49919691824708,-6.224525831968073,9.497699193058015,-3.2731733610899427
69,179,179,2020-02-21,177000.0,-2000.0,448780,101140,99577,1563,125094,52475,72619,-74182,222546,296728,49.589108249030716,-15.706141988392382,66.11881099870762,4.308281122427808,-16.5297027496769,0.3482775524756005,16.1814251972013
70,178,178,2020-02-24,169000.0,-8000.0,768670,188534,126712,61822,78231,166839,-88608,26786,501905,475119,65.29525023742309,9.745866132580296,61.81052987627981,-0.4103486883188694,3.4847203611432733,8.042723145172829,-11.527443506316107
71,177,177,2020-02-25,172500.0,3500.0,568928,174065,103794,70271,78827,111142,-32315,-37956,316036,353992,55.549384104842794,3.2844196611449377,62.220878564598685,9.626590231050487,-6.671494459755893,12.35147505483998,-5.679980595084088
72,176,176,2020-02-26,173000.0,500.0,767937,217753,152520,65233,148822,211526,-62704,-2529,401362,403891,52.26496444369786,2.0818437266963983,52.594288333548185,8.592345569207026,-0.3293238898503393,8.494577029105253,-8.165253139254911
73,175,175,2020-02-27,170500.0,-2500.0,658855,142162,220939,-78777,186059,148007,38052,40725,330634,289909,50.18312071700146,8.813948100453793,44.00194276434117,-13.861423224153025,6.181177952660298,-11.956652070637697,5.775474117977399
74,174,174,2020-02-28,170000.0,-500.0,819064,222549,143755,78794,257675,201371,56304,-135098,338840,473938,41.36917261654767,-2.931686011440476,57.86336598849419,-7.110963298606031,-16.494193371946515,9.620005274313119,6.874188097633397
75,173,173,2020-03-02,175000.0,5000.0,658143,136489,114227,22262,230091,116292,113799,-136061,291563,427624,44.30085862798814,-15.845348495720653,64.97432928710022,20.340594295898875,-20.67347065911208,3.3825475618520597,17.290923097260016
76,172,172,2020-03-03,172500.0,-2500.0,655782,118285,200852,-82567,143069,162230,-19161,101728,394428,292700,60.14620712370879,21.26219690426234,44.633734991201344,-8.851157135562888,15.512472132507447,-12.590617003821393,-2.921855128686057
77,171,171,2020-03-04,174500.0,2000.0,427029,102662,109609,-6947,158321,89024,69297,-62350,166046,228396,38.88401021944645,-3.4634480326622707,53.48489212676423,-23.01443807976552,-14.600881907317769,-1.6268215975964162,16.227703504914185
78,170,170,2020-03-05,182000.0,7500.0,908489,177030,145922,31108,346737,67579,279158,-310266,384722,694988,42.347458252108716,-17.63545155183504,76.49933020652975,19.266555511337927,-34.151871954421026,3.4241471278133253,30.727724826607695
79,169,169,2020-03-06,177500.0,-4500.0,706838,159561,138244,21317,123295,164051,-40756,19439,423982,404543,59.982909803943755,1.21469013981055,57.23277469519182,-4.702088115525271,2.750135108751935,3.015825408367971,-5.765960517119906
80,168,168,2020-03-09,174000.0,-3500.0,992060,236270,135122,101148,172774,242507,-69733,-31415,583016,614431,58.76821966413321,9.046710349271796,61.93486281071711,-5.1626213876566425,-3.1666431465838767,10.195754289055095,-7.029111142471223
81,167,167,2020-03-10,181000.0,7000.0,1203990,275969,170529,105440,329379,225614,103765,-209205,598642,807847,49.7215093148614,-3.0392253794158615,67.09748419837373,14.267706653459154,-17.37597488351232,8.75754782016462,8.618427063347703
82,166,166,2020-03-11,175000.0,-6000.0,816884,198039,232780,-34741,187851,152546,35305,-564,430994,431558,52.760734694277275,0.8958413304449877,52.82977754491458,-5.569886613962075,-0.06904285063729979,-4.2528682162950915,4.321911066932392
83,165,165,2020-03-12,172500.0,-2500.0,1210096,393008,265282,127726,189473,238122,-48649,-79077,627615,706692,51.864893363832294,-14.552682544680376,58.39966415887666,-5.656238789512508,-6.53477079504436,10.555030344699924,-4.020259549655565
84,164,164,2020-03-13,170500.0,-2000.0,2228505,378626,275980,102646,369760,525036,-155276,52630,1480119,1427489,66.41757590851266,0.011432615598394593,64.05590294838916,-3.903895512752384,2.3616729601234905,4.606047552058444,-6.967720512181933
85,163,163,2020-03-16,165500.0,-5000.0,1054288,153265,195485,-42220,200911,142311,58600,-16380,700112,716492,66.40614329291428,10.43669330162733,67.95979846114155,-4.006054890817751,-1.5536551682272774,-4.004598364014386,5.5582535322416655
86,162,162,2020-03-17,168000.0,2500.0,1400196,291788,124645,167143,324726,267888,56838,-223981,783682,1007663,55.969449991286936,-15.305794478658429,71.9658533519593,11.969113225630956,-15.996403360672364,11.937114518253159,4.059288842419203
87,161,161,2020-03-18,157000.0,-11000.0,1214771,115571,196685,-81114,233369,289263,-55894,137008,865831,728823,71.27524446994536,-1.984189528223652,59.996740126328355,-20.27228962139485,11.278504343617026,-6.677307904123492,-4.601196439493534
88,160,160,2020-03-19,140000.0,-17000.0,2890238,374400,207470,166930,398466,362802,35664,-202594,2117372,2319966,73.25943399816902,6.275476185675203,80.26902974772321,4.553391289262905,-7.0095957495541885,5.775648925797807,1.2339468237563826
89,159,159,2020-03-20,152500.0,12500.0,2019176,243711,162285,81426,422941,328059,94882,-176308,1352524,1528832,66.98395781249381,-13.838840193703687,75.71563845846029,-10.736109828012856,-8.731680645966474,4.032635094711902,4.699045551254571
90,158,158,2020-03-23,175000.0,22500.0,6685918,184073,403837,-219764,1098099,501988,596111,-376347,5403746,5780093,80.8227980061975,6.693341668508482,86.45174828647316,-0.25502552613076546,-5.628950280275649,-3.2869682218657186,8.915918502141368
91,157,157,2020-03-24,184000.0,9000.0,3903710,198203,209487,-11284,811708,309442,502266,-490982,2893799,3384781,74.12945633768902,1.1551323340463568,86.70677381260391,13.795459702928154,-12.577317474914887,-0.28905835730625484,12.866375832221145
92,156,156,2020-03-25,183000.0,-1000.0,2334554,199616,357989,-158373,431313,274411,156902,1471,1703625,1702154,72.97432400364265,-1.6849338870601398,72.91131410967577,-4.9920962404618185,0.06300989396689903,-6.7838653550099925,6.720855461043095
93,155,155,2020-03-26,181500.0,-1500.0,2441069,213792,292473,-78681,404793,246920,157873,-79192,1822484,1901676,74.6592578907028,5.907438870797208,77.90341035013758,5.036365206278717,-3.2441524594347806,-3.2232190077380034,6.467371467172784
94,154,154,2020-03-27,184000.0,2500.0,1927549,165726,208881,-43155,436598,314120,122478,-79323,1325225,1404548,68.75181901990561,3.0168060794806024,72.86704514385886,1.7216869014959428,-4.115226123953269,-2.2388535907517784,6.354079714705048
95,153,153,2020-03-30,185000.0,1000.0,937759,154179,119122,35057,167144,151465,15679,-50736,616436,667172,65.735012940425,-22.530300652680424,71.14535824236292,-19.37325437933478,-5.410345301937918,3.7383805434018766,1.6719647585360418
96,152,152,2020-03-31,229000.0,44000.0,11131989,370541,415625,-45084,935763,639842,295921,-250837,9825685,10076522,88.26531359310543,7.430198451420933,90.51861262169771,9.429762594663373,-2.2532990285922847,-0.40499501032564794,2.658294038917933
97,151,151,2020-04-01,198000.0,-31000.0,5208192,339333,424602,-85269,658811,560327,98484,-13215,4210048,4223263,80.83511514168448,29.363806092285838,81.08885002703433,41.09626407617271,-0.25373488534984884,-1.6372092273095922,1.8909441126594408
98,150,150,2020-04-02,195000.0,-3000.0,8664631,715670,280045,435625,3489162,4919376,-1430214,994589,4459799,3465210,51.47130904939864,-32.57720018824831,39.99258595086162,-45.17361269365245,11.47872309853703,5.027623219038412,-16.506346317575442
99,149,149,2020-04-03,196000.0,1000.0,4151869,234652,251159,-16507,427633,364721,62912,-46405,3489584,3535989,84.04850923764695,11.748295023053089,85.16619864451407,-0.322948667691918,-1.117689406867124,-0.3975799814493184,1.5152693883164423
100,148,148,2020-04-06,209000.0,13000.0,2778989,276736,111482,165254,493038,291773,201265,-366519,2009215,2375734,72.30021421459386,-5.999328201005881,85.48914731220599,4.6371829800444715,-13.188933097612116,5.946551065873238,7.242382031738881
101,147,147,2020-04-07,210000.0,1000.0,2206806,169540,208297,-38757,309347,214263,95084,-56327,1727919,1784246,78.29954241559975,9.461460142640206,80.85196433216151,13.103503865581756,-2.552421916561764,-1.7562486235763362,4.308670540138101
102,146,146,2020-04-08,207000.0,-3000.0,1090103,133653,186441,-52788,206044,165134,40910,11878,750406,738528,68.83808227295954,-5.5363658676403285,67.74846046657976,-4.670913384755707,1.089621806379764,-4.842478187840966,3.752856381461201
103,145,145,2020-04-09,210500.0,3500.0,1348849,220486,187736,32750,125164,184285,-59121,26371,1003199,976828,74.37444814059987,-11.18072342991299,72.41937385133545,-3.616668183928141,1.9550742892644024,2.427996017345159,-4.383070306609561
104,144,144,2020-04-10,209500.0,-1000.0,1741966,132765,214287,-81522,118859,203157,-84298,165820,1490342,1324522,85.55517157051285,-2.3995924352172864,76.03604203526359,-13.389463918230705,9.519129535249252,-4.679884682020201,-4.839244853229053
105,143,143,2020-04-13,215500.0,6000.0,3635512,220021,225425,-5404,217885,159012,58873,-53469,3197606,3251075,87.95476400573013,6.638814445884464,89.42550595349432,9.627313667085916,-1.4707419477641663,-0.14864481261511445,1.6193867603792809
106,142,142,2020-04-14,216000.0,500.0,1273985,91807,87117,4690,146225,170251,-24026,19336,1035953,1016617,81.31594955984569,20.61320439300852,79.79819228640841,17.62979298659944,1.5177572734372853,0.3681362025455559,-1.8858934759828407
107,141,141,2020-04-16,215000.0,-1000.0,775217,128405,101242,27163,176234,192035,-15801,-11362,470578,481940,60.70274516683716,-18.50122462868366,62.16839929980896,-10.369146390343246,-1.4656541329718002,3.5039221276107204,-2.0382679946389204
108,140,140,2020-04-17,211000.0,-4000.0,1786490,144185,270511,-126326,227334,220103,7231,119095,1414971,1295876,79.2039697955208,15.721323793876353,72.5375456901522,6.759317318737985,6.666424105368629,-7.071184277549832,0.4047601721812045
109,139,139,2020-04-20,212000.0,1000.0,913363,84949,149122,-64173,248587,163447,85140,-20967,579827,600794,63.48264600164447,-5.740768016043417,65.77822837141423,-11.296336743561554,-2.2955823697697406,-7.0260126587129115,9.321595028482653
110,138,138,2020-04-21,212000.0,0.0,1791508,240209,175766,64443,311156,234945,76211,-140654,1240143,1380797,69.22341401768789,1.6066230207202208,77.07456511497577,2.101881004103518,-7.851151097287872,3.5971371604257416,4.254013936862131
111,137,137,2020-04-22,214000.0,2000.0,1123888,224479,173727,50752,139472,107552,31920,-82672,759937,842609,67.61679099696767,0.4170656633991428,74.97268411087225,9.980999700082151,-7.355893113904588,4.51575245931979,2.8401406545847987
112,136,136,2020-04-23,214000.0,0.0,634952,111037,115344,-4307,97229,106942,-9713,14020,426686,412666,67.19972533356852,-9.463294238142396,64.9916844107901,-9.68314208903901,2.2080409227784146,-0.6783189910418426,-1.5297219317365722
113,135,135,2020-04-24,211500.0,-2500.0,1076656,126825,125183,1642,124434,147482,-23048,21406,825397,803991,76.66301957171092,7.582287743518223,74.67482649982911,0.9225927458268616,1.9881930718818264,0.15250925086564324,-2.1407023227474697
114,134,134,2020-04-27,212500.0,1000.0,486289,104113,65780,38333,46244,61860,-15616,-22717,335932,358649,69.0807318281927,-0.002944036713856235,73.75223375400225,14.081421847526787,-4.671501925809549,7.882761074176057,-3.2112591483665063
115,133,133,2020-04-28,209000.0,-3500.0,726697,86878,98279,-11401,137790,194792,-57002,68403,502029,433626,69.08367586490655,13.941509782163124,59.67081190647546,-4.583307006067444,9.41286395843109,-1.568879464205852,-7.843984494225241
116,132,132,2020-04-29,210500.0,1500.0,654481,102519,100732,1787,191067,133218,57849,-59636,360895,420531,55.14216608274342,-15.804384571280565,64.25411891254289,17.863396824501308,-9.11195282979949,0.27304077582084124,8.838912053978648
117,131,131,2020-05-04,203500.0,-7000.0,860366,106363,178841,-72478,143603,282395,-138792,211270,610400,399130,70.946550654024,16.503988148539598,46.3907220880416,-18.512164894625247,24.555828565982385,-8.424089282933076,-16.131739283049303
118,130,130,2020-05-06,207000.0,3500.0,603987,113818,67313,46505,161343,144669,16674,-63179,328826,392005,54.4425625054844,-10.201050236254039,64.90288698266684,12.05268286454652,-10.460324477182457,7.699669032611629,2.7606554445708267
119,129,129,2020-05-07,204000.0,-3000.0,402708,81695,64798,16897,60688,125078,-64390,47493,260325,212832,64.64361274173844,7.452654315696634,52.85020411812032,-23.742604644351374,11.793408623618104,4.1958441352046645,-15.98925275882277
120,128,128,2020-05-08,210500.0,6500.0,895729,194791,102940,91851,188662,106725,81937,-173788,512276,686064,57.190958426041796,-19.17369552591548,76.59280876247169,13.09474819687047,-19.40185033642988,10.254329155358374,9.147521181071507
121,127,127,2020-05-11,210500.0,0.0,695048,101400,145600,-44200,62877,108106,-45229,89429,530771,441342,76.36465395195728,7.058199713565543,63.498060565601214,-5.706961206262207,12.866593386356053,-6.359273028625362,-6.5073203577306895
122,126,126,2020-05-12,211000.0,500.0,982920,147915,158423,-10508,153778,144267,9511,997,681227,680230,69.30645423839174,14.514856890812945,69.20502177186343,-8.291316870329553,0.10143246652830344,-1.0690595368900826,0.9676270703617792
123,125,125,2020-05-13,215000.0,4000.0,763378,190262,87634,102628,154849,84154,70695,-173323,418267,591590,54.791597347578794,-8.093410136795754,77.49633864219298,3.0085700698947453,-22.7047412946142,13.443929481855648,9.260811812758554
124,124,124,2020-05-14,217000.0,2000.0,959332,209798,153489,56309,146258,91258,55000,-111309,603276,714585,62.88500748437454,-10.030951763467547,74.48776857229824,5.141550448439418,-11.60276108792368,5.869605100215567,5.7331559877081135
125,123,123,2020-05-15,217500.0,500.0,827539,150761,78189,72572,73370,175483,-102113,29541,603408,573867,72.9159592478421,-0.4922050905091879,69.34621812385882,-2.743320230654504,3.5697411239832806,8.769616900230684,-12.339358024213965
126,122,122,2020-05-18,213000.0,-4500.0,988984,97662,132795,-35133,165327,143235,22092,13041,725995,712954,73.40816433835128,7.764080812978038,72.08953835451331,11.615582915294304,1.318625983837959,-3.5524336086326977,2.2338076247947387
127,121,121,2020-05-19,213000.0,0.0,709054,126710,207487,-80777,116892,72774,44118,36659,465452,428793,65.64408352537325,9.660887683813314,60.473955439219026,-23.4226636378212,5.170128086154229,-11.392221184846287,6.22209309869206
128,120,120,2020-05-20,218500.0,5500.0,661979,138014,59680,78334,153368,46921,106447,-184781,370597,555378,55.983195841559926,-5.375051712383467,83.8966190770402,19.01891719130836,-27.91342323548028,11.833305890368125,16.080117345112154
129,119,119,2020-05-21,218500.0,0.0,530139,48780,107268,-58488,156075,78929,77146,-18658,325284,343942,61.358247553943386,-7.339823383352653,64.87770188573185,5.226740492087586,-3.5194543317884555,-11.032578248346189,14.552032580134645
130,118,118,2020-05-22,216000.0,-2500.0,637408,92991,129435,-36444,106530,127753,-21223,57667,437887,380220,68.69807093729605,-2.1595077686411632,59.65096139364426,-10.360870438025684,9.04710954365179,-5.717531000552237,-3.329578543099553
131,117,117,2020-05-25,215000.0,-1000.0,371033,59314,68098,-8784,48814,43168,5646,3138,262905,259767,70.8575787059372,-3.8896323272651614,70.01183183166995,-4.575417658608033,0.8457468742672485,-2.3674444052146306,1.521697530947382
132,116,116,2020-05-26,214500.0,-500.0,482616,84247,64294,19953,37627,58352,-20725,772,360742,359970,74.74721103320238,9.079115743602033,74.58724949027798,17.60175654776541,0.15996154292439538,4.134342831567954,-4.29430437449235
133,115,115,2020-05-27,213000.0,-1500.0,591712,62881,179517,-116636,140265,75005,65260,51376,388566,337190,65.66809528960034,-11.845342325113135,56.98549294251257,-7.056831879982504,8.682602347087771,-19.711616462062626,11.029014114974851
134,114,114,2020-05-28,211000.0,-2000.0,716459,117472,156583,-39111,43635,101039,-57404,96515,555352,458837,77.51343761471348,32.969011460427,64.04232482249508,12.754736402537567,13.471112792218394,-5.458930657581243,-8.012182134637152
135,113,113,2020-05-29,213500.0,2500.0,660343,113305,98016,15289,252892,223653,29239,-44528,294146,338674,44.54442615428648,-27.77667593338731,51.2875884199575,-36.91223827921896,-6.743162265671022,2.315311890941526,4.427850374729497
136,112,112,2020-06-01,227500.0,14000.0,3410255,206007,206367,-360,737914,196049,541865,-541505,2466334,3007839,72.3211020876738,-10.25989288458851,88.19982669917644,25.619638315849556,-15.87872461150266,-0.010556395342870254,15.889281006845527
137,111,111,2020-06-02,224500.0,-3000.0,1115810,107023,144244,-37221,87340,273290,-185950,223171,921447,698276,82.5809949722623,6.0083523371043706,62.580188383326906,-17.558967330350676,20.000806588935394,-3.335782973803784,-16.66502361513161
138,110,110,2020-06-03,227500.0,3000.0,1813508,301899,173759,128140,122958,186419,-63461,-64679,1388651,1453330,76.57264263515793,2.0104943149076746,80.13915571367758,-7.293002256314393,-3.5665130785196424,7.065863508735554,-3.499350430215913
139,109,109,2020-06-04,247000.0,19500.0,3037387,356507,207166,149341,416139,174568,241571,-390912,2264741,2655653,74.56214832025026,-3.2433894829146794,87.43215796999199,3.35064328429091,-12.870009649741702,4.9167590432170805,7.953250606524621
140,108,108,2020-06-05,256500.0,9500.0,2899453,242319,226377,15942,401199,235172,166027,-181969,2255935,2437904,77.80553780316494,-0.03773052982769798,84.08151468570107,10.747570995827427,-6.275976882536121,0.5498278468386968,5.726149035697423
141,107,107,2020-06-08,256000.0,-500.0,1267019,143415,201872,-58457,137315,135992,1323,57134,986289,929155,77.84326833299264,9.241708944857775,73.33394368987364,-6.893320930504827,4.509324643119006,-4.613742966758983,0.10441832363997698
142,106,106,2020-06-09,263500.0,7500.0,1345656,174758,161263,13495,247757,104810,142947,-156442,923141,1079583,68.60155938813486,-4.933163497518351,80.22726462037846,1.913122394509713,-11.625705232243604,1.0028565993091845,10.62284863293442
143,105,105,2020-06-10,268500.0,5000.0,1067682,194791,115982,78809,87774,115554,-27780,-51029,785117,836146,73.5347228856532,-0.6374016165337366,78.31414222586875,-0.14988688936465167,-4.779419340215532,7.38131765825405,-2.601898318038517
144,104,104,2020-06-11,288000.0,19500.0,3934710,411460,550830,-139370,604792,296548,308244,-168874,2918458,3087332,74.17212450218696,-11.607326418313164,78.4640291152334,-2.8132761833881688,-4.2919046130464515,-3.5420653618691085,7.83396997491556
145,103,103,2020-06-12,297500.0,9500.0,3865779,234113,383619,-149506,315622,340159,-24537,174043,3316044,3142001,85.77945092050011,0.7241319015855509,81.27730529862156,-1.0556515069975203,4.50214562187854,-3.8674223229005067,-0.6347232989780326
146,102,102,2020-06-15,274000.0,-23500.0,3141867,229166,290408,-61242,240376,264667,-24291,85533,2672325,2586792,85.05531901891456,11.886731160078199,82.33295680561909,0.5214784520416629,2.7223622132954706,-1.9492231848133608,-0.7731390284821095
147,101,101,2020-06-16,293500.0,19500.0,2041007,222198,181676,40522,325433,189553,135880,-176402,1493376,1669778,73.16858785883636,-6.270464178449272,81.81147835357744,8.78211528499925,-8.642890494741076,1.9853925047782783,6.657497989962798
148,100,100,2020-06-17,289500.0,-4000.0,1647069,135328,175852,-40524,203325,268373,-65048,105572,1308416,1202844,79.43905203728562,7.90518421850399,73.02936306857819,0.2871007592388821,6.409688968707442,-2.4603705127107607,-3.9493184559966825
149,99,99,2020-06-18,287500.0,-2000.0,784181,102513,115711,-13198,120713,98039,22674,-9476,560955,570431,71.53386781878164,5.111826023873078,72.7422623093393,-0.483494915414056,-1.208394490557665,-1.683029810719719,2.891424301277384
150,98,98,2020-06-19,291500.0,4000.0,1087788,108700,188343,-79643,256557,102904,153653,-74010,722531,796541,66.42204179490857,-9.515427124747248,73.22575722475334,-6.100026514353516,-6.803715429844786,-7.321555303055375,14.125270732900159
151,97,97,2020-06-22,297000.0,5500.0,1166332,195702,122446,73256,84947,118684,-33737,-39519,885683,925202,75.93746891965581,-4.108712826047167,79.32578373910687,-6.991987872385025,-3.388314819451065,6.280887431708982,-2.8925726122579163
152,96,96,2020-06-23,318500.0,21500.0,4485322,320356,406586,-86230,574637,207106,367531,-281301,3590329,3871630,80.04618174570298,-1.1388906746509804,86.31777161149189,14.972911273840367,-6.271589865788901,-1.922492967060113,8.194082832849013
153,95,95,2020-06-24,319000.0,500.0,1956218,175134,215945,-40811,192927,344612,-151685,192496,1588157,1395661,81.18507242035396,1.938712841578976,71.34486033765153,6.200022042804887,9.84021208270244,-2.0862194295318823,-7.753992653170557
154,94,94,2020-06-25,316000.0,-3000.0,918369,125491,259910,-134419,65104,60189,4915,129504,727774,598270,79.24635957877499,-2.3710552863272767,65.14483829484664,-7.8537358296625825,14.101521283928356,-14.636709209478976,0.5351879255506229
155,93,93,2020-06-26,312500.0,-3500.0,927851,80644,164526,-83882,89919,86007,3912,79970,757288,677318,81.61741486510226,-1.1904268140527137,72.99857412450922,0.9829034623375892,8.618840740593049,-9.04046016009036,0.4216194194973115
156,92,92,2020-06-29,311000.0,-1500.0,1323237,112118,230583,-118465,115375,139716,-24341,142806,1095744,952938,82.80784167915499,3.9343590118133562,72.01567066217162,-7.8605566503435265,10.792171016983351,-8.952666831414176,-1.8395041855691765
157,91,91,2020-06-30,306000.0,-5000.0,1517136,160026,173179,-13153,160492,132126,28366,-15213,1196618,1211831,78.87348266734162,3.5802415164509966,79.87622731251516,-0.3259561742854231,-1.0027446451735376,-0.8669624872127483,1.8697071323862855
158,90,90,2020-07-01,297500.0,-8500.0,1012051,112380,102752,9628,137665,97612,40053,-49681,762006,811687,75.29324115089062,11.211174246760207,80.20218348680058,-0.1179430194943336,-4.908942335909949,0.951335456414746,3.957606879495204
159,89,89,2020-07-02,308500.0,11000.0,1134489,185867,121408,64459,221618,101858,119760,-184219,727004,911223,64.0820669041304,-15.39343358604377,80.32012650629491,12.308393865425684,-16.238059602164498,5.681765094240668,10.556294507923832
160,88,88,2020-07-03,309500.0,1000.0,760954,116515,132731,-16216,39667,110685,-71018,87234,604772,517538,79.47550049017418,1.854651626274588,68.01173264086923,10.617472106407165,11.46376784930495,-2.131009233146813,-9.332758616158136
161,87,87,2020-07-06,305500.0,-4000.0,759792,116176,76345,39831,53859,247370,-193511,153680,589757,436077,77.6208488638996,13.51201662982642,57.39426053446206,-16.093596799799684,20.226588329437533,5.242355802640723,-25.468944132078253
162,86,86,2020-07-07,308500.0,3000.0,1003857,172667,118497,54170,187629,147647,39982,-94152,643561,737713,64.10883223407318,-9.219147365382996,73.48785733426175,4.3750978366674085,-9.379025100188572,5.3961869070993185,3.982838193089255
163,85,85,2020-07-08,311500.0,3000.0,709785,114528,118433,-3905,74786,100800,-26014,29919,520471,490552,73.32797959945617,0.3356399264856975,69.11275949759435,-8.82990774229408,4.215220101861831,-0.5501665997449932,-3.6650535021168382
164,84,84,2020-07-09,324000.0,12500.0,1637528,264063,207872,56191,178195,153323,24872,-81063,1195270,1276333,72.99233967297047,-11.827430713657932,77.94266723988842,1.3712699135949291,-4.950327566917941,3.431452775158654,1.518874791759286
165,83,83,2020-07-10,324500.0,500.0,1042448,94704,153949,-59245,63542,90282,-26740,85985,884202,798217,84.8197703866284,12.139745000417447,76.57139732629349,-2.1194068799746333,8.248373060334902,-5.683257102512548,-2.565115957822357
166,82,82,2020-07-13,329000.0,4500.0,775224,109913,71980,37933,101878,93214,8664,-46597,563433,610030,72.68002538621096,-5.203060108811116,78.69080420626813,16.49254384018802,-6.010778820057171,4.893166362238528,1.1176124578186435
167,81,81,2020-07-14,324000.0,-5000.0,842821,107958,194540,-86582,78448,124061,-45613,132195,656415,524220,77.88308549502206,0.9201373050526483,62.198260366080106,-7.244327935490914,15.68482512894197,-10.272881193040991,-5.411943935900981
168,80,80,2020-07-15,316000.0,-8000.0,972746,148903,154031,-5128,75189,143215,-68026,73154,748654,675500,76.96294818996942,6.208249192676347,69.44258830157102,-0.1436929683428616,7.52035988839841,-0.5271674208889062,-6.993192467509504
169,79,79,2020-07-16,315000.0,-1000.0,734412,113805,140279,-26474,100976,83083,17893,8581,519631,511050,70.75469899729308,4.984556807651559,69.58628126991388,-17.445672119407902,1.1684177273791825,-3.604788592778985,2.436370865399802
170,78,78,2020-07-17,328000.0,13000.0,1241089,231647,97394,134253,193176,63551,129625,-263878,816266,1080144,65.77014218964152,-23.13238002321229,87.0319533893218,15.079989651567516,-21.26181119968028,10.817354758603132,10.44445644107715
171,77,77,2020-07-20,323000.0,-5000.0,1391199,88618,219245,-130627,65770,170959,-105189,235816,1236811,1000995,88.90252221285381,10.706364892876806,71.95196373775427,2.11823354644136,16.950558475099538,-9.389526588216352,-7.561031886883184
172,76,76,2020-07-21,321500.0,-1500.0,1217900,118787,227111,-108324,146762,140284,6478,101846,952351,850505,78.196157319977,4.367743271898092,69.83373019131291,-8.891663364864186,8.362427128664095,-8.894326299367764,0.5318991707036702
173,75,75,2020-07-22,321500.0,0.0,748686,92330,83905,8425,103613,75375,28238,-36663,552743,589406,73.82841404807891,6.950358785464162,78.7253935561771,1.9272946398852893,-4.896979508098188,1.1253048674611252,3.771674640637063
174,74,74,2020-07-23,322000.0,500.0,707386,130304,134087,-3783,103996,30040,73956,-70173,473086,543259,66.87805526261475,-5.293299682026699,76.7980989162918,6.84716715192576,-9.92004365367706,-0.5347858170786529,10.454829470755714
175,73,73,2020-07-24,319000.0,-3000.0,789309,86818,132281,-45463,132836,104899,27937,17526,569655,552129,72.17135494464145,-3.6985774711443615,69.95093176436605,-6.354779880262001,2.220423180275405,-5.759848170995136,3.5394249907197306
176,72,72,2020-07-27,317000.0,-2000.0,507367,92378,58157,34221,30050,62060,-32010,-2211,384939,387150,75.86993241578581,2.7494121038628947,76.30571164462805,8.077378546508044,-0.4357792288422385,6.7448217956627055,-6.309042566820468
177,71,71,2020-07-28,317500.0,500.0,666062,106037,148130,-42093,72997,63489,9508,32585,487028,454443,73.12052031192292,-14.288209092103331,68.22833309811999,-1.1623276437290857,4.892187213802919,-6.319681951530037,1.4274947377271183
178,70,70,2020-07-29,301500.0,-16000.0,1903406,153269,377892,-224623,86394,204728,-118334,342957,1663743,1320786,87.40872940402625,7.579041060774273,69.3906607418491,-11.192268442424519,18.01806866217717,-11.801108118814378,-6.216960543362792
179,69,69,2020-07-30,300000.0,-1500.0,2723830,254695,300706,-46011,294710,228182,66528,-20517,2174425,2194942,79.82968834325197,4.986229315833327,80.58292918427361,16.037061890229086,-0.7532408410216497,-1.6892023364160025,2.4424431774376516
180,68,68,2020-07-31,296500.0,-3500.0,823746,88814,131928,-43114,118412,160124,-41712,84826,616520,531694,74.84345902741865,1.5583572757815034,64.54586729404453,-10.248026819056081,10.297591733374123,-5.233894914208992,-5.063696819165131
181,67,67,2020-08-03,299000.0,2500.0,1521548,193127,197707,-4580,213353,185816,27537,-22957,1115068,1138025,73.28510175163714,2.4745674302905343,74.79389411310059,5.039349453958465,-1.5087923614634569,-0.3010092353313862,1.809801596794843
182,66,66,2020-08-04,302000.0,3000.0,891486,121723,142574,-20851,138497,127060,11437,9414,631266,621852,70.81053432134661,1.0861804536759363,69.75454465914214,-12.618286321726188,1.0559896622044542,-2.3389038077995616,1.2829141455951074
183,65,65,2020-08-05,315000.0,13000.0,1063211,204523,123117,81406,117371,64297,53074,-134480,741317,875797,69.72435386767067,-4.97490143116454,82.37283098086833,18.711629779450746,-12.648477113197666,7.656617548163066,4.991859565034598
184,64,64,2020-08-06,311000.0,-4000.0,832683,131021,153472,-22451,79654,149115,-69461,91912,622008,530096,74.6992552988352,4.248570041846975,63.661201201417576,-9.886499097088645,11.038054097417623,-2.696224133313638,-8.341829964103987
185,63,63,2020-08-07,314500.0,3500.0,963799,176309,176520,-211,108487,78427,30060,-29849,679003,708852,70.45068525698822,-2.5083630576810663,73.54770029850623,4.994323577719882,-3.0970150415179933,-0.021892531534064674,3.118907573052057
186,62,62,2020-08-10,315000.0,500.0,1221244,212714,253011,-40297,117522,131029,-13507,53804,891008,837204,72.95904831466929,12.403843685896964,68.55337672078635,-0.9951679906508843,4.405671593882959,-3.2996682071723584,-1.1060033867106
187,61,61,2020-08-11,314000.0,-1000.0,693402,175706,103005,72701,97805,108146,-10341,-62360,419891,482251,60.555204628772344,-18.44094118310797,69.54854471143723,-6.948218501616553,-8.99334008266489,10.484682766995192,-1.491342684330302
188,60,60,2020-08-12,302000.0,-12000.0,1121637,154482,164491,-10009,81105,99130,-18025,28034,886050,858016,78.99614581188031,22.09953218943933,76.49676321305378,1.663375268386929,2.499382598826537,-0.8923564397394166,-1.60702615908712
189,59,59,2020-08-13,308500.0,6500.0,1754825,307114,253330,53784,449275,188300,260975,-314759,998436,1313195,56.896613622440974,-3.3024531856592745,74.83338794466684,6.515089155619678,-17.936774322225858,3.0649210035188688,14.871853318706991
190,58,58,2020-08-14,304500.0,-4000.0,1037943,142990,151112,-8122,270121,177726,92395,-84273,624832,709105,60.19906680810026,2.1161760725358505,68.31829878904719,-8.121694233647105,-8.11923198094693,-0.7825092514714199,8.90174123241835
191,57,57,2020-08-18,304000.0,-500.0,1163773,219359,110713,108646,268461,163472,104989,-213635,675953,889588,58.082890735564405,-19.079882103139557,76.43999302269428,14.597197191358411,-18.35710228712988,9.335669413193123,9.021432873936755
192,56,56,2020-08-19,304000.0,0.0,880282,109173,122032,-12859,91859,213859,-122000,134859,679250,544391,77.16277283870396,13.172957956140115,61.84279583133587,-10.367696595678103,15.319977007368093,-1.4607818858047763,-13.859195121563316
193,55,55,2020-08-20,305000.0,1000.0,1708375,245932,258259,-12327,369257,216490,152767,-140440,1093186,1233626,63.98981488256385,-13.757356841812047,72.21049242701397,13.851152515413844,-8.220677544450135,-0.7215628887100315,8.942240433160167
194,54,54,2020-08-21,301000.0,-4000.0,1037558,151877,186916,-35039,79009,245130,-166121,201160,806672,605512,77.74717172437589,24.79356138772228,58.35933991160013,-22.193110990523447,19.38783181277577,-3.3770642219519296,-16.01076759082384
195,53,53,2020-08-24,310000.0,9000.0,814190,140371,124860,15511,242676,33480,209196,-224707,431143,655850,52.95361033665361,-26.349447741839853,80.55245090212358,26.186814705139998,-27.598840565469974,1.9050835799997543,25.693756985470227
196,52,52,2020-08-25,306500.0,-3500.0,600050,83022,142422,-59400,41170,131407,-90237,149637,475858,326221,79.30305807849345,8.63071100421503,54.365636196983566,-22.587433093002442,24.937421881509877,-9.899175068744274,-15.038246812765605
197,51,51,2020-08-26,310500.0,4000.0,1262116,168969,184900,-15931,201180,105979,95201,-79270,891967,971237,70.67234707427843,-12.270870303312307,76.95306928998602,14.096535124405316,-6.2807222157075895,-1.262245308672103,7.5429675243796925
198,50,50,2020-08-27,304500.0,-6000.0,722862,83719,132381,-48662,39578,136115,-96537,145199,599565,454366,82.94321737759073,9.990913920612982,62.85653416558071,-4.1206176632766685,20.086683212010037,-6.7318519994134425,-13.354831212596595
199,49,49,2020-08-28,304500.0,0.0,557944,117500,106298,11202,33411,77951,-44540,33338,407033,373695,72.95230345697777,-3.1442153897003635,66.97715182885736,18.711894465021654,5.9751516281203845,2.007728374173752,-7.982880002294137
200,48,48,2020-08-31,297000.0,-7500.0,1079872,146301,172674,-26373,111826,385995,-274169,300542,821745,521203,76.09651884667812,8.79025891924745,48.265257363835715,-8.524133035834039,27.83126148284241,-2.442233894387483,-25.38902758845493
201,47,47,2020-09-01,298000.0,1000.0,668602,113296,121248,-7952,105295,167659,-62364,70316,450011,379695,67.30625992743067,10.7120778024875,56.78939039966976,-2.903081348157812,10.51686952776091,-1.1893473247163484,-9.32752220304456
202,46,46,2020-09-02,300500.0,2500.0,547657,181572,94916,86656,56143,125831,-69688,-16968,309942,326910,56.594182124943174,-16.113754153232662,59.69247174782757,1.1623196807282596,-3.098289622884397,15.823042524791978,-12.72475290190758
203,45,45,2020-09-03,299500.0,-1000.0,497412,68864,151389,-82525,66890,54887,12003,70522,361658,291136,72.70793627817584,-5.438480556722212,58.53015206709932,-8.563462980299478,14.177784211076533,-16.59087436571695,2.413090154640418
204,44,44,2020-09-04,294000.0,-5500.0,612252,113804,139452,-25648,19995,62018,-42023,67671,478453,410782,78.14641683489805,-5.345914284467356,67.09361504739879,-11.516149495537505,11.052801787499263,-4.189124739486355,-6.86367704801291
205,43,43,2020-09-07,305000.0,11000.0,1016576,105949,129112,-23163,61864,88336,-26472,49635,848763,799128,83.4923311193654,0.6354688793366421,78.60976454293629,-3.7684707936943767,4.882566576429111,-2.278531069000252,-2.604035507428859
206,42,42,2020-09-08,318000.0,13000.0,2698135,313104,242562,70542,149441,232897,-83456,12914,2235590,2222676,82.85686224002876,-5.988463335427254,82.37823533663067,6.573330052932918,0.478626903398088,2.614472589399715,-3.0930994927978035
207,41,41,2020-09-09,298500.0,-19500.0,2482466,156035,337285,-181250,120876,263350,-142474,323724,2205555,1881831,88.845325575456,14.343633873416906,75.80490528369775,11.482135431359804,13.040420291758275,-7.30120775068017,-5.739212541078105
208,40,40,2020-09-10,298500.0,0.0,1246969,215503,273292,-57789,102453,171592,-69139,126928,929013,802085,74.50169170203911,-0.7229208907367166,64.32276985233794,-12.994902604863697,10.178921849701156,-4.634357389798784,-5.5445644599023725
209,39,39,2020-09-11,298500.0,0.0,1022761,168182,135043,33139,85211,96943,-11732,-21407,769368,790775,75.22461259277583,-4.64576648838387,77.31767245720164,15.737698554580682,-2.093059864425804,3.2401509248006133,-1.147091060374809
210,38,38,2020-09-14,296000.0,-2500.0,508097,69186,116200,-47014,33092,79011,-45919,92933,405819,312886,79.87037908115971,9.658632944128698,61.579973902620964,-9.339852091293187,18.290405178538748,-9.252957604551886,-9.037447573986856
211,37,37,2020-09-15,296000.0,0.0,413089,74508,80005,-5497,48544,40122,8422,-2925,290037,292962,70.211746137031,-4.601807855408623,70.91982599391416,2.122673325793741,-0.7080798568831415,-1.3307059737732063,2.038785830656348
212,36,36,2020-09-16,297000.0,1000.0,438867,60709,96547,-35838,49826,40392,9434,26404,328332,301928,74.81355399243962,-12.248132141884296,68.79715266812039,5.175818526145483,6.0164013243192125,-8.16602752086623,2.149626196547018
213,35,35,2020-09-17,291500.0,-5500.0,685924,62158,138788,-76630,26589,110742,-84153,160783,597177,436394,87.06168613432392,10.08180657873598,63.62133414197493,2.541309496583672,23.440351992349008,-11.171791627060726,-12.268560365288284
214,34,34,2020-09-18,291500.0,0.0,754705,92280,114935,-22655,81454,178796,-97342,119997,580971,460974,76.97987955558794,-8.678062826340067,61.080024645391255,-17.759776114372713,15.8998549101967,-3.001835154133072,-12.898019756063626
215,33,33,2020-09-21,278500.0,-13000.0,1074281,88333,154408,-66075,65741,72912,-7171,73246,920207,846961,85.65794238192801,18.320480387434888,78.83980075976396,8.311072034626362,6.818141622164034,-6.1506253950316525,-0.6675162271323797
216,32,32,2020-09-22,268000.0,-10500.0,1337964,156106,177924,-21818,280907,216391,64516,-42698,900951,943649,67.33746199449313,0.6409532146158199,70.5287287251376,-2.0744453905402622,-3.191266730644472,-1.6306866253501588,4.821953355994631
217,31,31,2020-09-23,266000.0,-2000.0,1302410,158573,220615,-62042,275175,136204,138971,-76929,868662,945591,66.6965087798773,-3.7818400973667816,72.60317411567786,-3.3081404640690266,-5.906665335800555,-4.7636305003800645,10.67029583618062
218,30,30,2020-09-24,250000.0,-16000.0,1321525,114437,176259,-61822,275699,142079,133620,-71798,931389,1003187,70.47834887724409,3.1840084102247346,75.9113145797469,0.5930157960430051,-5.4329657025027895,-4.678080248198103,10.111045950700897
219,29,29,2020-09-25,258500.0,8500.0,1251340,170506,157637,12869,238753,151215,87538,-100407,842081,942488,67.29434046701935,-16.540527823445036,75.31829878370387,19.77905957513664,-8.023958316684514,1.0284175364009782,6.995540780283536
220,28,28,2020-09-28,255000.0,-3500.0,1037814,87937,183843,-95906,79827,277577,-197750,293656,870050,576394,83.83486829046439,30.01737420889056,55.53923920856724,-10.993771486822352,28.295629081897143,-9.241154966111461,-19.05447411578568
221,27,27,2020-09-29,257500.0,2500.0,686838,113633,65222,48411,203566,164642,38924,-87335,369639,456974,53.81749408157383,-12.946661349630089,66.53301069538959,14.646767408500345,-12.715516613815774,7.048386955876057,5.667129657939718
222,26,26,2020-10-05,254500.0,-3000.0,639048,111947,112465,-518,100446,195005,-94559,95077,426655,331578,66.76415543120392,4.366923085146588,51.88624328688925,-13.02662986050881,14.877912144314669,-0.0810580738849038,-14.796854070429767
223,25,25,2020-10-06,258000.0,3500.0,556717,116381,103475,12906,92960,91861,1099,-14005,347376,361381,62.39723234605733,-1.232025528142259,64.91287314739806,5.953116123859723,-2.5156408013407168,2.31823350104272,0.19740730029799697
224,24,24,2020-10-07,260500.0,2500.0,492558,138225,70410,67815,40922,131737,-90815,23000,313411,290411,63.62925787419959,-8.095186661674582,58.959757023538344,0.3946779196867425,4.669500850661242,13.767921747286616,-18.43742259794785
225,23,23,2020-10-08,262000.0,1500.0,874989,155969,184054,-28085,91439,178497,-87058,115143,627581,512438,71.72444453587417,-7.906181734574004,58.5650791038516,-20.505807870626505,13.159365432022572,-3.209754636915436,-9.94961079510714
226,22,22,2020-10-12,273500.0,11500.0,774825,115726,83394,32332,42101,78770,-36669,4337,616998,612661,79.63062627044819,-3.2518356408132263,79.07088697447809,18.00257381292349,0.5597392959700578,4.172813215887459,-4.7325525118575165
227,21,21,2020-10-13,270500.0,-3000.0,541433,60153,113939,-53786,32527,96850,-64323,118109,448753,330644,82.8824619112614,8.767383644508628,61.06831316155461,1.3829520000425148,21.814148749706803,-9.93400845533981,-11.880140294366985
228,20,20,2020-10-14,262000.0,-8500.0,585306,56388,87953,-31565,95118,148011,-52893,84458,433800,349342,74.11507826675276,-3.245771267511984,59.6853611615121,-3.1275808723499883,14.429717105240677,-5.392905591263373,-9.036811513977305
229,19,19,2020-10-15,255000.0,-7000.0,627073,76508,90314,-13806,65456,142876,-77420,91226,485109,393883,77.36084953426476,11.012456213218027,62.81294203386209,-1.5571363438644283,14.547907500402665,-2.201657542263819,-12.346249958138845
230,18,18,2020-10-16,256500.0,1500.0,543139,104130,77591,26539,78645,115929,-37284,10745,360364,349619,66.34839332104673,-5.280624856838529,64.3700783777265,15.441592480458992,1.9783149433202185,4.886226177829248,-6.8645411211494665
231,17,17,2020-10-19,255500.0,-1000.0,517772,118439,122137,-3698,28458,142297,-113839,117537,370875,253338,71.62901817788527,-5.127157729329667,48.92848589726752,-27.54892670533515,22.70053228061772,-0.7142139783534065,-21.98631830226432
232,16,16,2020-10-20,245500.0,-10000.0,1215368,162943,169465,-6522,119555,116421,3134,3388,932870,929482,76.75617590721492,12.824860198928153,76.47741260260267,12.803455183410776,0.2787633046122656,-0.5366275893391961,0.2578642847269305
233,15,15,2020-10-21,244000.0,-1500.0,625587,95397,150531,-55134,130244,76720,53524,1610,399946,398336,63.93131570828678,-3.964107147852928,63.67395741919189,-12.789451642749725,0.2573582890948821,-8.813162677613185,8.555804388518304
234,14,14,2020-10-22,237500.0,-6500.0,831654,64395,121033,-56638,202604,74710,127894,-71256,564655,635911,67.8954228561397,3.6572878534299207,76.46340906194162,5.744181738437248,-8.567986205801931,-6.8102840844870585,15.37827029028899
235,13,13,2020-10-23,238000.0,500.0,723304,103008,124866,-21858,155659,86923,68736,-46878,464637,511515,64.23813500270978,-19.962899659861392,70.71922732350437,4.8730347484934535,-6.481092320794576,-3.0219658677402585,9.503058188534835
236,12,12,2020-10-26,238000.0,0.0,945429,83388,115943,-32555,65980,206957,-140977,173532,796061,622529,84.20103466257117,20.45901271719768,65.84619257501092,8.94011522694462,18.35484208756025,-3.4434103459910785,-14.91143174156917
237,11,11,2020-10-27,239000.0,1000.0,687981,100953,150555,-49602,148495,145923,2572,47030,438533,391503,63.74202194537349,-12.94339304594007,56.906077348066304,-4.743478248648572,6.8359445973071935,-7.209792130887336,0.3738475335801425
238,10,10,2020-10-28,242500.0,3500.0,426527,63639,110173,-46534,35804,53402,-17598,64132,327084,262952,76.68541499131356,6.716272397243102,61.64955559671487,-12.241610951139455,15.035859394598699,-10.909977562967878,-4.1258818316308234
239,9,9,2020-10-29,253000.0,10500.0,986149,212060,143172,68888,84089,114300,-30211,-38677,690000,728677,69.96914259407046,-6.373427835506022,73.89116654785433,27.885943033556323,-3.9220239537838597,6.985556949304821,-3.0635329955209607
240,8,8,2020-10-30,241000.0,-12000.0,825115,108633,139091,-30458,86568,306428,-219860,250318,629914,379596,76.34257042957648,-1.9434834270799253,46.005223514298,-21.35569339774489,30.33734691527848,-3.691364234076462,-26.64598268120201
