,Unnamed: 0,Unnamed: 0.1,날짜,종가,대비,거래량,기관 매수,기관 매도,기관 순매수,외국인 매수,외국인 매도,외국인 순매수,개인 순매수,개인 매수,개인 매도,개인매수비율(%),개인매수비율증가(%p),개인매도비율(%),개인매도비율증가(%p),개인 순매수비율,기관 순매수비율,외국인 순매수비율
15,233,233,2019-12-02,43600.0,50.0,602272,363519,250916,112603,208691,333519,-124828,12225,30062,17837,4.9914324424844585,-0.8858312936854116,2.9616186706338663,0.5315914710223972,2.0298137718505926,18.696369746559693,-20.726183518410288
16,232,232,2019-12-03,43450.0,-150.0,819497,340597,384864,-44267,430736,414719,16017,28250,48164,19914,5.87726373616987,-0.9820960278210942,2.430027199611469,-0.22368568714446813,3.4472365365584015,-5.401728133232948,1.9544915966745453
17,231,231,2019-12-04,43350.0,-100.0,1008097,306540,510581,-204041,632408,470764,161644,42397,69149,26752,6.8593597639909625,1.3703676051249278,2.653712886755937,0.5024350447788408,4.205646877235028,-20.240214979312512,16.03456810207748
18,230,230,2019-12-05,43400.0,50.0,1008145,269441,355142,-85701,683367,631315,52052,33649,55337,21688,5.488992158866036,3.1835109054476303,2.1512778419770964,-3.698373792291253,3.33771431688894,-8.500860491298376,5.1631461744094365
19,229,229,2019-12-06,43750.0,350.0,601523,239737,239768,-31,347918,326568,21350,-21319,13868,35187,2.3054812534184057,-4.248538002526837,5.8496516342683496,-12.244043858655806,-3.5441703808499425,-0.005153585149695024,3.5493239659996374
20,228,228,2019-12-09,44100.0,350.0,763089,307550,317160,-9610,405526,307858,97668,-88058,50013,138071,6.554019255945244,2.6453511613045295,18.093695492924155,10.81335606604939,-11.539676236978913,-1.2593550686748205,12.799031305653731
21,227,227,2019-12-10,44050.0,-50.0,730172,275105,239332,35773,426527,437681,-11154,-24619,28540,53159,3.9086680946407135,-2.7198953618707407,7.2803394268747645,4.758945496857442,-3.371671332234049,4.899256613510241,-1.5275852812761923
22,226,226,2019-12-11,43650.0,-400.0,1118191,491735,324347,167388,552336,765650,-213314,45926,74120,28194,6.628563456511454,4.369421139105701,2.521393930017324,-2.374482587353024,4.107169526494132,14.969535616008356,-19.07670514250249
23,225,225,2019-12-12,44200.0,550.0,2231245,1505872,1116005,389867,674966,1006001,-331035,-58832,50407,109239,2.259142317405753,-3.310314085619945,4.895876517370347,-15.99594150159516,-2.6367341999645943,17.473069967663793,-14.836335767699197
24,224,224,2019-12-13,45650.0,1450.0,1384408,583180,468757,114423,724124,626423,97701,-212124,77104,289228,5.569456403025699,-6.857355281222831,20.891818018965512,13.145823293891814,-15.32236161593981,8.265121264829443,7.057240351110368
25,223,223,2019-12-16,44400.0,-1250.0,1360019,540513,709428,-168915,650499,545244,105255,63660,169007,105347,12.426811684248529,-2.34520053338996,7.745994725073693,3.0039963017517914,4.680816959174835,-12.420047072871776,7.739230113696941
26,222,222,2019-12-17,44350.0,-50.0,1546289,446216,885988,-439772,871655,586976,284679,155093,228418,73325,14.772012217638487,11.030300855353033,4.7419984233219035,-9.563452090783722,10.030013794316586,-28.440479108368486,18.410465314051898
27,221,221,2019-12-18,45300.0,950.0,1297107,286921,542780,-255859,961652,568770,392882,-137023,48534,185557,3.741711362285456,-0.3546370478488754,14.305450514105624,6.815227762872839,-10.563739151820164,-19.725358046791825,30.28909719861199
28,220,220,2019-12-19,45450.0,150.0,940960,283733,474552,-190819,618682,395928,222754,-31935,38545,70480,4.096348410134331,-5.987134707303294,7.490222751232784,1.3041392440121564,-3.3938743410984524,-20.279182962081283,23.673057303179732
29,219,219,2019-12-20,45350.0,-100.0,1161672,498221,434791,63430,546314,655019,-108705,45275,117137,71862,10.083483117437623,0.4317956280044744,6.186083507220628,-5.663800184559674,3.897399610216997,5.46023318113891,-9.357632791355908
30,218,218,2019-12-23,45800.0,450.0,686108,431539,392475,39064,188348,212330,-23982,-15082,66221,81303,9.65168748943315,-5.796818856851653,11.849883691780304,-1.6260917708927118,-2.1981962023471517,5.693564278510089,-3.4953680761629364
31,217,217,2019-12-24,45550.0,-250.0,731294,478773,435735,43038,139547,197010,-57463,14425,112974,98549,15.448506346284804,-7.454447976500362,13.475975462673016,-35.24862886747388,1.9725308836117892,5.885184344463376,-7.857715228075166
32,216,216,2019-12-26,45750.0,200.0,550143,398980,215351,183629,25164,66737,-41573,-142056,125999,268055,22.902954322785174,-7.039161496352153,48.724604330146896,41.7562459898319,-25.82165000736172,33.37841252183523,-7.55676251447351
33,215,215,2019-12-27,44100.0,-1650.0,1181670,394203,879833,-485630,433650,219494,214156,271474,353817,82343,29.94211581913732,3.3702932049015075,6.968358340314977,2.338305727659802,22.973757478822346,-41.09692215254682,18.123164673724478
34,214,214,2019-12-30,43350.0,-750.0,1151434,332091,629330,-297239,513386,468792,44594,252645,305957,53312,26.571822614235806,3.2186500648102907,4.630052612655176,-4.1024802514375684,21.94177000158064,-25.814679781906733,3.8729097803260983
35,213,213,2020-01-02,42600.0,-750.0,772880,250479,509899,-259420,341909,195489,146420,113000,180492,67492,23.35317254942553,8.144039577816638,8.732532864092745,3.8571389465837664,14.62063968533278,-33.56536590415071,18.944726218817927
36,212,212,2020-01-03,42750.0,150.0,963717,225811,706227,-480416,591333,210505,380828,99588,146573,46985,15.209132971608884,-2.061355606180204,4.875393917508978,-2.036611466482822,10.333739054099906,-49.85031912895591,39.516580074856
37,211,211,2020-01-06,42100.0,-650.0,719169,268039,526972,-258933,326926,142488,184438,74495,124204,49709,17.270488577789088,8.540645408729759,6.912005383991801,-0.6244901975676607,10.358483193797284,-36.00447182790137,25.64598863410409
38,210,210,2020-01-07,42750.0,650.0,759544,295518,451713,-156195,397719,250588,147131,9064,66307,57243,8.72984316905933,-7.319211794165481,7.536495581559461,1.566051143450105,1.1933475874998682,-20.56431227157347,19.370964684073602
39,209,209,2020-01-08,42000.0,-750.0,1122496,329146,595405,-266259,613200,460073,153127,113132,180150,67018,16.049054963224812,5.02694554083417,5.970444438109356,2.2767990736590002,10.078610525115456,-23.72026270026797,13.641652175152517
40,208,208,2020-01-09,42200.0,200.0,1254533,666235,649942,16293,450022,558253,-108231,91938,138276,46338,11.022109422390642,-17.57387373245341,3.693645364450357,-7.527514565601107,7.328464057940287,1.298730284496303,-8.627194342436589
41,207,207,2020-01-10,41350.0,-850.0,1405033,474828,561243,-86415,528422,686129,-157707,244122,401783,157661,28.59598315484405,18.869031056600228,11.221159930051464,-0.9816166842273992,17.374823224792586,-6.150389350285724,-11.224433874506863
42,206,206,2020-01-13,41750.0,400.0,988398,315302,520441,-205139,576955,347345,229610,-24471,96141,120612,9.726952098243826,-4.054867416503367,12.202776614278864,4.860337154248407,-2.4758245160350385,-20.75469598279236,23.2305204988274
43,205,205,2020-01-14,41850.0,100.0,1200364,452524,498029,-45505,582408,614199,-31791,77296,165432,88136,13.781819514747193,-2.7951564854461735,7.342439460030457,2.0773642631685085,6.439380054716736,-3.790933416863552,-2.6484466378531843
44,204,204,2020-01-15,41500.0,-350.0,1158426,593972,538150,55822,372422,559284,-186862,131040,192032,60992,16.576976000193365,0.4504721642260066,5.2650751968619485,1.0149968893051593,11.311900803331413,4.818779965228681,-16.130680768560094
45,203,203,2020-01-16,41300.0,-200.0,1360022,399895,584153,-184258,740803,718067,22736,161522,219324,57802,16.12650383596736,4.116923668839855,4.250078307556788,-1.6993601857707352,11.87642552841057,-13.548163191477785,1.6717376630672152
46,202,202,2020-01-17,41050.0,-250.0,1370331,450830,511703,-60873,754930,777101,-22171,83044,164571,81527,12.009580167127506,3.328511163510976,5.949438493327524,-7.7377253368387535,6.060141673799981,-4.442211407316917,-1.6179302664830617
47,201,201,2020-01-20,41300.0,250.0,1139491,499938,470003,29935,540633,513524,27109,-57044,98920,155964,8.681069003616527,2.2062731435733527,13.687163830166275,8.409829028635473,-5.006094826549749,2.6270501478291624,2.379044678720587
48,200,200,2020-01-21,41400.0,100.0,1333154,682048,299688,382360,564787,963111,-398324,15964,86319,70355,6.474795860043176,-12.92100545368566,5.277334801530807,2.0417868044829666,1.1974610585123702,28.680857575343882,-29.87831863385625
49,199,199,2020-01-22,41000.0,-400.0,1166603,529095,365420,163675,411236,763437,-352201,188526,226272,37746,19.395801313728835,-2.9936380728434915,3.23554799704784,-2.6777472206083255,16.160253316680993,14.030051354231045,-30.190304670912038
50,198,198,2020-01-23,41200.0,200.0,894645,326081,569184,-243103,368258,272558,95700,147403,200306,52903,22.389439386572327,1.833534252412715,5.913295217656167,-5.865408544879987,16.47614416891616,-27.17312453543025,10.696980366514092
51,197,197,2020-01-28,40150.0,-1050.0,1463667,636183,647720,-11537,526614,643546,-116932,128469,300870,172401,20.55590513415961,-6.628586088935813,11.778703762536152,7.332191410169967,8.777201371623464,-0.7882257371382971,-7.988975634485168
52,196,196,2020-01-29,39800.0,-350.0,1001549,281456,648697,-367241,447827,308318,139509,227732,272266,44534,27.18449122309543,10.994492989926366,4.4465123523661845,-1.9009217955889903,22.737978870729236,-36.66730234866192,13.929323477932682
53,195,195,2020-01-30,39900.0,100.0,1064052,318311,520705,-202394,573471,475807,97664,104730,172270,67540,16.189998233169057,-1.594417722930828,6.347434147955173,0.2055551408095848,9.84256408521388,-19.021062880385546,9.178498795171663
54,194,194,2020-01-31,39150.0,-750.0,1285828,482566,431494,51072,574585,775360,-200775,149703,228677,78974,17.784415956099892,9.945011587499927,6.141879007145588,-0.7295978214565952,11.642536948954294,3.971915372818137,-15.61445232177243
55,193,193,2020-02-03,39300.0,150.0,1508584,543401,625539,-82138,846919,779383,67536,14602,118264,103662,7.839404368599959,-20.972378950660328,6.8714768286021854,2.990082357724748,0.9679275399977728,-5.444708415308662,4.476780875310888
56,192,192,2020-02-04,38900.0,-400.0,1734995,331152,762635,-431483,903960,905018,-1058,432541,499883,67342,28.811783319260286,1.925212357383004,3.8813944708774377,-4.871165705816559,24.93038884838285,-24.869408845558628,-0.060980002824215625
57,191,191,2020-02-05,39250.0,350.0,1495014,347453,564653,-217200,745603,799509,-53906,271106,401958,130852,26.886570961877283,0.7368293232053809,8.752560176693997,-9.809723116839553,18.134010785183282,-14.528292042750099,-3.6057187424331816
58,190,190,2020-02-06,39800.0,550.0,1482420,623235,359954,263281,471536,847295,-375759,112478,387649,275171,26.149741638671895,-13.354619059260704,18.562283293533547,12.678171809902045,7.587458345138356,17.760216402908753,-25.34767474804711
59,189,189,2020-02-07,39150.0,-650.0,1448392,286381,552921,-266540,589833,810246,-220413,486953,572178,85225,39.50436069793261,-2.3054860643239934,5.884111483631503,-0.11220440730173388,33.620249214301104,-18.40247667758452,-15.21777253671658
60,188,188,2020-02-10,38150.0,-1000.0,1774106,322331,538614,-216283,710024,1129111,-419087,635370,741751,106381,41.809846762256605,26.842289093281412,5.9963158909332375,-9.36876395262012,35.81353087132336,-12.191097938905568,-23.622432932417787
61,187,187,2020-02-11,38500.0,350.0,1326970,340652,504651,-163999,787703,618429,169274,-5275,198615,203890,14.967557668975186,-4.769681667547028,15.365079843553355,8.554299195566285,-0.3975221745781744,-12.358907887894981,12.756430062473154
62,186,186,2020-02-12,38450.0,-50.0,1616452,420494,435234,-14740,876915,1071125,-194210,208950,319043,110093,19.73723933652221,-10.690031329986423,6.810780647987072,1.0671016233958817,12.926458688535135,-0.9118736591003012,-12.014585029434835
63,185,185,2020-02-13,37900.0,-550.0,1738102,463300,503207,-39907,745945,1135064,-389119,429026,528857,99831,30.42727066650864,2.7385724137447447,5.743679024591192,-7.608955579812324,24.68359164191745,-2.29601024565877,-22.38758139625868
64,184,184,2020-02-14,37750.0,-150.0,1047254,389379,386038,3341,367904,521380,-153476,150135,289971,139836,27.688698252763892,-11.680806367512991,13.352634604403514,0.6492348700666639,14.336063648360376,0.3190248020060081,-14.655088450366387
65,183,183,2020-02-17,36900.0,-850.0,2254735,436849,476452,-39603,930208,1491855,-561647,601250,887678,286428,39.36950462027689,6.123001670939004,12.70339973433685,-0.8288872417045496,26.666104885940037,-1.7564370092272483,-24.909667876712785
66,182,182,2020-02-18,36450.0,-450.0,1335554,292518,612506,-319988,599011,542317,56694,263294,444025,180731,33.24650294933788,19.34366194270661,13.532286976041405,3.4831413483068587,19.71421597329648,-23.959195959130074,4.244979985833593
67,181,181,2020-02-19,36550.0,100.0,2347513,463469,475231,-11762,1557673,1636377,-78704,90466,326371,235905,13.902841006631274,-13.259032658079278,10.049145627734543,-1.259475606066978,3.85369537889673,-0.5010408888044496,-3.3526544900922812
68,180,180,2020-02-20,36200.0,-350.0,1264239,328743,564874,-236131,592105,556397,35708,200423,343391,142968,27.16187366471055,3.4633316595136963,11.308621233801519,-3.3549031076299847,15.853252430909029,-18.677718374452933,2.8244659435439026
69,179,179,2020-02-21,35650.0,-550.0,1481281,372963,561242,-188279,757276,702831,54445,133834,351042,217208,23.698542005196856,-7.791748920008299,14.663524341431506,1.13423119558942,9.035017663765348,-12.710552555524574,3.6755348917592268
70,178,178,2020-02-24,34000.0,-1650.0,2434887,604769,649591,-44822,1063365,1455873,-392508,437330,766753,329423,31.490290925205155,9.881666784157712,13.529293145842084,0.965389023008914,17.960997779363066,-1.8408246460718711,-16.120173133291196
71,177,177,2020-02-25,34200.0,200.0,2156551,780889,682998,97891,909661,1202606,-292945,195054,466001,270947,21.608624141047443,7.236529299112631,12.56390412283317,4.049148106729763,9.044720018214267,4.53923881234434,-13.58395883055861
72,176,176,2020-02-26,34150.0,-50.0,2480717,776605,799343,-22738,1347581,1470147,-122566,145304,356531,211227,14.372094841934812,-8.822474497824045,8.51475601610341,2.3735747543231422,5.857338825831403,-0.916589840759748,-4.9407489850716555
73,175,175,2020-02-27,33500.0,-650.0,2489863,694078,505839,188239,1218272,1831117,-612845,424606,577513,152907,23.194569339758853,6.379427147041856,6.141181261780266,-5.2071324794406575,17.05338807797859,7.560215160432523,-24.613603238411105
74,174,174,2020-02-28,32300.0,-1200.0,3505067,911335,563795,347540,2004350,2543506,-539156,191616,589382,397766,16.815142192716998,-3.13397204374235,11.348313741220926,0.354631710227288,5.4668284514960765,9.915359677860652,-15.382188129356727
75,173,173,2020-03-02,32200.0,-100.0,2163670,840939,693968,146971,891098,1231835,-340737,193766,431633,237867,19.94911423645935,1.1351285464315382,10.993682030993636,1.2458579631487208,8.955432205465712,6.792671710565844,-15.748103916031553
76,172,172,2020-03-03,32050.0,-150.0,1761429,610378,691943,-81565,819656,897785,-78129,159694,331395,171701,18.813985690027813,1.7181297839030516,9.747824067844917,-5.377350687475633,9.066161622182898,-4.630615256135785,-4.435546366047114
77,171,171,2020-03-04,33150.0,1100.0,2272463,745126,794717,-49591,1138840,1134032,4808,44783,388497,343714,17.095855906124758,-10.934151641350887,15.125174755320547,6.217971559378286,1.9706811508042157,-2.1822577529315113,0.21157660212729534
78,170,170,2020-03-05,32750.0,-400.0,2369004,502066,685026,-182960,1202906,1472966,-270060,453020,664032,211012,28.03000754747565,-4.2443418258182035,8.90720319594226,1.1927531679407632,19.122804351533386,-7.723076871123898,-11.399727480409489
79,169,169,2020-03-06,31900.0,-850.0,1990965,332769,577714,-244945,1015625,1259659,-244034,488979,642571,153592,32.27434937329385,-4.014852924416587,7.714450028001496,-8.765964249097541,24.559899345292358,-12.302828025605676,-12.257071319686684
80,168,168,2020-03-09,30050.0,-1850.0,2147355,674446,643276,31170,693651,1150186,-456535,425365,779258,353893,36.28920229771044,13.201447856689606,16.480414277099033,0.575394390398623,19.8087880206114,1.451553189854495,-21.2603412104659
81,167,167,2020-03-10,30150.0,100.0,2142638,963646,671823,291823,684305,1130028,-445723,153900,494687,340787,23.08775444102084,-1.7976190259078637,15.905019886700414,-1.3982442420742007,7.1827345543204215,13.619799518164058,-20.80253407248448
82,166,166,2020-03-11,30350.0,200.0,2667358,637629,1197451,-559822,1365947,1008367,357580,202242,663782,461540,24.885373466928698,3.263387782067877,17.303264128774615,5.912059622016946,7.5821093381540825,-20.987883891101234,13.405774552947149
83,165,165,2020-03-12,29100.0,-1250.0,3444605,1159511,1135439,24072,1540302,1916784,-376482,352410,744792,392382,21.62198568486082,-8.974633072520547,11.391204506757667,-3.5631187649485074,10.23078117810315,0.69883194154337,-10.92961311964652
84,164,164,2020-03-13,27500.0,-1600.0,4971131,1161246,1123768,37478,2288887,3103964,-815077,777599,1520998,743399,30.59661875738137,-7.155288461386551,14.954323271706176,-3.407801115860173,15.642295485675195,0.7539129425476818,-16.396208428222877
85,163,163,2020-03-16,26800.0,-700.0,2154315,422111,697374,-275263,918909,1061363,-142454,417717,813295,395578,37.75190721876792,-3.3098304270847194,18.36212438756635,2.0113175288748657,19.389782831201565,-12.777286515667393,-6.612496315534173
86,162,162,2020-03-17,25200.0,-1600.0,3565928,711810,642619,69191,1389886,2340251,-950365,881174,1464232,583058,41.061737645852645,1.359282232047626,16.350806858691485,-8.043628129407647,24.710930787161153,1.9403364285538012,-26.65126721571496
87,161,161,2020-03-18,24400.0,-800.0,2406967,645080,726170,-81090,806262,1093631,-287369,368459,955625,587166,39.702455413805005,8.821179665077883,24.39443498809913,3.680405123293891,15.30802042570588,-3.368970160371953,-11.939050265333927
88,160,160,2020-03-19,22450.0,-1950.0,3227344,1062878,899034,163844,1167821,1659797,-491976,328132,996645,668513,30.88127574872713,-5.301483356473312,20.714029864805237,0.028648245336530213,10.167245883921886,5.0767442206346765,-15.243990104556564
89,159,159,2020-03-20,24200.0,1750.0,3288066,1001737,1273599,-271862,1096616,1334318,-237702,509564,1189713,680149,36.18275910520044,-8.222687658924848,20.68538161946871,1.8701648994674287,15.497377485731736,-8.268143036058277,-7.229234449673456
90,158,158,2020-03-23,22200.0,-2000.0,2185885,690247,1061452,-371205,524986,713154,-188168,559373,970652,411279,44.40544676412529,7.221988802429157,18.81521672000128,-8.934309014171069,25.590230044124013,-16.981908929335262,-8.608321114788748
91,157,157,2020-03-24,23950.0,1750.0,2261390,888850,787209,101641,531677,846656,-314979,213338,840863,627525,37.183457961696135,-4.338867810191353,27.749525734172355,-14.084258436812489,9.43393222752378,4.49462498728658,-13.92855721481036
92,156,156,2020-03-25,27350.0,3400.0,3088695,1135973,724625,411348,670224,1071952,-401728,-9620,1282498,1292118,41.52232577188748,1.4569511379750109,41.83378417098484,10.795528675763517,-0.3114583990973534,13.31785754177735,-13.006399142680001
93,155,155,2020-03-26,27350.0,0.0,3837880,1196118,940600,255518,1104101,1706069,-601968,346450,1537661,1191211,40.06537463391247,-6.010518028764699,31.038255495221318,1.9554179057313592,9.027119138691152,6.657790238360763,-15.684909377051914
94,154,154,2020-03-27,28400.0,1050.0,3397588,1235063,905863,329200,597056,1503610,-906554,577354,1565469,988115,46.075892662677184,2.3523333840029395,29.082837589489962,1.98136865002569,16.993055073187215,9.6892265925121,-26.682281665699314
95,153,153,2020-03-30,27500.0,-900.0,2380561,898413,858351,40062,441282,877043,-435761,395699,1040866,645167,43.72355927867423,19.439629599952653,27.10146893946427,-2.5105951073119286,16.622090339209958,1.6828806319182747,-18.304970971128235
96,152,152,2020-03-31,28600.0,1100.0,3312454,886464,1078495,-192031,1621596,1253073,368523,-176492,804394,980886,24.283929678721577,-15.277310677527538,29.6120640467762,13.542680479754779,-5.328134368054621,-5.7972427692580775,11.125377137312698
97,151,151,2020-04-01,26750.0,-1850.0,2216202,755105,960862,-205757,584340,899210,-314870,520627,876757,356130,39.561240356249115,-0.3360502649516022,16.06938356702142,-3.7342038824910655,23.491856789227697,-9.284216871927741,-14.207639917299955
98,150,150,2020-04-02,26750.0,0.0,2900222,864741,747892,116849,878371,1577982,-699611,582762,1157110,574348,39.89729062120072,4.083900412117941,19.803587449512484,-6.889741023000768,20.093703171688237,4.028967437665116,-24.122670609353356
99,149,149,2020-04-03,26550.0,-200.0,1925601,551925,637941,-86016,684053,773653,-89600,175616,689623,514007,35.813390209082776,-9.077199727630783,26.69332847251325,-11.883382375136176,9.120061736569518,-4.466969013829968,-4.65309272273955
100,148,148,2020-04-06,27350.0,800.0,2180878,777531,378912,398619,424338,960655,-536317,137698,979009,841311,44.89058993671356,13.409941323356552,38.57671084764943,-6.702181095699892,6.3138790890641285,18.277913757670078,-24.591792846734204
101,147,147,2020-04-07,28500.0,1150.0,2830469,740127,682041,58086,1199292,866823,332469,-390555,891050,1281605,31.48064861335701,-9.71009692005934,45.27889194334932,24.23452781316927,-13.798243329992307,2.052168739526912,11.746074590465396
102,146,146,2020-04-08,27850.0,-650.0,2368197,432687,796596,-363909,960032,1073229,-113197,477106,975478,498372,41.190745533416354,3.4829195629845486,21.04436413018005,-4.799218667186898,20.1463814032363,-15.366500337598605,-4.779881065637698
103,145,145,2020-04-09,28100.0,250.0,1761149,645251,779943,-134692,451807,526062,-74255,208947,664091,455144,37.7078259704318,-15.668887796043002,25.84358279736695,-32.462413545505015,11.864243173064857,-7.6479616432226925,-4.216281529842165
104,144,144,2020-04-10,29050.0,950.0,2806027,1091358,722961,368397,216904,446984,-230080,-138317,1497765,1636082,53.3767137664748,-7.821686172323211,58.30599634287197,20.794564436464654,-4.9292825763971635,13.128776023894284,-8.199493447497119
105,143,143,2020-04-13,28500.0,-550.0,1725434,520964,786032,-265068,148532,292167,-143635,408703,1055938,647235,61.198399938798005,25.815103412233192,37.51143190640732,-3.2551414698042085,23.68696803239069,-15.362395779844375,-8.324572252546316
106,142,142,2020-04-14,29050.0,550.0,1524629,389695,398733,-9038,595470,504357,91113,-82075,539464,621539,35.38329652656482,-12.625277076629965,40.76657337621153,26.12814285173017,-5.383276849646701,-0.5927999533001144,5.9760768029468165
107,141,141,2020-04-16,28050.0,-1000.0,2608005,380030,594684,-214654,975909,1631550,-655641,870295,1252066,381771,48.00857360319478,4.679824628366696,14.638430524481356,-31.45073314552895,33.370143078713426,-8.230582380018443,-25.139560698694982
108,140,140,2020-04-17,28500.0,450.0,2377650,534111,399001,135110,813333,882810,-69477,-65633,1030206,1095839,43.32874897482809,-21.149845188167234,46.0891636700103,17.07250275522386,-2.7604146951822184,5.682501629760478,-2.9220869345782594
109,139,139,2020-04-20,28200.0,-300.0,1979063,360971,673045,-312074,342020,731760,-389740,701814,1276072,574258,64.47859416299532,22.730129612141127,29.016660914786442,4.6099747655291115,35.461933248208865,-15.768775425542291,-19.693157822666585
110,138,138,2020-04-21,27700.0,-500.0,2552022,694490,847860,-153370,792102,1081298,-289196,442566,1065430,622864,41.74846455085419,-12.571303744595811,24.406686149257325,-1.706990558829638,17.341778401596848,-6.009744430102876,-11.332033971493974
111,137,137,2020-04-22,27600.0,-100.0,1498460,406279,725113,-318834,278221,382044,-103823,422657,813960,391303,54.319768295450004,10.163385088956822,26.113676708086967,8.610075875029377,28.206091587363023,-21.277444843372532,-6.928646743990497
112,136,136,2020-04-23,27500.0,-100.0,2055080,542590,559212,-16622,605041,1136155,-531114,547736,907449,359713,44.15638320649317,-4.401349264914089,17.503600833057593,-5.853193938555678,26.65278237343559,-0.808824960585476,-25.84395741285011
113,135,135,2020-04-24,27150.0,-350.0,1759625,385619,553457,-167838,519572,795176,-275604,443442,854434,410992,48.55773247140726,5.0585917548730635,23.35679477161327,-52.431398367392866,25.200937699793986,-9.538282304468284,-15.662655395325705
114,134,134,2020-04-27,30000.0,2850.0,5258451,1465563,805012,660551,1505507,468154,1037353,-1697904,2287381,3985285,43.499140716534214,-16.40781490198993,75.78819313900614,23.521233331597422,-32.28905242247194,12.561703056660605,19.727349365811342
115,133,133,2020-04-28,30100.0,100.0,3284884,674504,553097,121407,642506,1014878,-372372,250965,1967874,1716909,59.90695561852413,23.787190970736194,52.26695980740872,1.438851201438382,7.6399958111154,3.6959295975139463,-11.335925408629345
116,132,132,2020-04-29,30550.0,450.0,2223561,938838,375251,563587,481578,718116,-236538,-327049,803145,1130194,36.11976464778794,4.807129689187967,50.82810860597034,27.38584008998129,-14.708343958182391,25.34614521481533,-10.637801256632944
117,131,131,2020-05-04,29800.0,-750.0,2946737,928401,983034,-54633,1095635,1272921,-177286,231919,922701,690782,31.31263495859997,-7.812501403187968,23.442268515989042,0.6728998379160167,7.870366442610929,-1.8540168328561388,-6.01634960975479
118,130,130,2020-05-06,29900.0,100.0,2262364,997829,432734,565095,379382,1314504,-935122,370027,885153,515126,39.12513636178794,17.385573247967322,22.769368678073025,-12.793804039871215,16.35576768371491,24.978076030205568,-41.33384371392048
119,129,129,2020-05-07,30050.0,150.0,1969529,1164401,482327,682074,376961,786775,-409814,-272260,428167,700427,21.739563113820616,-14.763016088209147,35.56317271794424,5.341657664367926,-13.823609604123625,34.63132556057819,-20.807715956454558
120,128,128,2020-05-08,30050.0,0.0,1488251,683001,439486,243515,262000,598993,-336993,93478,543250,449772,36.50257920202976,-7.0375707716190234,30.221515053576315,-7.504700733079876,6.281064148453453,16.362495304891446,-22.6435594533449
121,127,127,2020-05-11,29550.0,-500.0,1445854,628335,515321,113014,187992,385067,-197075,84061,629527,545466,43.54014997364879,0.3370731264310152,37.72621578665619,12.760087951762793,5.813934186992602,7.816418531884962,-13.630352718877564
122,126,126,2020-05-12,28900.0,-650.0,1825245,705467,616825,88642,331216,752727,-421511,332869,788562,455693,43.20307684721777,10.830549781650193,24.9661278348934,-7.5925551874484025,18.23694901232437,4.8564439294450885,-23.093392941769466
123,125,125,2020-05-13,29450.0,550.0,1617461,805301,509320,295981,288547,581517,-292970,-3011,523613,526624,32.37252706556758,-2.467386975630916,32.558683022341796,16.21546266554913,-0.18615595677422825,18.299112003318783,-18.112956046544554
124,124,124,2020-05-14,28900.0,-550.0,1665449,775048,629979,145069,310160,763282,-453122,308053,580241,272188,34.839914041198504,5.8864883467699824,16.343220356792678,-27.061543732479524,18.496693684405827,8.710503894145061,-27.207197578550893
125,123,123,2020-05-15,29350.0,450.0,1743880,930335,454593,475742,308632,532360,-223728,-252014,504913,756927,28.953425694428514,-9.799280684297958,43.40476408927221,17.66911483595515,-14.451338394843681,27.28066151340689,-12.829323118563206
126,122,122,2020-05-18,28950.0,-400.0,1441040,767691,519703,247988,114907,550476,-435569,187581,558442,370861,38.752706378726465,-0.02454294516717681,25.73564925331705,-44.60995548870597,13.017057125409426,17.208960195414427,-30.22601732082385
127,121,121,2020-05-19,30450.0,1500.0,2602771,1080800,347150,733650,512688,424686,88002,-821652,1009283,1830935,38.77724932389365,-10.062685690329673,70.34560474202301,45.816671682046454,-31.56835541812937,28.18726657089694,3.3810888472324305
128,120,120,2020-05-20,29850.0,-600.0,1626202,593024,321907,271117,238942,905405,-666463,395346,794236,398890,48.839935014223315,-2.6040182849854574,24.52893305997656,3.513987820844516,24.31100195424677,16.671791081304782,-40.982793035551545
129,119,119,2020-05-21,29450.0,-400.0,2434220,779215,640682,138533,402746,1281988,-879242,740709,1252259,511550,51.44395329920879,-8.939817733730813,21.014945239132047,-9.420214485221235,30.429008060076736,5.691063256402463,-36.1200713164792
130,118,118,2020-05-22,29050.0,-400.0,1821607,345683,489685,-144002,375969,777513,-401544,545546,1099955,554409,60.383771032939606,0.4004721911286069,30.43515972435328,-7.243742356030125,29.948611308586322,-7.9052177555312415,-22.043393553055076
131,117,117,2020-05-25,29200.0,150.0,1101720,314630,378696,-64066,126242,307908,-181666,245732,660848,415116,59.98329884181098,9.519296411658985,37.678902080383395,-18.442703631228497,22.304396761427583,-5.815089133355117,-16.489307628072467
132,116,116,2020-05-26,29700.0,500.0,2120032,627254,440576,186678,422925,489660,-66735,-119943,1069853,1189796,50.464002430152,-0.365947054822378,56.1216057116119,9.124303863411393,-5.657603281459902,8.805433125537729,-3.1478298440778247
133,115,115,2020-05-27,29750.0,50.0,2389784,663436,589485,73951,511622,677165,-165543,91592,1214726,1123134,50.82994948497439,0.11621304423554335,46.997301848200514,-15.536945031593213,3.832647636773868,3.0944637674367224,-6.9271114042105895
134,114,114,2020-05-28,30250.0,500.0,4274477,1137701,964175,173526,969029,637290,331739,-505265,2167747,2673012,50.71373644073884,27.98961383196572,62.53424687979372,35.41118501628597,-11.820510439054885,4.059584365525888,7.760926073528996
135,113,113,2020-05-29,30150.0,-100.0,3659314,615540,681186,-65646,2212227,1985610,226617,-160971,831547,992518,22.724122608773122,-32.68860771982028,27.123061863507754,-24.19174100325075,-4.39893925473463,-1.7939427991148067,6.192882053849437
136,112,112,2020-06-01,30700.0,550.0,1491022,438685,387308,51377,226121,338599,-112478,61101,826216,765115,55.412730328593405,-1.2879566527099584,51.3148028667585,-10.35319733693025,4.097927461834901,3.445757339596599,-7.5436848014315006
137,111,111,2020-06-02,32000.0,1300.0,3416978,827727,711215,116512,651801,598581,53220,-169732,1937450,2107182,56.700686981303356,13.979479699787042,61.668000203688756,-8.91189745614475,-4.9673132223853935,3.4097966097528283,1.5575166126325657
138,110,110,2020-06-03,35750.0,3750.0,7122912,2001208,1400820,600388,2078710,694748,1383962,-1984350,3042994,5027344,42.72120728151632,-12.178966603778932,70.57989765983349,23.640067010484252,-27.85869037831718,8.428968376978405,19.429722001338774
139,109,109,2020-06-04,34650.0,-1100.0,5239661,1317881,1380334,-62453,1045197,1399839,-354642,417095,2876583,2459488,54.900173885295246,9.002212275357136,46.93983064934926,2.126451902584755,7.96034323594599,-1.1919282564272764,-6.768414979518713
140,108,108,2020-06-05,35000.0,350.0,2397235,816199,685099,131100,480754,637854,-157100,26000,1100282,1074282,45.897961609938115,-3.693639788598773,44.813378746764506,1.335071751312519,1.0845828631736143,5.4688005139254185,-6.553383377099032
141,107,107,2020-06-08,34750.0,-250.0,2167980,641400,694675,-53275,451444,530704,-79260,132535,1075136,942601,49.5916013985369,6.522418508865362,43.478306995452,3.131184879238674,6.1132944030849,-2.457356617680975,-3.655937785403924
142,106,106,2020-06-09,34550.0,-200.0,2215013,557960,721230,-163270,703065,600089,102976,60294,953988,893694,43.069182889671524,-5.696181900316738,40.34712211621331,20.766526117512825,2.7220607734582143,-7.371062833491272,4.649002060033057
143,105,105,2020-06-10,33200.0,-1350.0,3567491,635000,655773,-20773,1192791,2213182,-1020391,1041164,1739700,698536,48.76536478998826,-0.22075886846286608,19.58059599870049,-11.058252857146512,29.18476879128777,-0.5822859819408094,-28.602482809346967
144,104,104,2020-06-11,32500.0,-700.0,3142543,823635,1599685,-776050,779498,580019,199479,576571,1539410,962839,48.986123658451135,-14.369869147571356,30.638848855847,-12.075105569792585,18.347274802604133,-24.69496837433887,6.347693571734737
145,103,103,2020-06-12,31150.0,-1350.0,2612741,675416,872958,-197542,281997,623778,-341781,539323,1655328,1116005,63.35599280602249,1.2339450866318131,42.7139544256396,7.637890671743456,20.642038380382896,-7.560718800677142,-13.081319579705758
146,102,102,2020-06-15,29500.0,-1650.0,2915712,739592,864409,-124817,364820,1028586,-663766,788583,1811300,1022717,62.12204771939067,27.606465510123968,35.07606375389613,-19.700159567894822,27.04598396549454,-4.280841180473243,-22.76514278502129
147,101,101,2020-06-16,32000.0,2500.0,2692975,1042686,728666,314020,720793,489199,231594,-545614,929496,1475110,34.515582209266704,-16.411984400349223,54.77622332179095,33.08509577733397,-20.260641112524254,11.66070980978286,8.599931302741393
148,100,100,2020-06-17,31000.0,-1000.0,3674507,1019447,1076294,-56847,783723,1801171,-1017448,1074295,1871337,797042,50.927566609615916,15.674466487650314,21.691127544456982,-4.092097144944823,29.236439065158944,-1.5470646810578943,-27.689374384101054
149,99,99,2020-06-18,30750.0,-250.0,2559738,825991,810056,15935,831360,1089699,-258339,242404,902387,659983,35.25310012196561,14.109239785236195,25.78322468940181,9.418727572330383,9.469875432563803,0.6225246490070468,-10.092400081570847
150,98,98,2020-06-19,30800.0,50.0,3816952,768234,777555,-9321,2241667,2414772,-173105,182426,807051,624625,21.14386033672941,-37.67728485052595,16.364497117071426,-5.013421214586703,4.779363219657989,-0.2442000842557098,-4.5351631354022786
151,97,97,2020-06-22,30050.0,-750.0,1835595,395594,555434,-159840,360283,887749,-527466,687306,1079718,392412,58.82114518725536,7.22021009804704,21.37791833165813,-9.34833017971985,37.443226855597224,-8.707803191880561,-28.735423663716674
152,96,96,2020-06-23,29800.0,-250.0,2110173,623652,683927,-60275,397652,777869,-380217,440492,1088869,648377,51.60093508920831,8.675898534654735,30.726248511377978,-0.8491049115536953,20.87468657783035,-2.8564008732933277,-18.01828570453702
153,95,95,2020-06-24,30200.0,400.0,1606503,493995,533565,-39570,422916,565679,-142763,182333,689592,507259,42.92503655455359,-33.538276321049445,31.57535342293168,4.934327314247323,11.349683131621914,-2.4631139811130143,-8.886569150508901
154,94,94,2020-06-25,29300.0,-900.0,1754512,287566,791146,-503580,125388,495946,-370558,874138,1341558,467420,76.46331287560302,23.63331877040793,26.641026108684354,-9.447164632151877,49.82228676691866,-28.701998048460197,-21.120288718458465
155,93,93,2020-06-26,29700.0,400.0,1435162,363066,541037,-177971,313900,376201,-62301,240272,758196,517924,52.82999410519509,1.247242599536115,36.088190740836225,8.589122420924317,16.741803364358866,-12.400760332283044,-4.341043032075821
156,92,92,2020-06-29,29000.0,-700.0,1720011,443572,602472,-158900,389210,644552,-255342,414242,887229,472987,51.582751505658976,1.5262519543773578,27.499068319911903,1.1939039454921314,24.083683185747066,-9.238313010788882,-14.845370174958186
157,91,91,2020-06-30,28750.0,-250.0,1616827,452832,460110,-7278,354668,731408,-376740,384018,809327,425309,50.056499551281604,21.266052303412824,26.30516437441977,-27.434601131618923,23.75133517686184,-0.4501409241681392,-23.3011942526937
158,90,90,2020-07-01,29700.0,950.0,1553814,494031,506751,-12720,612433,212047,400386,-387666,447350,835016,28.790447247868794,-2.0467960396825298,53.73976550603869,28.25527117902681,-24.949318258169892,-0.8186308013700482,25.767949059539948
159,89,89,2020-07-02,29900.0,200.0,1348055,454538,455082,-544,477814,549428,-71614,72158,415703,343545,30.83724328755132,-11.860163640655935,25.48449432701188,-6.69189154548323,5.352748960539444,-0.04035443657714263,-5.312394523962301
160,88,88,2020-07-03,30050.0,150.0,1038768,406475,393843,12632,188766,310687,-121921,109289,443527,334238,42.69740692820726,1.5718087484532788,32.17638587249511,-25.581101535039156,10.52102105571215,1.2160559431942457,-11.737076998906398
161,87,87,2020-07-06,30300.0,250.0,1494743,583454,436489,146965,296567,194928,101639,-248604,614722,863326,41.12559817975398,19.1604611025308,57.757487407534285,31.76261027534309,-16.631889227780295,9.832124987372413,6.799764240407883
162,86,86,2020-07-07,30150.0,-150.0,1604570,596826,620749,-23923,655298,566715,88583,-64660,352446,417106,21.965137077223183,-0.7628792218711489,25.99487713219118,6.476466731283496,-4.0297400549679985,-1.4909290339467896,5.5206690889147865
163,85,85,2020-07-08,30000.0,-150.0,1143131,491189,644626,-153437,392131,275384,116747,36690,259811,223121,22.728016299094328,9.554222291400276,19.518410400907683,8.676547028910282,3.2096058981866467,-13.422521128374616,10.212915230187964
164,84,84,2020-07-09,29800.0,-200.0,2614486,521681,1795974,-1274293,1748378,535053,1213325,60968,344427,283459,13.173794007694054,-57.48201388519145,10.841863371997402,-8.907894524751297,2.3319306356966534,-48.73971403939436,46.40778340369771
165,83,83,2020-07-10,29000.0,-800.0,1721373,285370,625652,-340282,219753,755754,-536001,876283,1216250,339967,70.6558078928855,27.79861736167916,19.74975789674869,-15.84144768782924,50.90604999613681,-19.768057242677788,-31.13799275345901
166,82,82,2020-07-13,29600.0,600.0,1498269,530189,456784,73405,325964,508233,-182269,108864,642116,533252,42.85719053120635,9.704794253607922,35.59120558457793,9.129127701287024,7.26598494662841,4.899320482503477,-12.165305429131884
167,81,81,2020-07-14,29400.0,-200.0,1493337,532994,591612,-58618,465266,506557,-41291,99909,495077,395168,33.15239627759843,-3.14323514698026,26.46207788329092,-15.733201691174814,6.690318394307513,-3.92530286197958,-2.7650155323279337
168,80,80,2020-07-15,29800.0,400.0,1810430,642754,542519,100235,510569,503995,6574,-106809,657107,763916,36.29563142457869,-8.666048541490575,42.19527957446573,-5.859251264037766,-5.899648149887043,5.536529995636394,0.3631181542506477
169,79,79,2020-07-16,30050.0,250.0,1622128,466753,510480,-43727,426039,332142,93897,-50170,729336,779506,44.96167996606926,-10.762414089503373,48.0545308385035,16.691226986707562,-3.0928508724342345,-2.6956565696418533,5.788507442076088
170,78,78,2020-07-17,29750.0,-300.0,1027988,267036,307561,-40525,188115,398016,-209901,250426,572837,322411,55.72409405557264,8.125571181465716,31.363303851795937,-30.98392860274389,24.3607902037767,-3.9421666400775113,-20.41862356369919
171,77,77,2020-07-20,30450.0,700.0,1742844,473638,450294,23344,439638,205935,233703,-257047,829568,1086615,47.59852287410692,-9.072402930780633,62.34723245453982,21.923907633703926,-14.748709580432902,1.339419936609358,13.409289643823545
172,76,76,2020-07-21,30400.0,-50.0,1730397,490471,468933,21538,259294,561980,-302686,281148,980632,699484,56.670925804887545,4.970025248665949,40.42332482083591,-15.844755301944645,16.247600984051637,1.2446854681324575,-17.49228645218409
173,75,75,2020-07-22,30450.0,50.0,2739196,451349,620123,-168774,871658,577780,293878,-125104,1416189,1541293,51.70090055622161,9.605412073595907,56.26808012278054,13.727374351128507,-4.567179566558948,-6.16144299276138,10.728622559320328
174,74,74,2020-07-23,30500.0,50.0,1496348,308332,609327,-300995,558121,250464,307657,-6662,629895,636557,42.0954884826257,-0.8882839225568517,42.54070577165204,4.467872662878406,-0.4452172890263495,-20.115307401754137,20.56052469078049
175,73,73,2020-07-24,30500.0,0.0,1214228,326976,370557,-43581,365331,381380,-16049,59630,521921,462291,42.98377240518254,1.4751493174487038,38.072833108773644,-7.057656152379849,4.910939296408912,-3.589194121697078,-1.3217451747118334
176,72,72,2020-07-27,30500.0,0.0,1240217,325079,300000,25079,400341,380501,19840,-44919,514797,559716,41.50862308773385,11.535071499407813,45.130489261153485,3.562856686967116,-3.621866173419652,2.0221461244282253,1.5997200489914265
177,71,71,2020-07-28,30750.0,250.0,1723733,406245,624427,-218182,800824,382791,418033,-199851,516664,716515,29.973551588326035,-15.00052005330164,41.56763257418637,-9.770174940248673,-11.59408098586034,-12.65752874720157,24.25160973306191
178,70,70,2020-07-29,31050.0,300.0,1461720,408671,503710,-95039,395654,207595,188059,-93020,657395,750415,44.97407164162768,-11.076779506484428,51.33780751443504,8.286371357757687,-6.363735872807378,-6.501860821497961,12.865596694305339
179,69,69,2020-07-30,30950.0,-100.0,1905955,443622,609540,-165918,394029,475874,-81845,247763,1068304,820541,56.05085114811211,-3.1610501395574886,43.05143615667736,18.481121416696954,12.99941499143474,-8.705242253883224,-4.294172737551516
180,68,68,2020-07-31,30100.0,-850.0,2110091,411702,534576,-122874,448964,1057059,-608095,730969,1249425,518456,59.21190128766959,5.6558085973702035,24.57031473998041,0.9199567208799913,34.64158654768917,-5.823161181200242,-28.818425366488928
181,67,67,2020-08-03,29900.0,-200.0,1649493,345444,577150,-231706,420645,682232,-261587,493293,883404,390111,53.55609269029939,15.561145070089552,23.65035801910041,-15.929834580316806,29.905734671198967,-14.047104170796725,-15.858630500402244
182,66,66,2020-08-04,30200.0,300.0,1274251,419641,514015,-94374,370459,255885,114574,-20200,484151,504351,37.99494762020984,-21.78735391794762,39.58019259941722,1.0136855494645545,-1.5852449792073933,-7.406233151867254,8.991478131074649
183,65,65,2020-08-05,30000.0,-200.0,1295186,305365,460894,-155529,215529,334784,-119255,274784,774292,499508,59.78230153815746,16.153603106359654,38.566507049952676,-26.39881427664305,21.215794488204786,-12.008236654812515,-9.20755783339227
184,64,64,2020-08-06,30700.0,700.0,2473278,861291,675411,185880,532928,191094,341834,-527714,1079059,1606773,43.6286984317978,-24.102289990734874,64.96532132659571,30.265141332379464,-21.33662289479792,7.515532018640847,13.821090876157069
185,63,63,2020-08-07,30200.0,-500.0,1604496,342345,571312,-228967,175410,476421,-301011,529978,1086741,556763,67.73098842253268,22.440980656153982,34.70017999421625,-32.0446574245201,33.03080842831643,-14.270337850639704,-18.760470577676724
186,62,62,2020-08-10,30850.0,650.0,2038273,606212,521230,84982,508927,156601,352326,-437308,923134,1360442,45.290007766378686,-4.216374816071949,66.74483741873635,-15.55336584331326,-21.454829652357656,4.169313924091621,17.285515728266038
187,61,61,2020-08-11,32850.0,2000.0,5025552,1356344,655481,700863,1181239,234132,947107,-1647970,2487969,4135939,49.50638258245064,-2.8346874720382402,82.29820326204961,27.32651682535512,-32.79182067959898,13.94599041060564,18.845830268993332
188,60,60,2020-08-12,33800.0,950.0,4929263,992993,1120405,-127412,1356241,1099159,257082,-129670,2580029,2709699,52.34107005448888,6.292431910872822,54.97168643669449,-0.8624760550866597,-2.6306163822056154,-2.584808317186565,5.215424699392182
189,59,59,2020-08-13,33800.0,0.0,3437220,1079937,966972,112965,774490,551105,223385,-336350,1582793,1919143,46.04863814361607,-13.922341137822585,55.83416249178115,8.886633851365637,-9.785524348165088,3.2865222476303524,6.499002100534733
190,58,58,2020-08-14,32700.0,-1100.0,2294223,732732,727691,5041,185623,489451,-303828,298787,1375868,1077081,59.970979281438645,23.303774474293604,46.947528640415506,-2.0085358379348217,13.023450641023128,0.21972580695076285,-13.243176447973891
191,57,57,2020-08-18,31600.0,-1100.0,2923648,719693,597904,121789,1131935,894441,237494,-359283,1072020,1431303,36.66720480714505,-3.202830183434415,48.95606447835034,13.508053228631852,-12.288859671205287,4.1656519526290445,8.123207718576245
192,56,56,2020-08-19,31400.0,-200.0,1456392,363526,375733,-12207,512202,564397,-52195,64402,580664,516262,39.87003499057946,-11.834814078698294,35.448011249718476,-11.81711099743815,4.422023740860976,-0.8381671967437339,-3.583856544117243
193,55,55,2020-08-20,30250.0,-1150.0,1790921,556522,678655,-122133,308406,265785,42621,79512,925993,846481,51.704849069277756,5.83386794256181,47.26512224715663,1.6381902842265248,4.439726822121132,-6.819563788687496,2.3798369665663643
194,54,54,2020-08-21,30750.0,500.0,1344811,499557,561263,-61706,228376,169952,58424,3282,616878,613596,45.870981126715954,-6.831343819507012,45.62693196293011,18.72952123465104,0.2440491637858405,-4.588451462696245,4.3444022989104045
195,53,53,2020-08-24,30700.0,-50.0,1091079,470699,428997,41702,45356,368610,-323254,281552,575024,293472,52.70232494622297,9.004841073193994,26.89741072827907,-17.016382224938926,25.804914217943892,3.822088043120617,-29.627002261064504
196,52,52,2020-08-25,31400.0,700.0,1377196,513514,591838,-78324,261882,180579,81303,-2979,601800,604779,43.697483873028965,-16.78493520328363,43.91379295321799,22.97780387231948,-0.21630908018902176,-5.687207921022135,5.903517001211156
197,51,51,2020-08-26,30700.0,-700.0,1469718,314775,680221,-365446,266022,481797,-215775,581221,888921,307700,60.4824190763126,-13.124469760947196,20.935989080898512,-4.34309960763358,39.546429995414094,-24.86504213733519,-14.681387858078894
198,50,50,2020-08-27,30000.0,-700.0,2229578,264402,674790,-410388,324053,991171,-667118,1077506,1641123,563617,73.6068888372598,32.97719883960041,25.27908868853209,-16.358638847374735,48.327800148727704,-18.406532536650435,-29.921267612077266
199,49,49,2020-08-28,30300.0,300.0,2354079,769470,548104,221366,628154,825790,-197636,-23730,956455,980185,40.629689997659376,-20.83493045584627,41.637727535906826,24.23146931693089,-1.008037538247442,9.40350769876457,-8.395470160517128
200,48,48,2020-08-31,29650.0,-650.0,3547431,720679,688805,31874,646337,2241151,-1594814,1562940,2180415,617475,61.46462045350565,28.600330057924786,17.406258218975932,-15.726749935611856,44.05836223452972,0.8985093719934228,-44.95687160652313
201,47,47,2020-09-01,30050.0,400.0,1751652,506969,524099,-17130,669015,647178,21837,-4707,575668,580375,32.86429039558086,-17.14459966147011,33.133008154587785,3.613998893467485,-0.268717759006926,-0.9779339731864548,1.2466517321933808
202,46,46,2020-09-02,30200.0,150.0,1293580,381933,349720,32213,264742,562008,-297266,265053,646905,381852,50.00889005705097,-6.027088313418993,29.5190092611203,0.9687463061389856,20.489880795930677,2.490220937243928,-22.9801017331746
203,45,45,2020-09-03,30000.0,-200.0,1618528,412672,511193,-98521,298898,645241,-346343,444864,906958,462094,56.03597837046996,-16.814432151859776,28.55026295498132,0.08385005116239341,27.485715415488638,-6.087074180984203,-21.398641234504442
204,44,44,2020-09-04,29650.0,-350.0,2284285,327597,779444,-451847,292577,854587,-562010,1013857,1664111,650254,72.85041052232972,-8.159459831253812,28.466412903818927,1.4967151285695015,44.383997618510826,-19.780675353557022,-24.603322264953803
205,43,43,2020-09-07,29100.0,-550.0,3761770,348578,621917,-273339,365787,2125315,-1759528,2032867,3047405,1014538,81.00987035358355,14.493050598994985,26.969697775249426,6.872213993878162,54.04017257833414,-7.2662337144482505,-46.77393886388588
206,42,42,2020-09-08,29050.0,-50.0,2761485,501933,551354,-49421,422700,1655142,-1232442,1281863,1836852,554989,66.51681975458857,-9.681851195374547,20.097483781371256,3.0839625299599263,46.419335973217315,-1.7896530308873668,-44.62968294232994
207,41,41,2020-09-09,28400.0,-650.0,4212332,520561,709341,-188780,482030,2786325,-2304295,2493075,3209741,716666,76.19867094996312,27.63831074676232,17.01352125141133,-10.379537157290171,59.185149698551776,-4.481603064525778,-54.703546634026004
208,40,40,2020-09-10,28500.0,100.0,1994874,474591,863963,-389372,551565,584454,-32889,422261,968718,546457,48.5603602032008,-11.082850439302838,27.393058408701506,6.932845154629043,21.167301794499306,-19.518626239050686,-1.6486755554486148
209,39,39,2020-09-11,28450.0,-50.0,1732675,290874,297989,-7115,408378,1080177,-671799,678914,1033423,354509,59.643210642503654,-11.417842184411507,20.46021325407246,-13.479280151479962,39.18299738843118,-0.4106367322204105,-38.77236065621077
210,38,38,2020-09-14,28750.0,300.0,2004641,320879,315867,5012,259243,1008409,-749166,744154,1424519,680365,71.06105282691514,5.456778605135511,33.93949340555242,2.5640001672924235,37.121559421362726,0.2500198289868361,-37.37157925034956
211,37,37,2020-09-15,28750.0,0.0,1471145,250242,416136,-165894,255769,593430,-337661,503555,965134,461579,65.60427422177963,0.07268166923248033,31.37549323826,-7.603060552380402,34.22878098351964,-11.27652270850256,-22.95225827501708
212,36,36,2020-09-16,28700.0,-50.0,1244882,227979,367002,-139023,201112,392643,-191531,330554,815791,485237,65.53159255254715,3.7341400712312094,38.9785537906404,8.25086938577358,26.55303876190675,-11.167564475990496,-15.385474285916256
213,35,35,2020-09-17,28550.0,-150.0,1612471,349571,387893,-38322,266434,729103,-462669,500991,996466,495475,61.797452481315936,-2.9660658108011546,30.72768440486681,12.378448081723352,31.069768076449126,-2.376600881504225,-28.693167194944905
214,34,34,2020-09-18,28350.0,-200.0,2219918,311450,256045,55405,470771,1556535,-1085764,1030359,1437697,407338,64.7635182921171,4.780095755545723,18.349236323143465,-17.11943914777062,46.41428196897362,2.4958129084047247,-48.910094877378356
215,33,33,2020-09-21,28150.0,-200.0,1366916,314671,199300,115371,232322,682789,-450467,335096,819923,484827,59.98342253657138,-17.088198352784126,35.46867547091409,4.236074800341388,24.514747065657293,8.440240658533517,-32.95498772419081
216,32,32,2020-09-22,27600.0,-550.0,2362160,273149,516848,-243699,268456,1107548,-839092,1082791,1820555,737764,77.0716208893555,26.77557689051812,31.23260067057269,4.800507932130433,45.839020218782814,-10.316786331154537,-35.522233887628275
217,31,31,2020-09-23,27600.0,0.0,1771865,337437,435665,-98228,543250,867859,-324609,422837,891178,468341,50.29604399883738,16.951681562927337,26.432092738442265,-4.1924288586430585,23.863951260395122,-5.543763209951097,-18.320188050444024
218,30,30,2020-09-24,27200.0,-400.0,1870808,402719,345412,57307,844280,952470,-108190,50883,623809,572926,33.34436243591005,2.2933527564108687,30.624521597085323,12.936833146142352,2.7198408388247217,3.063221880599185,-5.783062719423906
219,29,29,2020-09-25,27350.0,150.0,1927889,381991,271322,110669,947269,1315568,-368299,257630,598629,340999,31.051009679499177,-6.4159232277152105,17.687688450942968,-2.4538894013739667,13.363321228556206,5.740423852203108,-19.10374508075932
220,28,28,2020-09-28,27500.0,150.0,1193407,318988,238558,80430,427286,714478,-287192,206762,447133,240371,37.466932907214385,0.3609198072027979,20.141577852316946,0.12340314547006415,17.32535505489745,6.739528090584352,-24.0648831454818
221,27,27,2020-09-29,27600.0,100.0,1715571,404086,317548,86538,674905,1054597,-379692,293154,636580,343426,37.1060131000116,-12.354596816679681,20.018174706846874,-13.719767201382982,17.087838393164727,5.044268060021999,-22.13210645318672
222,26,26,2020-10-05,28550.0,950.0,3155972,603786,542545,61241,991223,1548667,-557444,496203,1560963,1064760,49.46060991669128,-10.3102695373801,33.737941908229864,7.643527032727082,15.72266800846142,1.9404798268172212,-17.66314783527864
223,25,25,2020-10-06,28350.0,-200.0,2128923,514424,485246,29178,342023,1088147,-746124,716946,1272476,555530,59.77087945407138,23.90232954129605,26.094414875502768,-2.7336038482015503,33.6764645785686,1.3705521524263675,-35.04701673099497
224,24,24,2020-10-07,28500.0,150.0,1520212,554084,225075,329009,420850,856890,-436040,107031,545278,438247,35.86854991277532,-11.919087607946976,28.828018723704325,15.915499371473167,7.040531189070998,21.642310414600068,-28.68284160367107
225,23,23,2020-10-08,28350.0,-150.0,2335648,544594,743602,-199008,674903,1290455,-615552,814560,1116151,301591,47.787637520722285,-1.1788497795350708,12.91251935223116,-6.312636119056307,34.87511816849114,-8.520461987422763,-26.354656181068385
226,22,22,2020-10-12,28450.0,100.0,2396584,493837,335672,158165,729224,1600165,-870941,712776,1173523,460747,48.96648730025737,-24.26233082334581,19.225155471287465,0.255719119756737,29.741331828969898,6.59960176651434,-36.340933595484245
227,21,21,2020-10-13,28350.0,-100.0,1886424,298257,528818,-230561,206761,999762,-793001,1023562,1381406,357844,73.22881812360319,7.1236960111721865,18.969436351530724,0.7626053984737915,54.25938177207245,-12.222119735541954,-42.03726203653049
228,20,20,2020-10-14,27950.0,-400.0,2222501,291062,435034,-143972,462252,1382820,-920568,1064540,1469187,404647,66.10512211243099,14.943319370459427,18.206830953056933,-17.407800901309038,47.89829115937405,-6.4779273440146925,-41.420363815359366
229,19,19,2020-10-15,28050.0,100.0,1332326,362294,242831,119463,288390,614992,-326602,207139,681642,474503,51.161802741971556,-2.655528528160197,35.61463185436597,11.396452686293578,15.547170887605589,8.966499190138151,-24.513670077743736
230,18,18,2020-10-16,27950.0,-100.0,1591701,415382,272722,142660,319708,933498,-613790,471130,856611,385481,53.81733127013176,24.63963572449336,24.2181791680724,-33.931213930350864,29.59915210205937,8.962738604800775,-38.56189070686015
231,17,17,2020-10-19,29000.0,1050.0,3804406,1740911,535767,1205144,953457,1056400,-102943,-1102201,1110038,2212239,29.1776955456384,-12.58993982017973,58.14939309842325,29.612884123476825,-28.971697552784853,31.677586461592163,-2.7058889088073146
232,16,16,2020-10-20,29000.0,0.0,3020408,716016,556084,159932,1042839,1602405,-559566,399634,1261553,861919,41.76763536581813,4.704925584699609,28.53650897494643,-4.285224348931983,13.231126390871696,5.295046232164661,-18.52617262303636
233,15,15,2020-10-21,29200.0,200.0,3384480,1541113,411825,1129288,588987,1861810,-1272823,143535,1254380,1110845,37.06270978111852,-4.387790098839802,32.82173332387841,-35.59468573389356,4.240976457240108,33.36666193920484,-37.607638396444955
234,14,14,2020-10-22,30200.0,1000.0,4540090,1702929,669373,1033556,955271,764550,190721,-1224277,1881890,3106167,41.45049987995832,-1.8565113344781563,68.41641905777198,-4.831421711765998,-26.965919177813653,22.7650993702768,4.200819807536854
235,13,13,2020-10-23,31350.0,1150.0,6673095,2214500,876901,1337599,1568677,908296,660381,-1997980,2889918,4887898,43.307011214436464,-4.4537660962372225,73.24784076953797,19.707373073297926,-29.94082955510149,20.044656939546048,9.89617261555545
236,12,12,2020-10-26,30950.0,-400.0,3771465,1770994,783462,987532,199190,968743,-769553,-217979,1801281,2019260,47.7607773106737,-9.262123133916738,53.540467696240064,6.902897530105584,-5.779690385566353,26.184307689452247,-20.404617303885892
237,11,11,2020-10-27,30200.0,-750.0,4310484,1124079,871422,252657,728442,1428757,-700315,447658,2457963,2010305,57.02290044459043,26.735787761602353,46.63757016613447,-26.704588004363647,10.385330278455971,5.8614531454008425,-16.24678342385681
238,10,10,2020-10-28,31500.0,1300.0,4419345,1713384,600723,1112661,1367469,577379,790090,-1902751,1338492,3241243,30.28711268298809,-17.758559510914125,73.34215817049812,17.32956561132147,-43.055045487510036,25.177056781038818,17.877988706471207
239,9,9,2020-10-29,31450.0,-50.0,3103420,874029,691503,182526,738332,673611,64721,-247247,1491059,1738306,48.045672193902206,-3.0295550441057344,56.012592559176646,11.266612189485246,-7.966920365274439,5.881446919849714,2.085473445424725
240,8,8,2020-10-30,30350.0,-1100.0,4189440,812071,796686,15385,1237603,1518148,-280545,265160,2139766,1874606,51.07522723800796,17.597701994366332,44.74598036969141,-26.241941353770837,6.329246868316528,0.36723285212343415,-6.696479720439964
