,Unnamed: 0,Unnamed: 0.1,날짜,종가,대비,거래량,기관 매수,기관 매도,기관 순매수,외국인 매수,외국인 매도,외국인 순매수,개인 순매수,개인 매수,개인 매도,개인매수비율(%),개인매수비율증가(%p),개인매도비율(%),개인매도비율증가(%p),개인 순매수비율,기관 순매수비율,외국인 순매수비율
15,233,233,2019-12-02,156500.0,1000.0,250192,86623,74810,11813,101491,67235,34256,-46069,62078,108147,24.812144273198186,-2.9730187954397214,43.2256027370979,7.130076241364157,-18.413458463899726,4.721573831297564,13.69188463260216
16,232,232,2019-12-03,157000.0,500.0,235453,86904,86237,667,83128,64228,18900,-19567,65421,84988,27.78516306863791,-7.131046435481918,36.09552649573375,-1.0879804807311328,-8.310363427095853,0.28328371267301755,8.027079714422836
17,231,231,2019-12-04,156000.0,-1000.0,233141,82535,103231,-20696,69202,43220,25982,-5286,81404,86690,34.91620950411982,-4.431471906761266,37.183506976464884,0.6186078725264892,-2.2672974723450614,-8.87703149596167,11.144328968306732
18,230,230,2019-12-05,149500.0,-6500.0,841460,349354,398832,-49478,161011,134949,26062,23416,331095,307679,39.347681410881094,14.602742919343012,36.5648991039384,-15.051654014817471,2.782782306942695,-5.880018063841418,3.097235756898724
19,229,229,2019-12-06,153500.0,4000.0,415390,200559,139151,61408,112043,61829,50214,-111622,102788,214410,24.744938491538075,-22.58009049884834,51.61655311875587,19.518397281401285,-26.8716146272178,14.783215773128864,12.08839885408893
20,228,228,2019-12-09,151500.0,-2000.0,267330,78774,133613,-54839,62042,47909,14133,40706,126514,85808,47.32502899038642,13.303745221004505,32.09815583735458,-2.4116237678958328,15.226873153031836,-20.513597426401827,5.286724273369992
21,227,227,2019-12-10,149500.0,-2000.0,516074,203543,236065,-32522,136956,101913,35043,-2521,175575,178096,34.02128376938191,6.137491580309877,34.50977960525041,9.469108537845802,-0.4884958358684995,-6.301809430430518,6.790305266299018
22,226,226,2019-12-11,150000.0,500.0,480071,151083,283739,-132656,195126,76119,119007,13649,133862,120213,27.883792189072032,6.656079619144473,25.04067106740461,13.025659341253185,2.8431211216674197,-27.632579347638163,24.78945822597074
23,225,225,2019-12-12,149500.0,-500.0,710378,426017,492866,-66849,133564,132160,1404,65445,150797,85352,21.227712569927558,-21.96307071108781,12.01501172615143,-31.223930356322704,9.212700843776132,-9.410342099558264,0.1976412557821329
24,224,224,2019-12-13,151000.0,1500.0,456822,130940,158084,-27144,128577,101213,27364,-220,197305,197525,43.19078328101536,-3.3185824100935406,43.23894208247414,-5.054701364908019,-0.048158801458773874,-5.9419204854407175,5.990079286899492
25,223,223,2019-12-16,151500.0,500.0,297095,84911,83145,1766,74007,70472,3535,-5301,138177,143478,46.5093656911089,-7.977060829381834,48.293643447382145,8.725718043513133,-1.784277756273246,0.5944226594187044,1.1898550968545414
26,222,222,2019-12-17,150500.0,-1000.0,275832,71676,91314,-19638,53865,75377,-21512,41150,150291,109141,54.48642652049074,20.47205670343687,39.56792540386903,-2.6576554026132237,14.918501116621714,-7.119551031062387,-7.798950085559326
27,221,221,2019-12-18,151000.0,500.0,252752,54698,66741,-12043,112082,79285,32797,-20754,85972,106726,34.01436981705387,-9.66913136862248,42.22558080648224,-7.904360222468733,-8.211210989428372,-4.764749636006837,12.975960625435212
28,220,220,2019-12-19,150000.0,-1000.0,175849,50797,49156,1641,48235,38540,9695,-11336,76817,88153,43.683501185676356,10.201665253547539,50.12994102895098,13.303496566172875,-6.446439843274628,0.93318699566105,5.513252847613576
29,219,219,2019-12-20,150000.0,0.0,545445,168891,176752,-7861,193929,167825,26104,-18243,182625,200868,33.48183593212881,-22.551798150784922,36.8264444627781,-4.42717670566401,-3.3446085306492863,-1.4412085544830369,4.785817085132323
30,218,218,2019-12-23,148500.0,-1500.0,283403,64774,99325,-34551,59828,67164,-7336,41887,158801,116914,56.03363408291372,2.496413127927965,41.25362116844211,-20.42270156813614,14.780012914471616,-12.19147292018786,-2.5885399942837584
31,217,217,2019-12-24,146500.0,-2000.0,367817,84034,102369,-18335,86864,38592,48272,-29937,196919,226856,53.53722095498576,13.490293518015294,61.67632273657826,-12.427584455534447,-8.139101781592476,-4.984815818735949,13.123917600328426
32,216,216,2019-12-26,148000.0,1500.0,320921,88946,48566,40380,103456,34540,68916,-109296,128519,237815,40.04692743697047,0.9427666834819419,74.1039071921127,13.205171695087152,-34.05697975514223,12.582535888894775,21.474443866247455
33,215,215,2019-12-27,153500.0,5500.0,690548,197913,185704,12209,222602,84309,138293,-150502,270033,420535,39.10416075348853,3.138767496110212,60.89873549702555,26.860372224224463,-21.794574743537016,1.7680161263228624,20.026558617214157
34,214,214,2019-12-30,153500.0,0.0,428587,165201,117287,47914,109243,165416,-56173,8259,154143,145884,35.96539325737833,-23.98971923105755,34.038363272801085,-5.141547698918124,1.927029984577227,11.179527143847109,-13.106557128424337
35,213,213,2020-01-02,152500.0,-1000.0,241047,33704,104421,-70717,62823,42184,20639,50078,144520,94442,59.95511248843586,21.283435996922506,39.17991097171921,0.8074264712618415,20.775201516716656,-29.33743211904732,8.562230602330668
36,212,212,2020-01-03,152500.0,0.0,314848,88095,112678,-24583,104996,81355,23641,942,121757,120815,38.67167649151336,15.045449398311426,38.37248450045737,-24.570507257540164,0.29919199105600164,-7.807894603110072,7.508702612054072
37,211,211,2020-01-06,154500.0,2000.0,393715,159041,79014,80027,141654,66885,74769,-154796,93020,247816,23.62622709320193,-9.89111311479963,62.94299175799753,-13.501390795389455,-39.316764664795606,20.326124226915407,18.99064043788019
38,210,210,2020-01-07,160000.0,5500.0,840186,331694,148734,182960,226884,49177,177707,-360667,281608,642275,33.517340208001556,-3.2700024886738253,76.44438255338699,19.818003855870842,-42.92704234538542,21.776130523479324,21.150911821906107
39,209,209,2020-01-08,159500.0,-500.0,851619,366182,239479,126703,172149,129899,42250,-168953,313288,482241,36.78734269667539,6.763171524242594,56.626378697516145,21.421174210308195,-19.83903600084075,14.877897275659654,4.9611387251810966
40,208,208,2020-01-09,164000.0,4500.0,878319,489750,463931,25819,124861,105174,19687,-45506,263708,309214,30.024171172432794,-4.469466643374878,35.20520448720795,-9.757796811603212,-5.181033314775156,2.939592562611079,2.2414407521640767
41,207,207,2020-01-10,165000.0,1000.0,401906,130408,167205,-36797,132866,53992,78874,-42077,138632,180709,34.49363781580767,-6.6677208657910025,44.96300129881117,-2.2473370261094203,-10.46936348300349,-9.155623454240542,19.62498693724403
42,206,206,2020-01-13,167000.0,2000.0,475667,100101,181199,-81098,179775,69904,109871,-28773,195791,224564,41.16135868159868,-2.455959160238756,47.21033832492058,-2.8461246811793117,-6.0489796433219025,-17.049322320026405,23.09830196334831
43,205,205,2020-01-14,167000.0,0.0,423286,90072,132595,-42523,148588,78809,69779,-27256,184626,211882,43.617317841837426,6.332981988951055,50.056463006099904,-6.556660453441907,-6.43914516426246,-10.045926394919746,16.48507155918221
44,204,204,2020-01-15,170000.0,3000.0,462119,134259,122439,11820,155562,78060,77502,-89322,172298,261620,37.28433585288638,-11.363418993315685,56.61312345954182,4.409884839127955,-19.328787606655432,2.5577827356157186,16.77100487103971
45,203,203,2020-01-16,171500.0,1500.0,260049,63603,65882,-2279,69938,58413,11525,-9246,126508,135754,48.64775484620206,-13.972479476820908,52.20323862041385,2.4665419210081154,-3.5554837742117837,-0.8763732988782883,4.431857073090073
46,202,202,2020-01-17,168500.0,-3000.0,354724,75254,87550,-12296,57341,90746,-33405,45701,222129,176428,62.620234323022956,21.4221054959225,49.73669669940573,9.871515758037576,12.883537623617235,-3.466356942298801,-9.417180681318433
47,201,201,2020-01-20,168500.0,0.0,380510,93230,170090,-76860,130517,58729,71788,5072,156763,151691,41.19812882710047,-11.821619088254593,39.86518094136815,-8.40633041014987,1.3329478857323067,-20.199206328348797,18.866258442616488
48,200,200,2020-01-21,165000.0,-3500.0,389155,61264,119675,-58411,121562,81629,39933,18478,206329,187851,53.01974791535506,5.819787570356546,48.27151135151803,17.45580797092915,4.7482365638370325,-15.009700504940193,10.26146394110316
49,199,199,2020-01-22,166000.0,1000.0,504350,115554,106204,9350,150743,242727,-91984,82634,238053,155419,47.19996034499852,-9.399817034260652,30.81570338058888,-9.372905858171864,16.384256964409634,1.8538713195201744,-18.238128283929807
50,198,198,2020-01-23,165500.0,-500.0,323420,46989,92804,-45815,93376,100638,-7262,53077,183055,129978,56.59977737925917,10.214155394488266,40.18860923876074,-18.905789352118944,16.411168140498418,-14.165790612825427,-2.245377527672995
51,197,197,2020-01-28,162500.0,-3000.0,513228,133829,102724,31105,141335,107215,34120,-65225,238064,303289,46.3856219847709,-6.754086519855484,59.094398590879685,23.110121627165732,-12.708776606108787,6.060659200199522,6.6481174059092645
52,196,196,2020-01-29,163500.0,1000.0,255167,72427,93540,-21113,47145,69807,-22662,43775,135595,91820,53.13970850462638,14.596400666151116,35.98427696371396,-10.128950761705466,17.15543154091242,-8.274189060497635,-8.881242480414787
53,195,195,2020-01-30,162000.0,-1500.0,418908,161512,127615,33897,95935,98121,-2186,-31711,161461,193172,38.54330783847527,-8.536881835778559,46.11322772541943,-0.4555002954551455,-7.569919886944151,8.091752843106363,-0.5218329561622123
54,194,194,2020-01-31,159000.0,-3000.0,346067,124542,80833,43709,58596,104075,-45479,1770,162929,161159,47.080189674253816,8.25681567948611,46.568728020874566,-2.9683166610957628,0.511461653379259,12.630213224606795,-13.141674877986054
55,193,193,2020-02-03,159500.0,500.0,423907,137838,112761,25077,121494,101155,20339,-45416,164575,209991,38.82337399476772,-4.393360685668881,49.53704468197035,1.1013613905598305,-10.713670687202617,5.915684336422848,4.7979863507797695
56,192,192,2020-02-04,164500.0,5000.0,394773,100498,121045,-20547,123667,82517,41150,-20603,170608,191211,43.2167346804366,-8.091493281240062,48.435683291410506,24.77246992638908,-5.218948610973903,-5.204763243686879,10.423711854660779
57,191,191,2020-02-05,163000.0,-1500.0,456954,95681,145484,-49803,126818,203340,-76522,126325,234455,108130,51.30822796167666,11.825505569983251,23.663213365021424,-23.23667142677053,27.645014596655244,-10.8989088617235,-16.746105734931742
58,190,190,2020-02-06,166000.0,3000.0,552044,195523,110525,84998,138559,182611,-44052,-40946,217962,258908,39.48272239169341,-8.190328747935013,46.89988479179196,1.9462360654943112,-7.417162400098543,15.396961111795434,-7.979798711696893
59,189,189,2020-02-07,167500.0,1500.0,522100,112012,111369,643,161187,176028,-14841,14198,248901,234703,47.67305113962843,15.775628636436874,44.953648726297644,6.581434840170175,2.7194024133307795,0.12315648343229267,-2.842558896763072
60,188,188,2020-02-10,169000.0,1500.0,375209,129923,84840,45083,125604,146393,-20789,-24294,119682,143976,31.897422503191557,-10.1844998724271,38.37221388612747,-14.566051287094732,-6.47479138293591,12.015436729929187,-5.540645346993276
61,187,187,2020-02-11,170000.0,1000.0,307120,92643,68455,24188,85235,76081,9154,-33342,129242,162584,42.081922375618646,0.9512511851558898,52.9382651732222,-3.0554786521148216,-10.856342797603542,7.87574889294087,2.9805939046626726
62,186,186,2020-02-12,172000.0,2000.0,407917,145982,88809,57173,94156,90700,3456,-60629,167779,228408,41.130671190462756,3.517331325288482,55.99374382533702,-5.038801782177436,-14.863072634874252,14.015841457943651,0.8472311769306011
63,185,185,2020-02-13,179000.0,7000.0,1877980,466315,505741,-39426,705294,226060,479234,-439808,706371,1146179,37.61333986517428,-6.2622620059659635,61.03254560751446,20.071344871293547,-23.419205742340175,-2.0993833800146966,25.51858912235487
64,184,184,2020-02-14,180000.0,1000.0,948085,221874,216872,5002,310233,342866,-32633,27631,415978,388347,43.87560187114026,-12.482774367445336,40.96120073622091,-14.940902430672429,2.9144011349193373,0.5275898258067578,-3.4419909607260952
65,183,183,2020-02-17,180500.0,500.0,329408,92946,88125,4821,50813,57137,-6324,1503,185649,184146,56.358376238585606,20.41458369942444,55.902103166893326,12.983122761514387,0.4562730716922479,1.4635345832523798,-1.9198076549446281
66,182,182,2020-02-18,182000.0,1500.0,587253,85530,201406,-115876,290642,133804,156838,-40962,211081,252043,35.94379253916115,-0.20820474916943246,42.91898040537895,-11.460042894728607,-6.975187866217798,-19.73187025013069,26.707058116348485
67,181,181,2020-02-19,190000.0,8000.0,1362998,384336,360356,23980,485911,261457,224454,-248434,492751,741185,36.15199728833058,-10.341549537145987,54.37902330010756,1.5596299807188032,-18.22702601177698,1.759356946965439,16.467669064811542
68,180,180,2020-02-20,190500.0,500.0,547405,175106,125726,49380,117791,132543,-14752,-34628,254508,289136,46.493546825476564,6.858418973402152,52.81939331938875,5.51654299073882,-6.325846493912187,9.020743325325855,-2.6948968314136703
69,179,179,2020-02-21,189500.0,-1000.0,558497,116275,196918,-80643,220861,97394,123467,-42824,221361,264185,39.63512785207441,-11.084723598540108,47.30285032864993,-5.080234518328815,-7.6677224765755225,-14.439289736560806,22.10701221313633
70,178,178,2020-02-24,183500.0,-6000.0,792733,212138,186129,26009,178522,191346,-12824,-13185,402073,415258,50.71985145061452,3.1290993429939036,52.38308484697875,-2.6290388939368303,-1.6632333963642236,3.2809281309091465,-1.6176947345449224
71,177,177,2020-02-25,185500.0,2000.0,596763,182165,173427,8738,130594,95044,35550,-44288,284004,328292,47.590752107620624,7.5042263454851295,55.01212374091558,11.282917616719734,-7.421371633294959,1.464232869665177,5.957138763629782
72,176,176,2020-02-26,184000.0,-1500.0,516378,123102,133278,-10176,186278,157292,28986,-18810,206998,225808,40.086525762135494,-7.6746701688865215,43.72920612419584,-5.256096947408693,-3.6426803620603514,-1.97064940799182,5.613329770052171
73,175,175,2020-02-27,178500.0,-5500.0,785062,189794,252729,-62935,220313,147768,72545,-9610,374955,384565,47.761195931021994,7.568687643448335,48.98530307160453,-3.3045699092922547,-1.2241071405825272,-8.016564296832607,9.240671437415132
74,174,174,2020-02-28,172000.0,-6500.0,1022917,253065,231284,21781,358716,256751,101965,-123746,411136,534882,40.19250828757367,-8.958778109946163,52.28987298089679,10.605678373495357,-12.097364693323113,2.1293027684553096,9.968061924867806
75,173,173,2020-03-02,175000.0,3000.0,793495,214228,221823,-7595,189254,240910,-51656,59251,390013,330762,49.151286397519826,-10.493206517616,41.68419460740143,-0.013724526739615328,7.4670917901184,-0.9571578900938256,-6.509933900024575
76,172,172,2020-03-03,175000.0,0.0,629017,134204,178032,-43828,119639,188698,-69059,112887,375174,262287,59.64449291513584,25.072277931238762,41.697919134141046,0.9672525125964028,17.94657378099479,-6.967697216450429,-10.978876564544358
77,171,171,2020-03-04,179500.0,4500.0,709188,152627,177630,-25003,311379,242701,68678,-43675,245182,288857,34.572214983897084,-23.629244351370357,40.73066662154464,15.193759750304935,-6.158451637647564,-3.525581369115101,9.684033006762665
78,170,170,2020-03-05,179500.0,0.0,821744,147113,218869,-71756,196364,393027,-196663,268419,478267,209848,58.20145933526744,3.3077532285583615,25.53690687123971,-15.93319291342808,32.66455246402773,-8.732159894078935,-23.93239256994879
79,169,169,2020-03-06,175500.0,-4000.0,568424,142854,219794,-76940,113541,112904,637,76303,312029,235726,54.89370610670908,-4.032759626039379,41.47009978466779,-1.4404878489840485,13.423606322041293,-13.535670555782303,0.11206423374101024
80,168,168,2020-03-09,167500.0,-8000.0,805638,193177,211746,-18569,137727,248188,-110461,129030,474734,345704,58.926465732748454,23.52391545011404,42.91058763365184,-14.297142088972066,16.015878099096618,-2.3048813486950714,-13.710996750401545
81,167,167,2020-03-10,173000.0,5500.0,950875,378590,178538,200052,235651,228363,7288,-207340,336634,543974,35.40255028263441,-8.620916395663812,57.2077297226239,24.173909135847893,-21.805179439989487,21.03872748784015,0.7664519521493361
82,166,166,2020-03-11,169000.0,-4000.0,550227,170892,200253,-29361,137106,168213,-31107,60468,242229,181761,44.02346667829823,1.219194345837856,33.033820586776,-6.3214709810320855,10.989646091522227,-5.3361612570811685,-5.653484834441057
83,165,165,2020-03-12,161000.0,-8000.0,1218070,386661,342295,44366,310023,396400,-86377,42011,521386,479375,42.804272332460364,-4.891617454272968,39.355291567808095,-13.76730321304192,3.4489807646522777,3.642319406930637,-7.0913001715829145
84,164,164,2020-03-13,159000.0,-2000.0,1601985,500225,329401,170824,337679,421568,-83889,-86935,764081,851016,47.69588978673334,-18.271260292628945,53.12259478085001,13.221007215659554,-5.426704994116673,10.663270879565038,-5.236565885448367
85,163,163,2020-03-16,147500.0,-11500.0,1252484,260077,272241,-12164,166179,480482,-314303,326467,826228,499761,65.96715007936228,14.856381115703256,39.901587565190454,-9.02425142859029,26.065562514171837,-0.9711900511303936,-25.094372463041445
86,162,162,2020-03-17,147500.0,0.0,1221046,374555,281738,92817,222405,341901,-119496,26679,624086,597407,51.11076896365903,-3.2524203761945434,48.925838993780744,0.007573344275130013,2.1849299698782847,7.601433525026902,-9.786363494905189
87,161,161,2020-03-18,141000.0,-6500.0,1107527,314552,293065,21487,190888,272679,-81791,60304,602087,541783,54.36318933985357,2.2810584082176604,48.918265649505614,-3.361719757104339,5.444923690347955,1.9400881423206842,-7.3850118326686385
88,160,160,2020-03-19,134000.0,-7000.0,2157141,641820,555369,86451,391836,474019,-82183,-4268,1123485,1127753,52.082130931635895,2.402900052624311,52.27998540660995,-4.993782883006503,-0.1978544749740513,4.007665701963848,-3.8098112269897983
89,159,159,2020-03-20,149500.0,15500.0,1765756,475365,429414,45951,413177,325027,88150,-134101,877214,1011315,49.67923087901161,-6.641362375131132,57.27376828961646,13.259260631168333,-7.594537410604862,2.602341433357723,4.99219597724714
90,158,158,2020-03-23,143500.0,-6000.0,1569378,397596,392900,4696,287899,485724,-197825,193129,883883,690754,56.32059325414272,0.6702680581166547,44.01450765844813,-16.902427940232684,12.306085595694599,0.29922682744373885,-12.605312423138336
91,157,157,2020-03-24,154500.0,11000.0,1271387,327437,266298,61139,236419,230599,5820,-66959,707531,774490,55.650325196026074,-21.48378145195869,60.91693559868081,4.209510786068043,-5.266610402654738,4.808842626202722,0.4577677764520166
92,156,156,2020-03-25,154500.0,0.0,1290376,139382,301796,-162414,155674,256841,-101167,263581,995320,731739,77.13410664798477,5.593703285737535,56.70742481261277,4.837868546891394,20.426681835372012,-12.586563916253867,-7.840117919118148
93,155,155,2020-03-26,150500.0,-4000.0,893688,101227,187225,-85998,153113,242911,-89798,175796,639348,463552,71.54040336224723,9.803968704045047,51.86955626572137,-10.911521286865304,19.670847096525854,-9.622821387329806,-10.048025709196052
94,154,154,2020-03-27,152500.0,2000.0,958988,179952,161486,18466,186991,195439,-8448,-10018,592045,602063,61.73643465820218,15.786242066762405,62.78107755258668,10.830023013444375,-1.0446428943844972,1.925571539998415,-0.880928645613918
95,153,153,2020-03-30,153000.0,500.0,668254,229422,189234,40188,131768,131855,-87,-40101,307064,347165,45.95019259143978,-9.351522367398516,51.95105453914231,-3.2174196865937787,-6.0008619477025205,6.013880949459338,-0.013019001756817021
96,152,152,2020-03-31,155500.0,2500.0,1042474,301600,289212,12388,164368,178145,-13777,1389,576506,575117,55.3017149588383,-19.26252125063048,55.16847422573608,8.24988604376339,0.13324073310221646,1.1883269990426621,-1.3215677321448784
97,151,151,2020-04-01,150500.0,-5000.0,794295,119420,211422,-92002,82615,210201,-127586,219588,592260,372672,74.56423620946876,28.915398799644947,46.91858818197269,-15.996844999031149,27.645648027496087,-11.58285020049226,-16.06279782700382
98,150,150,2020-04-02,157000.0,6500.0,1043790,329567,182375,147192,237745,204710,33035,-180227,476478,656705,45.64883740982382,-12.288785929843314,62.91543318100385,7.947306807890924,-17.266595771180025,14.10168712097261,3.1649086502074173
99,149,149,2020-04-03,157500.0,500.0,545749,146586,143932,2654,82969,101829,-18860,16206,316194,299988,57.93762333966714,7.276139441944295,54.96812637311292,-0.5086285367972678,2.9694969665542215,0.4863041434798781,-3.4558011100341
100,148,148,2020-04-06,160500.0,3000.0,807805,268456,119048,149408,130103,240613,-110510,-38898,409246,448144,50.66148389772285,-4.148040015230927,55.476754909910184,16.034770891699893,-4.815271012187347,18.495552763352546,-13.680281751165195
101,147,147,2020-04-07,160000.0,-500.0,920798,304307,241479,62828,111806,316138,-204332,141504,504685,363181,54.80952391295378,5.365325528279719,39.441984018210285,8.250047916095035,15.367539894743473,6.823212039991399,-22.19075193473487
102,146,146,2020-04-08,158000.0,-2000.0,738303,287306,314489,-27183,85949,193523,-107574,134757,365048,230291,49.444198384674046,10.879844673123939,31.19193610211525,4.265039057048401,18.252262282558785,-3.681821691094307,-14.57044059146448
103,145,145,2020-04-09,158000.0,0.0,726920,241169,411244,-170075,205419,119939,85480,84595,280332,195737,38.564353711550105,-13.459545731318354,26.926897045066852,-29.52206309553685,11.637456666483246,-23.396659880041817,11.759203213558573
104,144,144,2020-04-10,161000.0,3000.0,753323,143070,204609,-61539,218345,123471,94874,-33335,391908,425243,52.02389944286846,-21.2448442705952,56.4489601406037,6.740187591475689,-4.425060697735233,-8.169005858044956,12.59406655578019
105,143,143,2020-04-13,157500.0,-3500.0,470251,75048,130145,-55097,50656,106350,-55694,110791,344547,233756,73.26874371346366,26.413541616699586,49.70877254912803,-5.816242598553172,23.559971164335646,-11.716508843149722,-11.84346232118592
106,142,142,2020-04-14,159500.0,2000.0,430759,166300,127659,38641,62626,63921,-1295,-37346,201833,239179,46.85520209676408,-3.696197011967307,55.52501514768119,-8.440662756475113,-8.669813050917103,8.970445190930427,-0.3006321400133253
107,141,141,2020-04-16,165500.0,6000.0,1005533,282215,182371,99844,215007,179966,35041,-134885,508311,643196,50.551399108731395,-14.700227299538753,63.96567790415629,-8.208022288079569,-13.414278795424915,9.929460296181231,3.484818499243685
108,140,140,2020-04-17,172000.0,6500.0,947794,186706,168802,17904,142637,94934,47703,-65607,618451,684058,65.25162640827014,1.7651728523067547,72.17370019223587,9.459151307849341,-6.922073783965714,1.8890180777679535,5.03305570619776
109,139,139,2020-04-20,175000.0,3000.0,859303,184040,232420,-48380,129722,87975,41747,6633,545541,538908,63.486453555963394,11.588920349132273,62.71454888438653,0.68534083261261,0.7719046715768477,-5.630144431009784,4.8582397594329345
110,138,138,2020-04-21,175500.0,500.0,1232126,395326,347763,47563,197357,120085,77272,-124835,639443,764278,51.89753320683111,1.5025735335254282,62.02920805177392,11.035687722281358,-10.131674844942808,3.8602383197822303,6.271436525160576
111,137,137,2020-04-22,177000.0,1500.0,686146,245344,221347,23997,95019,114909,-19890,-4107,345783,349890,50.394959673305685,3.210201967147448,50.99352032949256,-16.565075218656567,-0.5985606561868757,3.497360620042965,-2.898799963856089
112,136,136,2020-04-23,185500.0,8500.0,1509799,394749,284843,109906,402655,204957,197698,-307604,712395,1019999,47.18475770615824,-8.564513028992884,67.55859554814914,22.373233747097792,-20.373837841990884,7.279512041006782,13.094325800984105
113,135,135,2020-04-24,183000.0,-2500.0,1073684,389760,381633,8127,85353,206903,-121550,113423,598571,485148,55.74927073515112,4.4088280808876785,45.18536180105134,-1.2045501473449107,10.563908934099793,0.7569266190052194,-11.320835553105008
114,134,134,2020-04-27,184000.0,1000.0,721963,278413,258772,19641,72891,128273,-55382,35741,370659,334918,51.34044265426344,0.8549781727353221,46.389911948396254,-0.04104172160156594,4.950530705867198,2.72049952698407,-7.671030232851268
115,133,133,2020-04-28,185000.0,1000.0,668638,175712,247050,-71338,155361,111133,44228,27110,337565,310455,50.48546448152812,-5.109126670717778,46.43095366999782,8.96977024952934,4.054510811530305,-10.669151319548096,6.614640508017792
116,132,132,2020-04-29,184000.0,-1000.0,659512,139559,242541,-102982,153300,169910,-16610,119592,366653,247061,55.594591152245904,9.257154460986547,37.461183420468465,-19.08206860104595,18.133407731777435,-15.61487888014168,-2.518528851635755
117,131,131,2020-05-04,186500.0,2500.0,1019409,297608,310611,-13003,249433,132391,117042,-104039,472368,576407,46.337436691259356,-1.4665582064467344,56.54325202151443,-10.47936693664117,-10.20581533025508,-1.2755429861812089,11.481358316436285
118,130,130,2020-05-06,199500.0,13000.0,2035947,748954,466608,282346,313729,204794,108935,-391281,973264,1364545,47.803994897706076,-3.874993157626271,67.02261895815559,7.44568478026747,-19.21862406044951,13.868042733921854,5.3505813265276565
119,129,129,2020-05-07,206000.0,6500.0,2629709,690940,765078,-74138,579762,297931,281831,-207693,1359007,1566700,51.678988055332354,-4.246923639810106,59.57693417788812,0.3908922995385496,-7.897946122555766,-2.819247300746965,10.71719342330273
120,128,128,2020-05-08,206000.0,0.0,1405404,355733,454497,-98764,263686,119104,144582,-45818,785985,831803,55.92591169514246,-1.4034041374540465,59.18604187834957,7.4117887929719615,-3.2601301832071066,-7.02744548898395,10.287575672191057
121,127,127,2020-05-11,207500.0,1500.0,1048413,283268,401116,-117848,164097,104489,59608,58240,601048,542808,57.329315832596514,6.781012626457404,51.77425308537761,-2.1685335014901104,5.555062747218892,-11.240608424351851,5.6855456771329616
122,126,126,2020-05-12,214500.0,7000.0,1563095,452160,574839,-122679,320817,145079,175738,-53059,790118,843177,50.548303206139096,0.9865184488456932,53.942786586867726,8.712867261575509,-3.3944833807286185,-7.848467303650769,11.242950684379391
123,125,125,2020-05-13,216500.0,2000.0,1113608,297713,424775,-127062,263971,185149,78822,48240,551924,503684,49.561784757293395,-3.0146753783540987,45.229919325292215,-8.780354593353536,4.331865432001207,-11.409939583767358,7.078074151766152
124,124,124,2020-05-14,225000.0,8500.0,1459813,419711,519560,-99849,272584,151804,120780,-20931,767518,788449,52.57646013564751,-15.327190781002045,54.010273918645744,-0.5769762508004135,-1.4338137829982334,-6.839848665548258,8.273662448546492
125,123,123,2020-05-15,221500.0,-3500.0,1524083,364500,443334,-78834,124675,248794,-124119,202953,1034908,831955,67.90365091664955,0.3451948106072393,54.58725016944614,-5.8466056838202505,13.3164007472034,-5.172552938389837,-8.143847808813563
126,122,122,2020-05-18,221000.0,-500.0,744533,153908,199290,-45382,87630,95293,-7663,53045,502995,449950,67.55845610604231,9.307462716921805,60.43385585326641,7.830110579552468,7.124600252775902,-6.095364476792835,-1.029235775983066
127,121,121,2020-05-19,220000.0,-1000.0,1308903,361655,540722,-179067,184799,79649,105150,73917,762449,688532,58.25099338912051,2.41890021903776,52.60374527371394,-9.80527184053892,5.6472481154065655,-13.680692916129004,8.033444800722437
128,120,120,2020-05-20,231500.0,11500.0,1773960,592589,462344,130245,190932,204505,-13573,-116672,990439,1107111,55.83209317008275,-13.398217384690788,62.40901711425286,7.392147393361029,-6.5769239441701055,7.342048298721504,-0.7651243545513992
129,119,119,2020-05-21,237500.0,6000.0,1408737,342656,430603,-87947,90808,203091,-112283,200230,975273,775043,69.23031055477354,7.143227127820348,55.016869720891826,-3.4445815070474453,14.213440833881695,-6.242967991896287,-7.970472841985409
130,118,118,2020-05-22,247000.0,9500.0,1887064,538386,687001,-148615,177055,96858,80197,68418,1171623,1103205,62.08708342695319,-17.399240965158263,58.46145122793928,-8.046196742349096,3.6256321990139178,-7.875461563571771,4.249829364557852
131,117,117,2020-05-25,268000.0,21000.0,2653776,361627,713609,-351982,182760,175203,7557,344425,2109389,1764964,79.48632439211146,3.611165999139288,66.50764797028836,2.629247350673701,12.978676421823092,-13.263440471237965,0.2847640494148715
132,116,116,2020-05-26,270000.0,2000.0,3274293,392931,774152,-381221,396987,408575,-11588,392809,2484375,2091566,75.87515839297217,-1.0843162827925,63.87840061961466,0.6804129471546077,11.996757773357484,-11.642849311286435,-0.35390846207104865
133,115,115,2020-05-27,260500.0,-9500.0,2015974,257130,533078,-275948,207361,208841,-1480,277428,1551483,1274055,76.95947467576468,5.162699623741631,63.19798767246007,-5.910181789610398,13.761487003304605,-13.688073358088946,-0.0734136452156625
134,114,114,2020-05-28,267000.0,6500.0,2495048,454327,544712,-90385,249357,226054,23303,67082,1791364,1724282,71.79677505202305,11.925112138293605,69.10816946207046,22.55416787502156,2.6886055899525783,-3.622575597744012,0.9339700077914332
135,113,113,2020-05-29,263500.0,-3500.0,1645822,209813,287421,-77608,450628,592205,-141577,219185,985381,766196,59.87166291372943,-16.92925394687196,46.5540015870489,-19.26941047055385,13.317661326680527,-4.715455255793153,-8.602206070887375
136,112,112,2020-06-01,264000.0,500.0,1083698,146443,219091,-72648,104965,151280,-46315,118963,832290,713327,76.80091686060139,-1.1739637641342568,65.82341205760275,2.8139090305688796,10.977504802998624,-6.703712657954522,-4.273792145044099
137,111,111,2020-06-02,259500.0,-4500.0,978846,125540,265690,-140150,90052,96390,-6338,146488,763254,616766,77.97488062473566,-3.292983956041468,63.009503027033865,3.233209599896597,14.965377597701785,-14.317880442888873,-0.6474971548129124
138,110,110,2020-06-03,249500.0,-10000.0,2302391,248120,721313,-473193,183167,204794,-21627,494820,1871104,1376284,81.26786458077711,12.240483483092106,59.77629342713728,-15.058158747483333,21.491571153639846,-20.552243298379814,-0.9393278552600318
139,109,109,2020-06-04,254000.0,4500.0,1228950,153375,209510,-56135,227263,99762,127501,-71366,848312,919678,69.02738109768501,1.951817988112936,74.83445217462061,21.135819045669308,-5.807071076935595,-4.5677204117335934,10.374791488669189
140,108,108,2020-06-05,251000.0,-3000.0,1007264,221096,253256,-32160,110540,213121,-102581,134741,675628,540887,67.07556310957207,-0.2445138374978768,53.6986331289513,-17.562652417786428,13.37692998062077,-3.1928074467071195,-10.184122533913653
141,107,107,2020-06-08,256500.0,5500.0,1417078,280107,225718,54389,182993,181532,1461,-55850,953978,1009828,67.32007694706995,0.8517264891499536,71.26128554673772,10.89993241292639,-3.9412085996677675,3.8381091231393047,0.10309947652846208
142,106,106,2020-06-09,254500.0,-2000.0,834862,173686,165639,8047,106257,165289,-59032,50985,554919,503934,66.46835045792,14.800511640869393,60.36135313381134,-14.428294535555935,6.106997324108655,0.9638718734353702,-7.0708691975440265
143,105,105,2020-06-10,262000.0,7500.0,1575452,612517,291577,320940,148933,105600,43333,-364273,814002,1178275,51.6678388170506,6.9105657645285214,74.78964766936727,19.808148137025235,-23.121808852316672,20.3712966183673,2.7505122339493684
144,104,104,2020-06-11,265000.0,3000.0,1724551,811364,494476,316888,141325,281891,-140566,-176322,771862,948184,44.75727305252208,-12.118346776072187,54.98149953234204,-14.770569029951663,-10.224226479819963,18.375101693136358,-8.150875213316393
145,103,103,2020-06-12,266000.0,1000.0,1688975,602233,373719,228514,126127,137161,-11034,-217480,960615,1178095,56.875619828594274,-12.288351950934926,69.7520685622937,4.57304414371157,-12.876448733699435,13.529744371586316,-0.653295637886884
146,102,102,2020-06-15,252500.0,-13500.0,1549230,385308,414231,-28923,92413,125226,-32813,61736,1071509,1009773,69.16397177952919,11.066695667952011,65.17902441858213,-5.902382006194159,3.984947360947051,-1.866927441374102,-2.118019919572949
147,101,101,2020-06-16,263000.0,10500.0,915456,257993,197283,60710,125608,67454,58154,-118864,531855,650719,58.09727611157718,-1.82482018132837,71.08140642477629,16.387307970460178,-12.984130313199104,6.631667715324385,6.3524625978747205
148,100,100,2020-06-17,263000.0,0.0,1162204,358050,427617,-69567,107737,98930,8807,60760,696417,635657,59.92209629290555,13.663748894358545,54.69409845431611,-7.940132606567914,5.227997838589438,-5.985782186259898,0.7577843476704607
149,99,99,2020-06-18,263500.0,500.0,981144,319066,295057,24009,208217,71555,136662,-160671,453861,614532,46.258347398547,-7.892605840465919,62.63423106088403,14.894356304600649,-16.375883662337028,2.4470414128812896,13.928842249455734
150,98,98,2020-06-19,263500.0,0.0,920126,252183,314203,-62020,169686,166656,3030,58990,498257,439267,54.15095323901292,5.289226791079578,47.73987475628338,-15.75218162370404,6.411078482729539,-6.740381208660552,0.3293027259310138
151,97,97,2020-06-22,274000.0,10500.0,2008656,571704,554836,16868,455488,178483,277005,-293873,981464,1275337,48.86172644793334,-7.6569298395879954,63.492056379987424,9.768761883048676,-14.630329932054071,0.8397654949379088,13.790564437116164
152,96,96,2020-06-23,281500.0,7500.0,2166267,806890,821722,-14832,135032,180755,-45723,60555,1224345,1163790,56.51865628752135,-8.516632128573988,53.72329449693874,-5.486884992588493,2.7953617905826014,-0.6846801433064346,-2.110681647276167
153,95,95,2020-06-24,282500.0,1000.0,1081233,222445,272959,-50514,155605,168074,-12469,62983,703183,640200,65.03528841609533,-5.007632613209594,59.21017948952724,9.954077349918373,5.8251089265680935,-4.671888482870943,-1.1532204436971494
154,94,94,2020-06-25,274500.0,-8000.0,900258,162362,264237,-101875,107329,192589,-85260,187135,630567,443432,70.04292102930492,8.999469730835322,49.25610213960886,-11.483433694116158,20.786818889696065,-11.316200466977243,-9.47061842271882
155,93,93,2020-06-26,274500.0,0.0,812726,181823,204119,-22296,134787,114961,19826,2470,496116,493646,61.0434512984696,5.676343707222352,60.73953583372502,7.004131669979451,0.30391546474457565,-2.743360000787473,2.4394445360428976
156,92,92,2020-06-29,267500.0,-7000.0,778818,191547,265247,-73700,156062,95070,60992,12708,431209,418501,55.367107591247255,6.102980199160541,53.73540416374558,5.896874723233083,1.6317034275016755,-9.463058121409624,7.831354693907947
157,91,91,2020-06-30,267500.0,0.0,624089,205101,199843,5258,111536,125691,-14155,8897,307452,298555,49.26412739208671,2.3966151996652982,47.8385294405125,-8.311312347790057,1.4255979515742143,0.8425080397186939,-2.2681059912929085
158,90,90,2020-07-01,269500.0,2000.0,578023,187839,200604,-12765,119279,52860,66419,-53654,270905,324559,46.86751219242141,4.103511017269348,56.149841788302545,-14.37038062010631,-9.282329595881134,-2.2083896315544536,11.490719227435589
159,89,89,2020-07-02,285500.0,16000.0,1378545,448333,297662,150671,340691,108730,231961,-382632,589521,972153,42.76400117515206,-15.935538180893744,70.52022240840886,3.421331980092873,-27.756221233256802,10.929712124014811,16.82650910924199
160,88,88,2020-07-03,294000.0,8500.0,1604493,467209,452410,14799,195454,75486,119968,-134767,941830,1076597,58.69953935604581,-8.514226332495156,67.09889042831597,6.364132451409986,-8.399351072270182,0.9223474331143856,7.477003639155796
161,87,87,2020-07-06,300500.0,6500.0,1344851,339938,337650,2288,100988,190409,-89421,87133,903925,816792,67.21376568854096,11.11235019930202,60.734757976906,1.2057076040359858,6.479007711634969,0.1701303713199455,-6.649138082954915
162,86,86,2020-07-07,310500.0,10000.0,1552820,388438,528041,-139603,293228,100400,192828,-53225,871154,924379,56.10141548923894,-4.096812747614443,59.529050372869996,-3.134114058367061,-3.4276348836310717,-8.99028863615873,12.417923519789802
163,85,85,2020-07-08,328000.0,17500.0,1869663,455580,551396,-95816,288579,146677,141902,-46086,1125504,1171590,60.19822823685338,-19.100112378116435,62.66316443123707,-6.336954505090581,-2.464936194383694,-5.124773822876102,7.589710017259795
164,84,84,2020-07-09,355500.0,27500.0,2463503,333479,560378,-226899,176507,203305,-26798,253697,1953517,1699820,79.29834061496982,-5.184866010830987,69.00011893632765,2.306883618721244,10.29822167864216,-9.210421095488822,-1.0878005831533393
165,83,83,2020-07-10,355500.0,0.0,2566935,326448,455968,-129520,71858,398995,-327137,456657,2168629,1711972,84.4832066258008,7.512082625984746,66.69323531760641,1.4771467266011626,17.789971308194406,-5.045706260579252,-12.744265047615151
166,82,82,2020-07-13,352000.0,-3500.0,1391744,249208,260421,-11213,71295,223682,-152387,163600,1071241,907641,76.97112399981606,1.1400648576500316,65.21608859100525,-0.058847306906457675,11.755035408810814,-0.8056797801894602,-10.949355628621356
167,81,81,2020-07-14,343000.0,-9000.0,1212519,193457,314388,-120931,99596,106660,-7064,127995,919466,791471,75.83105914216603,4.9192032201212905,65.2749358979117,5.641759727409415,10.55612324425432,-9.973534435336685,-0.5825888089176334
168,80,80,2020-07-15,337500.0,-5500.0,1487417,291119,394472,-103353,141543,205951,-64408,167761,1054755,886994,70.91185592204474,0.7855932437554856,59.63317617050229,-1.8495475679525624,11.27867975154244,-6.948488554319334,-4.3301911972231055
169,79,79,2020-07-16,322000.0,-15500.0,1941508,333692,529374,-195682,246309,218442,27867,167815,1361507,1193692,70.12626267828925,-4.6683710362293445,61.482723738454844,-5.611925662808133,8.643538939834396,-10.078866530552538,1.4353275907181429
170,78,78,2020-07-17,325000.0,3000.0,1268587,211963,247259,-35296,107789,170174,-62385,97681,948835,851154,74.7946337145186,-5.549886893241193,67.09464940126298,10.722152135191463,7.699984313255613,-2.7823081901359545,-4.91767612311966
171,77,77,2020-07-20,310000.0,-15000.0,1534422,227665,352866,-125201,73933,316564,-242631,367832,1232824,864992,80.3445206077598,12.083007930544186,56.37249726607152,0.13981623328551507,23.97202334168827,-8.15948937124207,-15.8125339704462
172,76,76,2020-07-21,316000.0,6000.0,1676630,353226,351907,1319,178911,381909,-202998,201679,1144493,942814,68.2615126772156,5.127098574888167,56.232681032786,-3.265049490340921,12.0288316444296,0.07866971245892057,-12.107501356888521
173,75,75,2020-07-22,318000.0,2000.0,1159298,328006,331059,-3053,99376,138483,-39107,42160,731916,689756,63.13441410232744,4.694986444415684,59.497730523126926,-9.602699090458863,3.6366835792005165,-0.2633490267385952,-3.3733345524619214
174,74,74,2020-07-23,329500.0,11500.0,1260435,296512,267218,29294,227332,122251,105081,-134375,736591,870966,58.43942765791176,-7.513044845043701,69.10042961358579,9.99833771181384,-10.661001955674033,2.3241182607591817,8.336883694914851
175,73,73,2020-07-24,324500.0,-5000.0,907643,222135,260579,-38444,86895,110628,-23733,62177,598613,536436,65.95247250295546,13.152640903908846,59.10209190177196,-5.446689677550545,6.850380601183505,-4.235586017850632,-2.6147945833328743
176,72,72,2020-07-27,326500.0,2000.0,603322,165397,117306,48091,119372,96579,22793,-70884,318553,389437,52.79983159904661,-5.292768820396198,64.5487815793225,3.0248136640632235,-11.748949980275874,7.971033710025492,3.777916270250381
177,71,71,2020-07-28,329500.0,3000.0,873063,259347,240393,18954,106531,95527,11004,-29958,507185,537143,58.09260041944282,5.085412921969351,61.523967915259284,3.5743046523456243,-3.431367495816453,2.170977352149845,1.2603901436666085
178,70,70,2020-07-29,331500.0,2000.0,618435,215792,224204,-8412,74828,35850,38978,-30566,327815,358381,53.00718749747346,-7.7163069948885905,57.949663262913646,1.8001711606586284,-4.942475765440184,-1.360207620849402,6.302683386289586
179,69,69,2020-07-30,332000.0,500.0,615872,176942,216144,-39202,64951,53919,11032,28170,373979,345809,60.72349449236205,3.645270441833567,56.14949210225502,-15.396348464948368,4.574002390107035,-6.365283695313313,1.7912813052062766
180,68,68,2020-07-31,343500.0,11500.0,1078837,254082,195282,58800,208974,111692,97282,-156082,615781,771863,57.078224050528476,-12.200974484664819,71.54584056720338,-1.7039640824704063,-14.467616516674902,5.450313624764445,9.017302891910457
181,67,67,2020-08-03,366000.0,22500.0,1636803,377682,308938,68744,125157,128910,-3753,-64991,1133964,1198955,69.2791985351933,-6.435790366280018,73.24980464967379,7.810313490586353,-3.970606114480484,4.199894550535404,-0.22928843605491925
182,66,66,2020-08-04,370000.0,4000.0,1714642,330317,410690,-80373,86084,181899,-95815,176188,1298241,1122053,75.71498890147332,3.6681323311712646,65.43949115908744,1.0910839497265383,10.275497742385873,-4.687450791477171,-5.588046950908702
183,65,65,2020-08-05,370500.0,500.0,1075879,243662,261359,-17697,57080,122209,-65129,82826,775137,692311,72.04685657030205,-6.0543150465205136,64.3484072093609,13.46031062425994,7.698449360941146,-1.6448875756474473,-6.0535617852937005
184,64,64,2020-08-06,364000.0,-6500.0,1848898,279894,584447,-304553,124993,323582,-198589,503142,1444011,940869,78.10117161682257,-8.864308547317393,50.88809658510097,-10.582138698671287,27.2130750317216,-16.472136375289498,-10.7409386564321
185,63,63,2020-08-07,353000.0,-11000.0,1899111,147185,350313,-203128,100355,381410,-281055,484183,1651571,1167388,86.96548016413996,11.679234236108528,61.47023528377225,-6.898059372571543,25.495244880367714,-10.695951948043056,-14.79929293232465
186,62,62,2020-08-10,356000.0,3000.0,1086391,147728,217453,-69725,120760,126191,-5431,75156,817903,742747,75.28624592803143,-2.05169898623447,68.36829465634378,11.104588198131246,6.917951271687634,-6.41803917742323,-0.4999120942644039
187,61,61,2020-08-11,352500.0,-3500.0,750285,122035,163480,-41445,47995,157164,-109169,150614,580255,429641,77.3379449142659,9.803802003461088,57.263706458212546,-6.8887734097398745,20.074238456053365,-5.523900917651292,-14.550337538402074
188,60,60,2020-08-12,354000.0,1500.0,729434,149448,154565,-5117,87369,106919,-19550,24667,492617,467950,67.53414291080483,8.315940972993339,64.15247986795242,-2.7858370396361067,3.3816630428524035,-0.7015028090272732,-2.6801602338251302
189,59,59,2020-08-13,360500.0,6500.0,1117859,383548,244786,138762,72335,124797,-52462,-86300,661976,748276,59.21820193781148,-14.687165208308294,66.93831690758853,-9.400684451090669,-7.720114969777048,12.413193434950204,-4.693078465173158
190,58,58,2020-08-14,362500.0,2000.0,825802,163743,112642,51101,51747,82751,-31004,-20097,610312,630409,73.90536714611977,9.503877322611672,76.3390013586792,-1.7245578920819185,-2.4336342125594266,6.1880450761804875,-3.7544108636210622
191,57,57,2020-08-18,378000.0,15500.0,3032037,629574,470263,159311,449786,194858,254928,-414239,1952677,2366916,64.4014898235081,-11.076966931828975,78.06355925076113,17.346378066210047,-13.662069427253034,5.254256461909932,8.407812965343101
192,56,56,2020-08-19,376500.0,-1500.0,1359266,265233,249253,15980,68080,284705,-216625,200645,1025953,825308,75.47845675533708,8.497949978951867,60.71718118455106,-5.28617440077921,14.761275570785998,1.1756344968534491,-15.936910067639447
193,55,55,2020-08-20,364500.0,-12000.0,1686740,449054,414949,34105,107899,158486,-50587,16482,1129787,1113305,66.98050677638521,8.32133265307153,66.00335558533028,-5.901662721798727,0.9771511910549344,2.0219476623546013,-2.9990988534095355
194,54,54,2020-08-21,370000.0,5500.0,1021460,249501,222103,27398,172779,64876,107903,-135301,599180,734481,58.659174123313676,-4.431246317918607,71.90501830712901,1.5441244569895791,-13.245844183815324,2.6822391478863588,10.563605035928964
195,53,53,2020-08-24,380000.0,10000.0,969648,259265,229414,29851,98628,57981,40647,-70498,611755,682253,63.09042044123229,-1.6635089496994409,70.36089385013943,10.161824985965184,-7.27047340890715,3.078539841261984,4.191933567645166
196,52,52,2020-08-25,381000.0,1000.0,887733,225534,236130,-10596,87357,117196,-29839,40435,574842,534407,64.75392939093173,3.8331793552182063,60.19906886417425,-14.821008425062333,4.5548605267574835,-1.1936021303702802,-3.3612583963872016
197,51,51,2020-08-26,392000.0,11000.0,1351029,287614,264746,22868,240358,72740,167618,-190486,823057,1013543,60.92075003571353,-4.706343977930358,75.02007728923657,2.8189914296313674,-14.099327253523054,1.6926357613345089,12.406691492188545
198,50,50,2020-08-27,410500.0,18500.0,1981840,540973,453599,87374,140243,97331,42912,-130286,1300624,1430910,65.62709401364388,-13.875174074658933,72.20108585960521,16.72675148844563,-6.573991845961329,4.4087312800226055,2.1652605659387234
199,49,49,2020-08-28,405500.0,-5000.0,1506996,221681,347310,-125629,87219,323690,-236471,362100,1198096,835996,79.50226808830281,2.9218579520304644,55.47433437115959,-6.250493531998623,24.027933717143245,-8.336385763465861,-15.691547953677382
200,48,48,2020-08-31,407000.0,1500.0,1629751,242446,302561,-60115,139235,321229,-181994,242109,1248070,1005961,76.58041013627235,1.8122550109743685,61.72482790315821,-4.140465863921271,14.855582233114138,-3.6886002831107327,-11.166981950003407
201,47,47,2020-09-01,401500.0,-5500.0,1100736,170327,211254,-40927,107409,164479,-57070,97997,823000,725003,74.76815512529798,14.34066327639573,65.86529376707948,-6.034278198569282,8.902861358218502,-3.7181485842200126,-5.184712773998489
202,46,46,2020-09-02,412000.0,10500.0,921655,206314,192152,14162,158408,66837,91571,-105733,556933,662666,60.42749184890226,-12.677626418448925,71.89957196564876,8.203894794595683,-11.472080116746506,1.536583645724268,9.935496471022237
203,45,45,2020-09-03,410000.0,-2000.0,739215,108744,149791,-41047,90067,118576,-28509,69556,540404,470848,73.10511826735117,-8.806327661675839,63.69567717105308,-4.8602593953479385,9.4094410962981,-5.552782343431884,-3.856658752866216
204,44,44,2020-09-04,402000.0,-8000.0,1168529,124707,203843,-79136,86663,163590,-76927,156063,957159,801096,81.91144592902701,-5.8831240050590745,68.55593656640103,2.397232927087771,13.355509362626002,-6.77227522808591,-6.583234134540093
205,43,43,2020-09-07,392000.0,-10000.0,928939,82605,225276,-142671,30776,89089,-58313,200984,815558,614574,87.79456993408606,9.15406721934417,66.15870363931325,-8.895850865708127,21.635866294772853,-15.358489631719628,-6.277376663053224
206,42,42,2020-09-08,390000.0,-2000.0,1020539,158162,179453,-21291,59820,75125,-15305,36596,802557,765961,78.64050271474191,4.80339967735199,75.05455450502137,14.160428659149375,3.585948209720549,-2.086250500960767,-1.4996977087597831
207,41,41,2020-09-09,384000.0,-6000.0,935573,91854,224111,-132257,152919,141753,11166,121091,690800,569709,73.83710303738992,4.9286491755674575,60.894125845872004,0.1357037975922708,12.942977191517926,-14.136470376977535,1.1934931854596058
208,40,40,2020-09-10,385500.0,1500.0,936708,144450,210119,-65669,146787,157460,-10673,76342,645471,569129,68.90845386182247,-12.820268200636535,60.758422048279726,-3.9674999536374287,8.150031813542748,-7.010615901647045,-1.1394159118957028
209,39,39,2020-09-11,379000.0,-6500.0,792840,60848,153598,-92750,84014,126069,-42055,134805,647978,513173,81.728722062459,13.303669275945367,64.72592200191716,3.9640376588849193,17.002800060541848,-11.698451137682257,-5.304348922859593
210,38,38,2020-09-14,373500.0,-5500.0,830231,116363,233169,-116806,145782,92598,53184,63622,568086,504464,68.42505278651363,3.202585872260997,60.76188434303224,-3.714801570845992,7.663168443481393,-14.069096432197785,6.4059279887163925
211,37,37,2020-09-15,381000.0,7500.0,860038,185853,139603,46250,113247,165911,-52664,6414,560938,554524,65.22246691425265,-14.195043991720269,64.47668591387823,11.199953156020685,0.7457810003744021,5.377669358795775,-6.123450359170175
212,36,36,2020-09-16,377000.0,-4000.0,485743,86296,100484,-14188,13682,126471,-112789,126977,385765,258788,79.4175109059729,6.7387758525005115,53.276732757857545,-13.427924180277671,26.140778148115363,-2.9208861476130377,-23.219892000502323
213,35,35,2020-09-17,371000.0,-6000.0,617702,105021,147772,-42751,63743,57894,5849,36902,448938,412036,72.67873505347241,14.604266732088751,66.70465693813523,4.460754105140758,5.97407811533717,-6.920974839000037,0.9468967236628666
214,34,34,2020-09-18,373000.0,2000.0,495271,125846,102430,23416,81799,84565,-2766,-20650,287626,308276,58.07446832138364,-21.768814627386302,62.24390283299446,-5.037310922651408,-4.169434511610815,4.727916635538927,-0.5584821239281121
215,33,33,2020-09-21,364500.0,-8500.0,530255,83327,103629,-20302,23555,69864,-46309,66611,423373,356762,79.84328294876994,13.264046809102226,67.28121375564587,-1.5965099760056494,12.562069193124065,-3.8287239158518065,-8.733345277272258
216,32,32,2020-09-22,353000.0,-11500.0,880318,170024,189958,-19934,124185,84017,40168,-20234,586109,606343,66.57923613966771,6.7120185952725455,68.8777237316515,-0.4628997031513791,-2.2984875919838057,-2.2644089976576645,4.56289658964147
217,31,31,2020-09-23,365500.0,12500.0,930394,244005,185046,58959,129388,100207,29181,-88140,557001,645141,59.86721754439517,-12.397520459737684,69.3406234348029,16.979164209358373,-9.47340589040772,6.336992714914326,3.1364131754933933
218,30,30,2020-09-24,352000.0,-13500.0,763638,167359,192411,-25052,44438,171375,-126937,151989,551841,399852,72.26473800413284,14.06406689154916,52.36145922544453,-7.196558212808895,19.90327877868833,-3.2806120177361526,-16.62266676095218
219,29,29,2020-09-25,351500.0,-500.0,449701,130055,126542,3513,57917,55326,2591,-6104,261729,267833,58.20067111258368,6.184160192996616,59.55801743825342,-11.806801260288909,-1.357346325669723,0.7811857211791835,0.5761606044905393
220,28,28,2020-09-28,369000.0,17500.0,674705,176014,118241,57773,147733,74962,72771,-130544,350958,481502,52.01651091958708,-18.593435261632237,71.36481869854231,29.54693988392793,-19.348307778955245,8.562705182264839,10.785602596690405
221,27,27,2020-09-29,364500.0,-4500.0,612054,104365,146418,-42053,75518,209688,-134170,176223,432171,255948,70.60994618121931,33.20138133980905,41.817878814614396,-24.806660658565914,28.79206736660491,-6.8707989817891875,-21.92126838481572
222,26,26,2020-10-05,370500.0,6000.0,522228,151512,112626,38886,175358,61670,113688,-152574,195358,347932,37.408564841410254,3.1138274766607807,66.62453947318028,-8.705085699455609,-29.215974631770028,7.446172935959005,21.769801695811022
223,25,25,2020-10-06,381500.0,11000.0,765339,216806,120673,96133,286062,68139,217923,-314056,262471,576527,34.29473736474948,-19.43086113883464,75.32962517263591,14.610542103979054,-41.03488780788644,12.560839053020947,28.47404875486549
224,24,24,2020-10-07,380500.0,-1000.0,398285,157823,112341,45482,26481,44109,-17628,-27854,213981,241835,53.725598503584116,16.24717030767531,60.719083068656865,11.923902345765299,-6.993484565072749,11.419460938774998,-4.425976373702248
225,23,23,2020-10-08,379000.0,-1500.0,624658,234389,276829,-42440,156157,43026,113131,-70691,234112,304803,37.47842819590881,-37.21794009747745,48.79518072289157,-4.419244327572366,-11.316752526982766,-6.794117741228,18.110870268210768
226,22,22,2020-10-12,371500.0,-7500.0,471624,69406,167996,-98590,49932,52656,-2724,101314,352286,250972,74.69636829338627,10.398958620757849,53.21442505046394,-9.098643682025477,21.48194324292233,-20.90436449374926,-0.5775787491730701
227,21,21,2020-10-13,372000.0,500.0,302317,70156,92770,-22614,37779,21164,16615,5999,194382,188383,64.2974096726284,4.934271249527455,62.313068732489405,8.126682819838656,1.9843409401389933,-7.480227708001865,5.495886767862872
228,20,20,2020-10-14,368500.0,-3500.0,333008,61269,101208,-39939,74055,51355,22700,17239,197684,180445,59.363138423100956,-11.698896856595011,54.18638591265075,-4.330390164932396,5.176752510450199,-11.993405563830303,6.816653053380098
229,19,19,2020-10-15,362000.0,-6500.0,422566,76667,139495,-62828,45615,35799,9816,53012,300284,247272,71.06203527969595,1.5681478407279172,58.51677607758314,2.195801064783602,12.545259202112806,-14.868209936435964,2.3229507343231592
230,18,18,2020-10-16,357500.0,-4500.0,400405,90633,102749,-12116,31515,72144,-40629,52745,278257,225512,69.49388743896804,2.3598760372649537,56.320975012799536,4.52876636052941,13.172912426168507,-3.0259362395574483,-10.146976186611056
231,17,17,2020-10-19,353000.0,-4500.0,362402,96096,137977,-41881,23011,36729,-13718,55599,243295,187696,67.13401140170309,-4.262604004370544,51.79220865227013,-11.075551123406116,15.34180274943295,-11.556503551304905,-3.7852991981280457
232,16,16,2020-10-20,352500.0,-500.0,759973,125553,198283,-72730,91825,83912,7913,64817,542595,477778,71.39661540607364,14.788598856978377,62.86775977567625,24.744602276480073,8.528855630397397,-9.570076831676914,1.0412212012795192
233,15,15,2020-10-21,353500.0,1000.0,516282,179467,173830,5637,44558,145629,-101071,95434,292257,196823,56.60801654909526,-2.9466888018798167,38.123157499196175,-8.454237686520386,18.484859049899086,1.091845154392367,-19.576704204291453
234,14,14,2020-10-22,349000.0,-4500.0,376380,97492,137173,-39681,54736,63899,-9163,48844,224152,175308,59.55470535097508,-19.748112545817683,46.57739518571656,-1.1193307600071236,12.977310165258515,-10.542802486848398,-2.4345076784101174
235,13,13,2020-10-23,340000.0,-9000.0,622592,77741,191425,-113684,51118,134211,-83093,196777,493733,296956,79.30281789679276,16.94836399723461,47.696725945723685,-15.594315885925546,31.60609195106908,-18.259791324013158,-13.34630062705592
236,12,12,2020-10-26,329500.0,-10500.0,714722,97932,183576,-85644,171129,78791,92338,-6694,445661,452355,62.35445389955815,14.007276286681126,63.29104183164922,10.454133597687054,-0.9365879320910788,-11.982840880790011,12.91942881288109
237,11,11,2020-10-27,334000.0,4500.0,812610,237839,239154,-1315,181897,144098,37799,-36484,392874,429358,48.34717761287703,5.473265860831575,52.836908233962184,3.9031172315748175,-4.489730621085147,-0.16182424533293954,4.651554866418085
238,10,10,2020-10-28,346500.0,12500.0,629567,253709,188331,65378,105938,133165,-27227,-38151,269920,308071,42.87391175204546,-19.64068505069529,48.93379100238736,10.730042014500164,-6.059879250341901,10.384597667920968,-4.324718417579066
239,9,9,2020-10-29,343000.0,-3500.0,491546,154004,184145,-30141,30254,119612,-89358,119499,307288,187789,62.51459680274075,-10.650272415748548,38.2037489878872,5.358122457407632,24.31084781485355,-6.131877789667702,-18.17897002518584
240,8,8,2020-10-30,330000.0,-13000.0,553748,91448,137097,-45649,57151,234769,-177618,223267,405149,181882,73.1648692184893,35.689255192177455,32.845626530479564,-19.0502266034307,40.31924268800971,-8.243641512023519,-32.075601175986186
