,Unnamed: 0,Unnamed: 0.1,날짜,종가,대비,거래량,기관 매수,기관 매도,기관 순매수,외국인 매수,외국인 매도,외국인 순매수,개인 순매수,개인 매수,개인 매도,개인매수비율(%),개인매수비율증가(%p),개인매도비율(%),개인매도비율증가(%p),개인 순매수비율,기관 순매수비율,외국인 순매수비율
15,233,233,2019-12-02,246500.0,1500.0,242207,68543,76887,-8344,137360,152847,-15487,23831,36304,12473,14.988831866956776,2.2285819050607234,5.149727299376154,0.7609146183824027,9.839104567580623,-3.4449871391000264,-6.394117428480598
16,232,232,2019-12-03,248000.0,1500.0,262440,67878,69799,-1921,161074,181123,-20049,21970,33488,11518,12.760249961896053,3.1595459179859446,4.388812680993751,-0.7658772299296412,8.371437280902299,-0.731976832799878,-7.639460448102423
17,231,231,2019-12-04,249500.0,1500.0,345433,75353,81130,-5777,236916,246497,-9581,15358,33164,17806,9.600704043910108,-2.680015317014785,5.154689910923391,3.0358133771297537,4.446014132986715,-1.672393778243538,-2.7736203547431773
18,230,230,2019-12-05,245000.0,-4500.0,298932,88776,92751,-3975,173445,199847,-26402,30377,36711,6334,12.280719360924893,-4.863448182309417,2.1188765337936384,-0.1912738702583474,10.161842827131254,-1.3297338525149531,-8.8321089746163
19,229,229,2019-12-06,246500.0,1500.0,200593,50591,40254,10337,115612,155705,-40093,29756,34390,4634,17.14416754323431,4.188779793809042,2.310150404051986,-5.453019331939702,14.834017139182324,5.153220700622653,-19.98723783980498
20,228,228,2019-12-09,252000.0,5500.0,244462,45079,68012,-22933,167712,157472,10240,12693,31671,18978,12.955387749425268,2.1196715255935814,7.763169735991688,-5.280111904271856,5.192218013433581,-9.381008091237083,4.188790077803502
21,227,227,2019-12-10,257000.0,5000.0,287466,75049,71510,3539,181268,178461,2807,-6346,31149,37495,10.835716223831687,-3.3888435946102256,13.043281640263546,10.812526474785392,-2.2075654164318563,1.2311021129455308,0.9764633034863254
22,226,226,2019-12-11,256000.0,-1000.0,278919,75910,84769,-8859,163334,187928,-24594,33453,39675,6222,14.224559818441913,6.225711925919871,2.2307551654781497,-5.079025055374996,11.993804652963764,-3.1761909371537973,-8.817613715809966
23,225,225,2019-12-12,259500.0,3500.0,409684,212553,204842,7711,164361,174895,-10534,2823,32770,29947,7.998847892522043,-7.4933696628337,7.3097802208531455,-2.748480338103338,0.6890676716688959,1.8821823649446887,-2.571250036613585
24,224,224,2019-12-13,260500.0,1000.0,243561,89750,80099,9651,116078,138964,-22886,13235,37733,24498,15.492217555355742,1.827594760773428,10.058260558956485,1.0128456073774643,5.433956996399258,3.9624570436153568,-9.396414040014617
25,223,223,2019-12-16,260500.0,0.0,234196,85607,67028,18579,116587,145984,-29397,10818,32002,21184,13.664622794582314,6.313037641436634,9.04541495157902,1.1635320984885171,4.619207843003297,7.933098771968777,-12.552306614972075
26,222,222,2019-12-17,263500.0,3000.0,540074,81053,104447,-23394,419317,393059,26258,-2864,39704,42568,7.351585153145679,-1.778021587010211,7.881882853090503,-3.72073299333888,-0.5302976999448223,-4.331628628669405,4.861926328614227
27,221,221,2019-12-18,267000.0,3500.0,317144,59548,96144,-36596,228642,184203,44439,-7843,28954,36797,9.129606740155893,-12.881584307006381,11.602615846429384,4.888387229323066,-2.4730091062734907,-11.539237696440734,14.012246802714223
28,220,220,2019-12-19,261000.0,-6000.0,250200,61376,89730,-28354,133752,143671,-9919,38273,55072,16799,22.01119104716227,19.22579764027848,6.714228617106315,0.6108065387552548,15.296962430055954,-11.332533972821743,-3.964428457234213
29,219,219,2019-12-20,262000.0,1000.0,242192,37743,44896,-7153,197703,182514,15189,-8036,6746,14782,2.7853934068837947,-1.3716572626835952,6.10342207835106,2.749950274659497,-3.3180286714672658,-2.9534418973376493,6.271470568804915
30,218,218,2019-12-23,260000.0,-2000.0,204087,62020,54254,7766,133583,142989,-9406,1640,8484,6844,4.15705066956739,-2.1011785556954825,3.353471803691563,-7.5180688309092,0.8035788658758275,3.8052399221900464,-4.608818788065874
31,217,217,2019-12-24,257500.0,-2500.0,161771,77550,51745,25805,74097,92439,-18342,-7463,10124,17587,6.258229225262872,-1.0911283290127152,10.871540634600763,-23.74694787733037,-4.613311409337891,15.9515611574386,-11.33824974810071
32,216,216,2019-12-26,261000.0,3500.0,126392,51732,39453,12279,65371,43184,22187,-34466,9289,43755,7.349357554275588,-14.261659164176665,34.618488511931126,25.817129257643572,-27.26913095765555,9.715013608456232,17.554117349199313
33,215,215,2019-12-27,257500.0,-3500.0,106529,48118,68904,-20786,35389,28249,7140,13646,23022,9376,21.611016718452245,12.845595028319323,8.801359254287565,3.715597326775363,12.809657464164689,-19.512057749532996,6.702400285368303
34,214,214,2019-12-30,256000.0,-1500.0,106749,46008,40037,5971,51384,61283,-9899,3928,9357,5429,8.765421690132928,-18.924771007399517,5.085761927512202,2.6158781984537867,3.679659762620727,5.593495021030642,-9.27315478365137
35,213,213,2020-01-02,247500.0,-8500.0,214585,58604,131587,-72983,96562,77698,18864,54119,59419,5300,27.69019269753245,10.44349536902672,2.4698837290584152,-6.53686839932988,25.220308968474036,-34.011230980730254,8.790922012256216
36,212,212,2020-01-03,250000.0,2500.0,255475,74194,168206,-94012,137220,64259,72961,21051,44061,23010,17.246697328505725,5.834727364859859,9.006752128388296,-3.84093711678306,8.239945200117429,-36.798904002348564,28.55895880223114
37,211,211,2020-01-06,249500.0,-500.0,130109,47972,91637,-43665,67289,21756,45533,-1868,14848,16716,11.411969963645866,6.140269103130512,12.847689245171356,1.0721950356480008,-1.4357192815254902,-33.56032249882791,34.996041780353394
38,210,210,2020-01-07,252500.0,3000.0,251361,81721,94586,-12865,156389,127176,29213,-16348,13251,29599,5.271700860515353,-8.694312112688877,11.775494209523355,6.372928509870023,-6.503793349008,-5.1181368629182735,11.621930211926275
39,209,209,2020-01-08,245000.0,-7500.0,317886,138258,179186,-40928,135232,121526,13706,27222,44396,17174,13.966012973204231,2.503648669104569,5.4025656996533336,0.8902258674708268,8.563447273550898,-12.875055837627325,4.311608564076431
40,208,208,2020-01-09,245000.0,0.0,283999,114704,148404,-33700,136742,122780,13962,19738,32553,12815,11.462364304099662,-0.8840477473469139,4.512339832182508,0.5465864731195018,6.950024471917153,-11.86623896563016,4.916214493713006
41,207,207,2020-01-10,244500.0,-500.0,208838,76054,90921,-14867,107000,109635,-2635,17502,25784,8282,12.346412051446574,-13.375710990296149,3.965753359063007,-2.6005515774503443,8.380658692383571,-7.118915139964949,-1.2617435524186211
42,206,206,2020-01-13,242000.0,-2500.0,199412,54652,75085,-20433,93467,111233,-17766,38199,51293,13094,25.72212304174273,2.087005162020528,6.566304936513349,-1.72264831646868,19.155818105229372,-10.246625077728522,-8.909193027500852
43,205,205,2020-01-14,244000.0,2000.0,192654,48046,102990,-54944,99074,73695,25379,29565,45534,15969,23.635117879722195,12.083856108196105,8.28895325298203,0.3894867632071693,15.346164626740165,-28.5195220447019,13.173357417961734
44,204,204,2020-01-15,245000.0,1000.0,176379,65443,70536,-5093,90562,91910,-1348,6441,20374,13933,11.55126177152609,1.3306813545121392,7.89946648977486,-4.589343281481432,3.6517952817512285,-2.8875319624218303,-0.7642633193293986
45,203,203,2020-01-16,249500.0,4500.0,291549,110735,83016,27719,151016,172122,-21106,-6613,29798,36411,10.220580417013947,-0.9301252188570501,12.488809771256287,1.863414252673829,-2.2682293542423397,9.507492737069926,-7.2392633828275885
46,202,202,2020-01-17,248000.0,-1500.0,162761,65891,84218,-18327,78721,61249,17472,855,18149,17294,11.150705635871,-3.071466426984588,10.625395518582463,1.0171475483771264,0.5253101172885396,-11.260068443914696,10.734758326626157
47,201,201,2020-01-20,246000.0,-2000.0,150631,68035,98802,-30767,61173,37356,23817,6950,21423,14473,14.222172062855588,-16.747367784288677,9.608247970205335,2.7987150998790105,4.613924092650251,-20.42541044008205,15.811486347431805
48,200,200,2020-01-21,241000.0,-5000.0,252264,84708,119768,-35060,89431,115318,-25887,60947,78125,17178,30.96953984714426,18.116548424259037,6.809532870326325,-4.958550399896821,24.160006976817932,-13.898138458123233,-10.2618685186947
49,199,199,2020-01-22,245500.0,4500.0,283895,149293,85702,63591,98113,164784,-66671,3080,36489,33409,12.85299142288522,-2.6014579088691345,11.768083270223146,-9.415938045967009,1.084908152662076,22.39947868049807,-23.484386833160148
50,198,198,2020-01-23,251500.0,6000.0,472880,195160,142473,52687,204639,230232,-25593,-27094,73081,100175,15.454449331754356,1.5680953849376351,21.184021316190158,6.197639533947747,-5.729571984435798,11.141727288106921,-5.412155303671121
51,197,197,2020-01-28,245000.0,-6500.0,283811,138044,125110,12934,106356,116168,-9812,-3122,39411,42533,13.88635394681672,-21.17790346935876,14.986381782242407,4.5364188228582485,-1.1000278354256885,4.5572581753349946,-3.457230339909306
52,196,196,2020-01-29,239500.0,-5500.0,310470,114181,200879,-86698,87425,77147,10278,76420,108864,32444,35.06425741617548,14.156982167794249,10.44996295938416,0.4762958220334746,24.61429445679132,-27.924759235997037,3.3104647792057205
53,195,195,2020-01-30,237000.0,-2500.0,393045,176229,178632,-2403,134641,175212,-40571,42974,82175,39201,20.907275248381232,-3.2739129243600966,9.973667137350683,-9.279775915580363,10.933608111030543,-0.6113803762927909,-10.322227734737751
54,194,194,2020-01-31,229500.0,-7500.0,238669,94606,100310,-5704,86350,92407,-6057,11761,57713,45952,24.181188172741326,14.372351854951642,19.253443052931047,11.016824962040284,4.9277451198102815,-2.3899207689310296,-2.537824350879251
55,193,193,2020-02-03,228000.0,-1500.0,332333,116317,127345,-11028,183418,177615,5803,5225,32598,27373,9.808836317789686,-1.1192295572726554,8.236618090890763,3.6745471860636743,1.5722182268989238,-3.31835839353901,1.7461401666400869
56,192,192,2020-02-04,229500.0,1500.0,376956,78245,140779,-62534,257517,218980,38537,23997,41194,17197,10.92806587506234,-7.447637796163673,4.562070904827088,-3.294775551958298,6.365994970235253,-16.589204045034435,10.22320907479918
57,191,191,2020-02-05,227000.0,-2500.0,255446,80969,167995,-87026,127537,67381,60156,26870,46940,20070,18.375703671226013,3.4412800701357456,7.856846456785386,-7.272542672603742,10.518857214440628,-34.06825708760364,23.54939987316302
58,190,190,2020-02-06,234000.0,7000.0,311850,153663,74878,78785,111614,189791,-78177,-608,46573,47181,14.934423601090266,-0.5106116001643972,15.129389129389127,5.770681019743898,-0.19496552829886166,25.26374859708193,-25.06878306878307
59,189,189,2020-02-07,231000.0,-3000.0,232094,60002,107062,-47060,136245,103311,32934,14126,35847,21721,15.445035201254663,-3.0950207110329337,9.358708109645232,4.524806917140969,6.0863270916094345,-20.276267374425878,14.189940282816446
60,188,188,2020-02-10,228500.0,-2500.0,183144,76112,85996,-9884,73077,88295,-15218,25102,33955,8853,18.540055912287606,4.14810707484771,4.83390119250426,-20.6495486447208,13.70615471978334,-5.396846197527629,-8.309308522255712
61,187,187,2020-02-11,237500.0,9000.0,302565,159408,82820,76588,99612,142641,-43029,-33559,43545,77104,14.39194883743989,5.081934337717582,25.48344983722506,3.815497205469548,-11.09150099978517,25.312907970188228,-14.221406970403054
62,186,186,2020-02-12,242500.0,5000.0,268281,106102,81500,24602,137202,128650,8552,-33154,24977,58131,9.310014499722307,-5.8918989279866985,21.667952631755508,13.356600182655306,-12.357938132033205,9.170235685717588,3.1877024463156167
63,185,185,2020-02-13,239000.0,-3500.0,252113,119795,121154,-1359,93992,110005,-16013,17372,38326,20954,15.201913427709005,-6.775270842858702,8.311352449100205,-3.321448517213041,6.890560978608797,-0.5390440001110613,-6.351516978497737
64,184,184,2020-02-14,237000.0,-2000.0,186275,92930,92605,325,52407,72001,-19594,19269,40938,21669,21.977184270567708,4.115715085361483,11.632800966313246,-6.653901512404206,10.344383304254462,0.17447322507046034,-10.518856529324923
65,183,183,2020-02-17,239000.0,2000.0,119699,68472,67937,535,29847,29873,-26,-509,21380,21889,17.86146918520623,-7.320853619199612,18.286702478717448,9.790182646905784,-0.425233293511224,0.4469544440638602,-0.021721150552636195
66,182,182,2020-02-18,235500.0,-3500.0,126287,61369,89260,-27891,33116,26297,6819,21072,31802,10730,25.182322804405842,14.16009272529681,8.496519831811668,-2.712591912059434,16.68580297259417,-22.085408632717538,5.3996056601233695
67,181,181,2020-02-19,235500.0,0.0,158389,69299,70122,-823,71632,70513,1119,-296,17458,17754,11.022230079109027,-9.076326384171619,11.209111743871102,2.41844088547259,-0.18688166476207316,-0.519606790875629,0.7064884556377021
68,180,180,2020-02-20,231000.0,-4500.0,183854,68572,112679,-44107,78330,55013,23317,20790,36952,16162,20.098556463280648,5.423373956081463,8.790670858398512,-3.6588651166117727,11.307885604882136,-23.990231379246573,12.68234577436444
69,179,179,2020-02-21,228500.0,-2500.0,143419,67306,103230,-35924,55066,22334,32732,3192,21047,17855,14.675182507199185,-3.6925924206105876,12.449535975010285,1.5000126724888698,2.225646532188901,-25.048285094722452,22.822638562533555
70,178,178,2020-02-24,219000.0,-9500.0,247956,119804,109112,10692,82608,111694,-29086,18394,45544,27150,18.367774927809773,6.6373743951566935,10.949523302521417,1.5085683774859184,7.418251625288358,4.3120553646614725,-11.73030698994983
71,177,177,2020-02-25,220000.0,1000.0,249318,136674,113015,23659,83398,112765,-29367,5708,29246,23538,11.730400532653078,3.4190970066068225,9.440954925035495,0.1096819640165485,2.2894456076175813,9.489487321412817,-11.778932929030395
72,176,176,2020-02-26,220000.0,0.0,234909,107814,108975,-1161,107571,104014,3557,-2396,19524,21920,8.311303526046256,-0.04727002631666012,9.331272961018948,-2.0450232347505644,-1.0199694349726915,-0.4942339373970346,1.514203372369726
73,175,175,2020-02-27,219000.0,-1000.0,162109,108744,94730,14014,39815,48937,-9122,-4892,13550,18442,8.358573552362916,-3.53964671860909,11.376296195769513,1.3550527458332429,-3.017722643406597,8.644800720502872,-5.627078077096275
74,174,174,2020-02-28,210000.0,-9000.0,317745,127830,111120,16710,152109,174783,-22674,5964,37806,31842,11.898220270972006,-1.8421134547974487,10.02124344993627,1.4351228062456052,1.8769768210357365,5.258934050889865,-7.135910871925602
75,173,173,2020-03-02,207000.0,-3000.0,558902,179759,159940,19819,302348,350974,-48626,28807,76795,47988,13.740333725769455,-6.688228262070885,8.586120643690665,2.0826842175738247,5.15421308207879,3.5460599532655097,-8.700273035344301
76,172,172,2020-03-03,204500.0,-2500.0,302640,88355,125249,-36894,152460,157709,-5249,42143,61825,19682,20.42856198784034,12.659363256542484,6.503436426116839,-4.169199975382536,13.9251255617235,-12.190721649484534,-1.7344039122389638
77,171,171,2020-03-04,209000.0,4500.0,249704,82028,97814,-15786,148276,125240,23036,-7250,19400,26650,7.769198731297856,-9.610505578027489,10.672636401499377,5.008846437632071,-2.9034376702015186,-6.321885111972575,9.225322782174096
78,170,170,2020-03-05,210500.0,1500.0,244377,74520,101113,-26593,127385,129423,-2038,28631,42472,13841,17.379704309325344,-6.424196942496966,5.663789963867303,-0.806167505499797,11.715914345458042,-10.88195697631119,-0.8339573691468509
79,169,169,2020-03-06,203000.0,-7500.0,248997,79562,99827,-20265,110164,133060,-22896,43161,59271,16110,23.80390125182231,-0.3321301698044472,6.4699574693671025,-6.504920368125223,17.33394378245521,-8.13865227291895,-9.19529150953626
80,168,168,2020-03-09,194000.0,-9000.0,237798,102301,101166,1135,78102,105778,-27676,26541,57395,30854,24.136031421626765,1.6812482944385359,12.974877837492325,3.8665255204620372,11.161153584134434,0.4772958561468137,-11.638449440281248
81,167,167,2020-03-10,189000.0,-5000.0,392442,175785,135822,39963,128535,220875,-92340,52377,88122,35745,22.45478312718822,5.2815697684756415,9.108352317030286,-2.437589887503369,13.346430810157932,10.18316082376504,-23.529591633922976
82,166,166,2020-03-11,187500.0,-1500.0,288950,106222,130045,-23823,133106,125543,7563,16260,49622,33362,17.17321335871258,6.402582489393122,11.545942204533652,-0.4027536962452469,5.627271154178923,-8.24467901020938,2.617407856030455
83,165,165,2020-03-12,180000.0,-7500.0,458209,194196,210767,-16571,214661,192692,21969,-5398,49352,54750,10.770630869319458,-2.126065749414286,11.948695900778905,2.508426155892309,-1.1780650314594432,-3.616471959302415,4.7945369907618565
84,164,164,2020-03-13,171500.0,-8500.0,623997,258908,172318,86590,284614,392772,-108158,21568,80475,58907,12.896696618733744,-23.30816065929811,9.440269744886594,-3.933925055739369,3.4564268738471497,13.876669278858712,-17.333096152705863
85,163,163,2020-03-16,161500.0,-10000.0,329732,93228,133792,-40564,117125,151841,-34716,75280,119379,44099,36.20485727803185,4.57002598590104,13.374194800625965,-6.254119413020669,22.83066247740589,-12.30211201824512,-10.528550459160774
86,162,162,2020-03-17,152500.0,-9000.0,433323,155383,123953,31430,140859,224316,-83457,52027,137081,85054,31.63483129213081,-10.658172504082096,19.628314213646632,-0.7289630010958987,12.00651707848418,7.25324988518957,-19.259766963673748
87,161,161,2020-03-18,141000.0,-11500.0,438595,102478,167811,-65333,150622,181498,-30876,96209,185495,89286,42.29300379621291,11.599891645806673,20.35727721474253,-1.9069860723302448,21.935726581470377,-14.895974646313796,-7.0397519351565805
88,160,160,2020-03-19,129000.0,-12000.0,577742,270239,204875,65364,130176,244237,-114061,48697,177327,128630,30.693112150406236,0.5390870552419926,22.26426328707276,0.6926433801222593,8.42884886333346,11.313700579151249,-19.74254944248471
89,159,159,2020-03-20,140500.0,11500.0,567440,205321,173247,32074,191013,271787,-80774,48700,171106,122406,30.15402509516425,-17.530873991652278,21.57161990695052,5.664472663050367,8.582405188213732,5.652403778373044,-14.234808966586776
90,158,158,2020-03-23,133500.0,-7000.0,522677,148849,162022,-13173,124590,277512,-152922,166095,249238,83143,47.68489908681652,14.902142700432485,15.907147243900152,-5.1684044273122005,31.77775184291637,-2.520294560502949,-29.257457282413426
91,157,157,2020-03-24,144500.0,11000.0,464543,216982,107393,109589,95271,259245,-163974,54385,152290,97905,32.78275638638404,-24.13996559806833,21.075551671212352,-21.16018964230541,11.707204715171684,23.590711731744967,-35.297916446916645
92,156,156,2020-03-25,169500.0,25000.0,810541,259896,215065,44831,89263,253138,-163875,119044,461382,342338,56.92272198445237,13.623553956492026,42.23574131351776,8.5177000568221,14.686980670934599,5.530997198167643,-20.21797786910224
93,155,155,2020-03-26,167000.0,-2500.0,658075,226746,186424,40322,146388,249761,-103373,63051,284941,221890,43.29916802796035,17.255002544525002,33.71804125669566,8.425647148666933,9.581126771264673,6.127265129354558,-15.70839190061923
94,154,154,2020-03-27,170000.0,3000.0,576106,199369,132814,66555,226695,297581,-70886,4331,150042,145711,26.04416548343534,-17.904772059839352,25.29239410802873,-2.5557809043514763,0.7517713754066092,11.552561507778082,-12.304332883184692
95,153,153,2020-03-30,164500.0,-5500.0,446277,164024,98370,65654,86119,223627,-137508,71854,196134,124280,43.94893754327469,11.13535058542638,27.84817501238021,-6.805353168889884,16.10076253089449,14.71149084537182,-30.81225337626631
96,152,152,2020-03-31,169500.0,5000.0,409687,123055,97277,25778,152199,170439,-18240,-7538,134433,141971,32.81358695784831,4.794935848505073,34.65352818127009,16.35599437060979,-1.8399412234217831,6.292120570093753,-4.452179346671971
97,151,151,2020-04-01,166500.0,-3000.0,362016,81289,114598,-33309,179295,181178,-1883,35192,101432,66240,28.018651109343228,5.917273962670183,18.2975338106603,0.8121809561993771,9.721117298682929,-9.200974542561656,-0.5201427561212764
98,150,150,2020-04-02,167000.0,500.0,396835,145276,143593,1683,163853,183854,-20001,18318,87706,69388,22.101377146673045,-2.9948700277965297,17.485352854460928,0.3934180745428719,4.616024292212129,0.4241057366411733,-5.0401300288533015
99,149,149,2020-04-03,165000.0,-2000.0,307022,95184,121601,-26417,134787,132945,1842,24575,77051,52476,25.096247174469585,-10.000727069755456,17.091934779918052,-26.984369774319138,8.00431239455153,-8.604269400889839,0.599957006338308
100,148,148,2020-04-06,169500.0,4500.0,301214,124864,78715,46149,70633,89735,-19102,-27047,105717,132764,35.09697424422504,7.395713816978493,44.076304554237176,21.14618583764184,-8.97933031001215,15.321001015889035,-6.341670705876885
101,147,147,2020-04-07,172500.0,3000.0,600590,131715,102253,29462,302504,360621,-58117,28655,166371,137716,27.701260427246545,-6.004189173848418,22.93011871659535,0.5488897649141826,4.771141710651193,4.905509582244127,-9.67665129289532
102,146,146,2020-04-08,170000.0,-2500.0,444216,140601,122178,18423,153890,222617,-68727,50304,149725,99421,33.70544960109496,-3.0960074979025407,22.381228951681166,-24.431696056093006,11.3242206494138,4.147306715651846,-15.471527365065644
103,145,145,2020-04-09,178000.0,8000.0,607783,302286,138755,163531,81824,184507,-102683,-60848,223673,284521,36.8014570989975,-15.238126104211304,46.812925007774155,7.602307932358059,-10.011467908776654,26.906149069651505,-16.89468116087485
104,144,144,2020-04-10,181000.0,3000.0,368237,92695,117417,-24722,83913,106432,-22519,47241,191629,144388,52.03958320320881,-6.062754318080652,39.2106170754161,2.5861590825084733,12.828966127792699,-6.7136110711308215,-6.115355056661878
105,143,143,2020-04-13,174000.0,-7000.0,243078,63706,116306,-52600,38138,37746,392,52208,141234,89026,58.10233752128946,32.38801838595873,36.62445799290764,3.3212778690715155,21.477879528381838,-21.63914463670098,0.16126510831914034
106,142,142,2020-04-14,176500.0,2500.0,256468,103805,68007,35798,86714,103049,-16335,-19463,65949,85412,25.71431913533072,-2.4173262330338443,33.303180123836114,18.719391344695865,-7.588860988505387,13.958076641140414,-6.3692156526350265
107,141,141,2020-04-16,174500.0,-2000.0,402536,97900,93074,4826,191396,250757,-59361,54535,113240,58705,28.131645368364573,-11.037969583008568,14.583788779140253,-31.562393258269914,13.54785658922432,1.1988989804638592,-14.746755569688178
108,140,140,2020-04-17,179500.0,5000.0,315155,114132,63872,50260,77578,105851,-28273,-21987,123445,145432,39.169614951373134,17.03581701771786,46.146182037410156,31.210789484104986,-6.9765670860370275,15.947708270533544,-8.971141184496517
109,139,139,2020-04-20,179500.0,0.0,402353,72894,115785,-42891,240403,226475,13928,28963,89056,60093,22.13379793365527,-9.344129129684461,14.93539255330518,-9.041708967756467,7.19840538035009,-10.660042301163406,3.461636920813316
110,138,138,2020-04-21,176500.0,-3000.0,387624,69545,147061,-77516,196063,147622,48441,29075,122016,92941,31.47792706333973,-1.4553288255353038,23.97710152106165,3.1505778914875826,7.500825542278084,-19.997729758735264,12.496904216457185
111,137,137,2020-04-22,176500.0,0.0,425251,109033,226675,-117642,176169,110011,66158,51484,140049,88565,32.93325588887504,-5.479032368374462,20.82652362957407,-15.940272236059005,12.106732259300976,-27.66413247705473,15.557400217753749
112,136,136,2020-04-23,177000.0,500.0,278640,88556,96650,-8094,83052,79543,3509,4585,107032,102447,38.4122882572495,-16.926509817598838,36.76679586563307,18.07697105080059,1.6454923916164226,-2.9048234280792413,1.2593310364628194
113,135,135,2020-04-24,169000.0,-8000.0,440277,66020,266024,-200004,130613,91966,38647,161357,243644,82287,55.338798074848356,-5.539577612238411,18.68982481483248,-1.0512231418312652,36.64897326001585,-45.4268562745726,8.777883014556744
114,134,134,2020-04-27,167500.0,-1500.0,401696,98442,121763,-23321,58708,200634,-141926,165247,244546,79299,60.87837568708675,8.740622977069277,19.741047956663746,-9.769515073441244,41.137327730423,-5.8056341113678,-35.33169361905521
115,133,133,2020-04-28,167500.0,0.0,351935,83023,93557,-10534,85421,154520,-69099,79633,183491,103858,52.13775271001747,25.48967999417253,29.51056303010499,-23.057940469103308,22.627189679912487,-2.9931663517410887,-19.634023328171395
116,132,132,2020-04-29,172000.0,4500.0,330932,116627,76427,40200,126118,80539,45579,-85779,88187,173966,26.64807271584495,6.618339929730407,52.5685034992083,33.4129654501365,-25.92043078336335,12.147510666843946,13.772920116519408
117,131,131,2020-05-04,169500.0,-2500.0,393505,98204,136431,-38227,216483,181696,34787,3440,78818,75378,20.029732786114536,-2.618950082383336,19.155538049071804,-15.400787347474461,0.8741947370427313,-9.714489015387352,8.840294278344619
118,130,130,2020-05-06,173000.0,3500.0,284330,100082,57063,43019,119851,129013,-9162,-33857,64397,98254,22.648682868497872,-8.617021252417134,34.556325396546264,22.34264946044619,-11.907642528048394,15.129954630183242,-3.2223121021348438
119,129,129,2020-05-07,170000.0,-3000.0,260282,62166,111047,-48881,116737,117445,-708,49589,81379,31790,31.265704120915004,13.895008223667624,12.213675936100076,-45.29977525529117,19.052028184814933,-18.780015521626545,-0.272012663188388
120,128,128,2020-05-08,176000.0,6000.0,359076,173488,66114,107374,123214,86445,36769,-144143,62374,206517,17.37069589724738,-8.468564737917756,57.51345119139124,43.39189997497299,-40.14275529414386,29.90286178970469,10.239893504439172
121,127,127,2020-05-11,172500.0,-3500.0,441460,84020,107600,-23580,243370,271519,-28149,51729,114070,62341,25.83926063516514,-10.883145076901489,14.121551216418247,-6.646978587758143,11.717709418746884,-5.341367281293889,-6.376342137452997
122,126,126,2020-05-12,170000.0,-2500.0,260081,37021,86598,-49577,127552,119468,8084,41493,95508,54015,36.72240571206663,3.454681512678306,20.76852980417639,3.632865976726972,15.953875907890234,-19.06213833382677,3.1082624259365352
123,125,125,2020-05-13,170500.0,500.0,231167,61319,56923,4396,92944,134632,-41688,37292,76904,39612,33.26772419938832,15.432993118673119,17.13566382744942,2.4766239376698262,16.132060371938902,1.901655513113896,-18.0337158850528
124,124,124,2020-05-14,169500.0,-1000.0,291779,131457,166627,-35170,108284,82380,25904,9266,52038,42772,17.834731080715198,-0.6218398859134915,14.659039889779596,-23.29745780084439,3.1756911909356056,-12.0536433396509,8.877952148715295
125,123,123,2020-05-15,172500.0,3000.0,211529,74735,59876,14859,97753,71364,26389,-41248,39041,80289,18.456570966628693,-4.2334240522284965,37.956497690623976,16.605629548590255,-19.49992672399529,7.024568735256159,12.475357988739132
126,122,122,2020-05-18,173000.0,500.0,224848,84109,66981,17128,89721,109860,-20139,3011,51018,48007,22.689995018857182,-7.794277355102029,21.35086814203373,-46.358878337552134,1.339126876823454,7.617590550060486,-8.95671742688394
127,121,121,2020-05-19,186500.0,13500.0,632454,294433,72741,221692,145222,131480,13742,-235434,192799,428233,30.48427237395921,0.7429513685246469,67.70974647958586,34.611804931012934,-37.22547410562665,35.05266786201052,2.1728062436161366
128,120,120,2020-05-20,185000.0,-1500.0,251354,100983,73793,27190,75615,94368,-18753,-8437,74756,83193,29.74132100543457,-3.033845906903938,33.09794154857293,4.006811747133579,-3.3566205431383627,10.817412891778131,-7.460792348639767
129,119,119,2020-05-21,187000.0,2000.0,288325,74002,93178,-19176,119824,111270,8554,10622,94499,83877,32.775166912338506,10.82093624711936,29.09112980143935,2.6438382188738667,3.684037110899159,-6.650828058614412,2.966790947715252
130,118,118,2020-05-22,184000.0,-3000.0,255149,51571,94667,-43096,147562,93002,54560,-11464,56016,67480,21.954230665219146,-1.8519815277533167,26.44729158256548,-11.205959896742197,-4.493060917346335,-16.890522792564347,21.383583709910678
131,117,117,2020-05-25,186500.0,2500.0,166801,68592,71032,-2440,58500,32963,25537,-23097,39709,62806,23.806212192972463,-15.880720900367432,37.65325147930768,-16.709506520709294,-13.847039286335216,-1.462820966301161,15.309860252636376
132,116,116,2020-05-26,195000.0,8500.0,353343,132434,58319,74115,80678,102937,-22259,-51856,140231,192087,39.686933093339896,12.05041641673624,54.362758000016974,34.755911999946825,-14.675824906677082,20.975369541776686,-6.299544635099607
133,115,115,2020-05-27,193000.0,-2000.0,285130,80497,87045,-6548,125833,142180,-16347,22895,78800,55905,27.636516676603645,6.041794125604563,19.606846000070146,-0.6152524473294285,8.029670676533511,-2.2964963350050853,-5.733174341528425
134,114,114,2020-05-28,190500.0,-2500.0,287260,83555,92326,-8771,141672,136844,4828,3943,62033,58090,21.594722550999094,4.207042618303927,20.22209844739957,-16.580870762692047,1.3726241035995266,-3.0533314767109934,1.6807073731114668
135,113,113,2020-05-29,198000.0,7500.0,389868,102178,67386,34792,219901,178999,40902,-75694,67789,143483,17.387679932695168,-18.40114756883952,36.80296921009162,-22.15613146516928,-19.415289277396454,8.924046087393682,10.49124319000277
136,112,112,2020-06-01,206000.0,8000.0,260640,100438,59733,40705,66922,47236,19686,-60391,93280,153671,35.78882750153468,5.6659538480077005,58.9591006752609,15.023285074072607,-23.170273173726212,15.617326580724368,7.552946593001843
137,111,111,2020-06-02,214000.0,8000.0,430198,179150,113790,65360,121460,127397,-5937,-59423,129588,189011,30.122873653526984,7.385559096474036,43.93581560118829,-2.049764401840143,-13.812941947661312,15.193004151576714,-1.3800622039154065
138,110,110,2020-06-03,224000.0,10000.0,515118,295176,148522,146654,102818,129716,-26898,-119756,117124,236880,22.73731455705295,-11.192402754492164,45.98558000302843,16.843834104239814,-23.248265445975484,28.469981635275804,-5.221716189300317
139,109,109,2020-06-04,217500.0,-6500.0,408294,155367,163677,-8310,114394,125633,-11239,19549,138533,118984,33.92971731154511,3.016993620968225,29.14174589878861,-0.5077634700219278,4.787971412756495,-2.035298094020485,-2.752673318736009
140,108,108,2020-06-05,219000.0,1500.0,287283,140145,128618,11527,58331,73487,-15156,3629,88807,85178,30.912723690576893,1.5068292058453316,29.64950936881055,2.1197375638740787,1.263214321766342,4.012419809038473,-5.275634130804817
141,107,107,2020-06-08,217500.0,-1500.0,285589,111222,131162,-19940,90387,75805,14582,5358,83980,78622,29.405894484731554,-10.911239143438864,27.529771804936466,2.226052855732565,1.87612267979509,-6.982061634026522,5.105938954231432
142,106,106,2020-06-09,214500.0,-3000.0,244881,97044,123684,-26640,49108,59233,-10125,36765,98729,61964,40.31713362817042,-4.269158419042974,25.303718949203898,8.1324463379346,15.013414678966518,-10.87875335366974,-4.1346613252967765
143,105,105,2020-06-10,211000.0,-3500.0,338548,96015,79303,16712,91587,201112,-109525,92813,150946,58133,44.58629204721339,12.307688334270315,17.171272611269302,4.983161271043294,27.41501943594409,4.936375344116639,-32.35139478006073
144,104,104,2020-06-11,206000.0,-5000.0,624141,104762,338387,-233625,317915,209683,108232,125393,201464,76071,32.278603712943074,-1.4415924812528471,12.188111340226008,-20.91398230617029,20.090492372717065,-37.43144577907877,17.340953406361702
145,103,103,2020-06-12,206000.0,0.0,440380,228164,185428,42736,63719,109177,-45458,2722,148497,145775,33.72019619419592,-37.33762058763357,33.1020936463963,9.827434511546514,0.6181025477996276,9.704346246423542,-10.32244879422317
146,102,102,2020-06-15,187000.0,-19000.0,594810,115344,260292,-144948,56807,196078,-139271,284219,422659,138440,71.0578167818295,30.282501895386968,23.274659134849788,-25.19987721345925,47.78315764697971,-24.368790033792305,-23.41436761318741
147,101,101,2020-06-16,195000.0,8000.0,322656,140129,98743,41386,50963,67507,-16544,-24842,131564,156406,40.77531488644253,-0.12662583071310962,48.47453634830903,26.701484014647193,-7.699221461866507,12.826663691361697,-5.12744222949519
148,100,100,2020-06-17,190000.0,-5000.0,316584,73831,121109,-47278,113264,126545,-13281,60559,129489,68930,40.90194071715564,1.2359278164879512,21.773052333661838,-2.4213639854703715,19.1288883834938,-14.933793242867614,-4.195095140626185
149,99,99,2020-06-18,188000.0,-2000.0,282466,82586,91454,-8868,87837,122671,-34834,43702,112043,68341,39.66601290066769,-0.08947363983278223,24.19441631913221,11.011081265635116,15.471596581535476,-3.1394928947200724,-12.332103686815405
150,98,98,2020-06-19,185500.0,-2500.0,319737,88171,78068,10103,104453,199517,-95064,84961,127113,42152,39.75548654050047,-12.619677011357664,13.183335053497093,-10.933973127025098,26.572151487003378,3.159784447843071,-29.731935934846447
151,97,97,2020-06-22,184000.0,-1500.0,204828,51990,86831,-34841,45559,68598,-23039,57880,107279,49399,52.37516355185814,7.883690060072205,24.117308180522194,-22.64082346206702,28.25785537133595,-17.00988146151893,-11.247973909817016
152,96,96,2020-06-23,193000.0,9000.0,579311,219641,131474,88167,101926,176962,-75036,-13131,257744,270875,44.491473491785925,-8.759924981122488,46.758131642589206,-13.017023856709848,-2.2666581508032815,15.219286359140428,-12.952628208337146
153,95,95,2020-06-24,205000.0,12000.0,734730,231189,136907,94282,112287,158637,-46350,-47932,391254,439186,53.25139847290842,-11.40207494112579,59.77515549929906,25.94648105452077,-6.523757026390648,12.83219686143209,-6.308439835041443
154,94,94,2020-06-25,194000.0,-11000.0,392726,82161,176895,-94734,56654,82977,-26323,121057,253911,132854,64.65347341403421,14.630825730858398,33.82867444477829,-12.975636051577794,30.824798969255923,-24.122161507004886,-6.702637462251035
155,93,93,2020-06-26,198500.0,4500.0,295836,90617,94752,-4135,57234,62620,-5386,9521,147985,138464,50.02264768317581,-9.481131281448944,46.80431049635611,12.051458070913725,3.2183371868197246,-1.3977338795819303,-1.8206033072377936
156,92,92,2020-06-29,192000.0,-6500.0,212889,65095,90757,-25662,21117,48147,-27030,52692,126677,73985,59.50377896462476,27.377233963697066,34.752852425442356,3.0613354723756534,24.75092653918239,-12.054169074024491,-12.6967574651579
157,91,91,2020-06-30,192000.0,0.0,253317,90653,57959,32694,81282,115078,-33796,1102,81382,80280,32.12654500092769,-6.435395513077508,31.69151695306671,-16.997481025564532,0.4350280478609805,12.9063584362676,-13.341386484128584
158,90,90,2020-07-01,194000.0,2000.0,173150,75583,54982,20601,30797,33863,-3066,-17535,66770,84305,38.5619405140052,12.16610973243479,48.68899797863124,23.647610030327648,-10.127057464626047,11.897776494369044,-1.770719029742997
159,89,89,2020-07-02,194500.0,500.0,253093,97881,58862,39019,88406,130853,-42447,3428,66806,63378,26.39583078157041,-16.292711288999573,25.04138794830359,-9.744987584848797,1.3544428332668228,15.416862576207164,-16.771305409473992
160,88,88,2020-07-03,195500.0,1000.0,165056,80201,60401,19800,14395,47238,-32843,13043,70460,57417,42.68854207057,0.2758591495466405,34.78637553315239,-36.116461342059615,7.902166537417604,11.995928654517256,-19.898095191934853
161,87,87,2020-07-06,204500.0,9000.0,336074,151800,66611,85189,41736,31177,10559,-95748,142538,238286,42.41268292102335,1.5974980944907955,70.902836875212,38.455038976075,-28.49015395418866,25.348286389307123,3.141867564881544
162,86,86,2020-07-07,201000.0,-3500.0,352141,106981,93407,13574,101433,144472,-43039,29465,143727,114262,40.815184826532544,8.786700654551808,32.447797899136994,13.058888748615164,8.367386927395563,3.8547059274551954,-12.222092854850755
163,85,85,2020-07-08,199000.0,-2000.0,271449,114649,84475,30174,69859,134343,-64484,34310,86941,52631,32.028484171980736,-3.358780893901133,19.38890915052183,-8.317598775369415,12.639575021458912,11.115900224351536,-23.75547524581045
164,84,84,2020-07-09,197500.0,-1500.0,299020,151118,132451,18667,42087,83721,-41634,22967,105815,82848,35.387265065881884,-25.51773874593548,27.706507925891252,0.6778729839947424,7.680757139990638,6.242726239047554,-13.923483379038194
165,83,83,2020-07-10,192500.0,-5000.0,280706,77700,139516,-61816,32042,65319,-33277,95093,170964,75871,60.90500381181735,23.312591302062863,27.028634941896506,-45.920521670145035,33.87636886992085,-22.02161692304404,-11.854751946876805
166,82,82,2020-07-13,204500.0,12000.0,416475,194764,81503,113261,65148,31157,33991,-147252,156563,303815,37.59241250975449,-7.42486413699136,72.94915661204155,26.157039207345434,-35.356744102287045,27.19514976889369,8.161594333393364
167,81,81,2020-07-14,210000.0,5500.0,549007,161253,143429,17824,140606,148686,-8080,-9744,247148,256892,45.017276646745856,6.1340103552188765,46.792117404696114,-7.855235333345227,-1.7748407579502634,3.2465888413080344,-1.4717480833577714
168,80,80,2020-07-15,215500.0,5500.0,815163,335446,175035,160411,162755,194663,-31908,-128503,316962,445465,38.88326629152697,1.4548404887647024,54.64735273804134,16.294771342981612,-15.764086446514378,19.678395609221717,-3.9143091627073368
169,79,79,2020-07-16,213000.0,-2500.0,402205,159094,140213,18881,92572,107736,-15164,-3717,150539,154256,37.42842580276228,-3.902844256843416,38.35258139505973,-16.476166885545496,-0.9241555922974602,4.6943722728459365,-3.7702166805484767
170,78,78,2020-07-17,220500.0,7500.0,436200,172367,121609,50758,83546,75428,8118,-58876,180287,239163,41.331270059605686,3.4787343317695867,54.82874828060522,6.192672076551276,-13.49747822099954,11.636405318661165,1.861072902338377
171,77,77,2020-07-20,224000.0,3500.0,434885,216765,147001,69764,53505,76373,-22868,-46896,164615,211511,37.852535727836106,-13.977556900402885,48.636076204053964,20.557883860342837,-10.783540476217851,16.041942122630118,-5.25840164641227
172,76,76,2020-07-21,217000.0,-7000.0,558469,185694,169231,16463,83320,232430,-149110,132647,289455,156808,51.830092628238994,-1.7949506809446305,28.07819234371111,-4.831357395916665,23.751900284527878,2.9478807239076827,-26.699781008435558
173,75,75,2020-07-22,211000.0,-6000.0,386754,128134,152083,-23949,51223,107392,-56169,80118,207397,127279,53.62504330918362,10.418840909957936,32.90954973962778,5.2294856038476345,20.715493569555843,-6.1923082889899,-14.523185280565944
174,74,74,2020-07-23,211500.0,500.0,511415,199734,216375,-16641,90718,153480,-62762,79403,220963,141560,43.20620239922568,-15.821313088163793,27.680064135780142,-2.849419264915248,15.526138263445539,-3.253913162500122,-12.272225100945413
175,73,73,2020-07-24,203500.0,-8000.0,566590,174686,263670,-88984,57460,129943,-72483,161467,334444,172977,59.02751548738947,12.642711410385024,30.52948340069539,-2.469595772640716,28.498032086694078,-15.705183642492807,-12.792848444201276
176,72,72,2020-07-27,203500.0,0.0,394211,135921,169442,-33521,75436,94683,-19247,52768,182854,130086,46.38480407700445,-10.397057838469783,32.999079173336106,5.896493795354504,13.38572490366834,-8.503314214976244,-4.882410688692096
177,71,71,2020-07-28,204000.0,500.0,333839,74649,166435,-91786,69630,76925,-7295,99081,189560,90479,56.78186191547422,22.623873936532608,27.102585377981605,-20.444788781046388,29.679276537492623,-27.49409146325025,-2.185185074242374
178,70,70,2020-07-29,212000.0,8000.0,557688,230901,124388,106513,136292,168134,-31842,-74671,190495,265166,34.15798797894163,-10.421967990236801,47.547374159027996,-1.25678875501184,-13.389386180086355,19.09903028216494,-5.709644102078582
179,69,69,2020-07-30,213000.0,1000.0,399720,155571,131602,23969,65954,73038,-7084,-16885,178195,195080,44.57995596917843,-25.325027849591805,48.80416291403983,25.148499483619126,-4.224206944861403,5.996447513259281,-1.7722405683978786
180,68,68,2020-07-31,205500.0,-7500.0,386250,72674,181375,-108701,43568,113505,-69937,178638,270008,91370,69.90498381877023,27.70262238879319,23.655663430420713,1.0625318025645851,46.249320388349524,-28.142653721682855,-18.106666666666666
181,67,67,2020-08-03,206000.0,500.0,292704,77332,113107,-35775,91844,113466,-21622,57397,123528,66131,42.202361429977046,-7.486357037957723,22.59313162785613,-17.001556121222958,19.609229802120915,-12.222244998360116,-7.386984803760796
182,66,66,2020-08-04,208000.0,2000.0,371368,121331,95968,25363,65509,128358,-62849,37486,184528,147042,49.68871846793477,4.9203739108959885,39.59468774907909,-4.9970327393128775,10.09403071885569,6.829613752396544,-16.923644471252235
183,65,65,2020-08-05,212500.0,4500.0,435388,151471,140267,11204,89001,100974,-11973,769,194916,194147,44.768344557038795,-2.570019611610469,44.59172048839197,-29.26088581947688,0.17662406864681618,2.573336885720323,-2.7499609543671397
184,64,64,2020-08-06,222500.0,10000.0,831406,324758,139028,185730,113074,78363,34711,-220441,393574,614015,47.33836416864926,-6.877991181198437,73.85260630786884,19.01408960853556,-26.514242139219583,22.33926625499455,4.174975884225035
185,63,63,2020-08-07,223500.0,1000.0,635205,231494,183579,47915,59326,103289,-43963,-3952,344385,348337,54.21635534984769,-2.20159897487369,54.838516699333276,-4.453049440047522,-0.6221613494855991,7.5432340740390895,-6.921072724553491
186,62,62,2020-08-10,238000.0,14500.0,1265411,406267,331933,74334,145225,183196,-37971,-36363,713919,750282,56.417954324721386,-2.3019353165328624,59.291566139380805,14.104353831315134,-2.873611814659427,5.874296967546513,-3.000685152887085
187,61,61,2020-08-11,239000.0,1000.0,626321,188158,185256,2902,70388,158048,-87660,84758,367775,283017,58.71988964125424,-6.068730842338795,45.18721230806568,7.293674285576131,13.532677333188571,0.463340683132132,-13.996018016320706
188,60,60,2020-08-12,229500.0,-9500.0,604103,141425,220607,-79182,71288,154580,-83292,162474,391390,228916,64.78862048359304,12.357313214228851,37.89353802248954,-7.437918829801638,26.895082461103488,-13.107367452239105,-13.787715008864383
189,59,59,2020-08-13,228000.0,-1500.0,983401,352588,338465,14123,115203,199146,-83943,69820,515610,445790,52.431307269364176,-4.9787475574501325,45.33145685229118,5.766394617909256,7.099850417072995,1.4361384623363205,-8.535988879409315
190,58,58,2020-08-14,224000.0,-4000.0,462365,148029,148308,-279,48892,131122,-82230,82509,265444,182935,57.41005482681432,14.09401373611498,39.56506223438193,-4.197503264887246,17.844992592432387,-0.06034193764666442,-17.784650654785718
191,57,57,2020-08-18,214500.0,-9500.0,535693,198906,163030,35876,104746,138230,-33484,-2392,232041,234433,43.316041090699336,0.0393586354907427,43.76256549926917,8.012627822460985,-0.4465244085698338,6.697119432212107,-6.250595023642273
192,56,56,2020-08-19,217000.0,2500.0,369044,122861,88751,34110,86473,148360,-61887,27777,159710,131933,43.2766824552086,-13.966687456813851,35.74993767680819,-3.2070401622442968,7.526744778400407,9.242800316493426,-16.769545094893832
193,55,55,2020-08-20,204500.0,-12500.0,519337,176656,199303,-22647,45395,117716,-72321,94968,297286,202318,57.24336991202246,26.849256507884803,38.95697783905249,-2.0011997018613457,18.28639207296996,-4.3607522668325185,-13.92563980613744
194,54,54,2020-08-21,211000.0,6500.0,392349,118790,127795,-9005,154308,103855,50453,-41448,119251,160699,30.39411340413764,0.057513057503140175,40.95817754091383,-1.126156674209028,-10.564064136776187,-2.2951504910169263,12.859214627793115
195,53,53,2020-08-24,217000.0,6000.0,295989,117794,118123,-329,88402,53301,35101,-34772,89793,124565,30.336600346634498,-8.251017451289872,42.08433421512286,-4.16879712210725,-11.747733868488355,-0.11115277932625876,11.858886647814614
196,52,52,2020-08-25,219500.0,2500.0,377235,147220,149952,-2732,84449,52800,31649,-28917,145566,174483,38.587617797924366,-2.0945720401387504,46.25313133723011,-4.7403419844294925,-7.665513539305737,-0.7242170000132543,8.389730539318991
197,51,51,2020-08-26,223500.0,4000.0,345505,118942,119253,-311,86004,50067,35937,-35626,140559,176185,40.68218983806312,-21.919678115650306,50.9934733216596,7.455520631167687,-10.311283483596474,-0.09001316912924559,10.401296652725721
198,50,50,2020-08-27,217000.0,-6500.0,322599,88826,104976,-16150,31820,77170,-45350,61500,201953,140453,62.60186795371342,31.1188396491353,43.537952690491906,-10.851659968822537,19.063915263221524,-5.006215146358172,-14.057700116863348
199,49,49,2020-08-28,226000.0,9000.0,778178,356650,144729,211921,176534,210201,-33667,-178254,244994,423248,31.483028304578127,-9.770889256155707,54.38961265931445,24.042879808696647,-22.906584354736317,27.232972404771147,-4.326388050034825
200,48,48,2020-08-31,224000.0,-2000.0,805029,332783,203906,128877,140140,356823,-216683,87806,332106,244300,41.25391756073384,1.4652521224260866,30.3467328506178,-34.77082459483279,10.907184710116034,16.0089884960666,-26.916173206182638
201,47,47,2020-09-01,238500.0,14500.0,915042,387291,174277,213014,163668,144912,18756,-231770,364083,595853,39.788665438307746,-9.647040831583249,65.11755744545059,27.112516327058643,-25.32889200714284,23.279150028086143,2.049741979056699
202,46,46,2020-09-02,235500.0,-3000.0,564954,170458,137685,32773,115207,212558,-97351,64578,279289,214711,49.43570626989101,4.231091882090865,38.00504111839194,7.016619344190826,11.430665151499062,5.801003267522667,-17.231668419021727
203,45,45,2020-09-03,233500.0,-2000.0,425972,110871,118301,-7430,122542,175669,-53127,60557,192559,132002,45.20461438780014,-12.094077280430264,30.98842177420112,-12.123449974468956,14.216192613599016,-1.7442461006826742,-12.471946512916341
204,44,44,2020-09-04,230000.0,-3500.0,442319,76649,186724,-110075,112227,64903,47324,62751,253443,190692,57.2986916682304,-20.190395382469454,43.11187174867008,2.8543591314314654,14.186819919560318,-24.885885526056985,10.699065606496667
205,43,43,2020-09-07,225500.0,-4500.0,272841,45942,82554,-36612,15477,80448,-64971,101583,211422,109839,77.48908705069985,11.163238609943237,40.25751261723861,-1.4775858208367438,37.231574433461255,-13.418804358582474,-23.81277007487877
206,42,42,2020-09-08,225500.0,0.0,279719,76243,113277,-37034,17950,49701,-31751,68785,185526,116741,66.32584844075662,17.78489614747422,41.73509843807536,5.373972623977367,24.59075000268126,-13.23971557169874,-11.351034430982521
207,41,41,2020-09-09,223500.0,-2000.0,260718,77342,103445,-26103,56821,62473,-5652,31755,126555,94800,48.540952293282395,12.550739540022464,36.36112581409799,13.861498803684118,12.179826479184403,-10.011966952799577,-2.167859526384829
208,40,40,2020-09-10,224000.0,500.0,335130,155839,198467,-42628,58677,61260,-2583,45211,120614,75403,35.99021275325993,-10.771293452072463,22.49962701041387,-13.862816870785641,13.49058574284606,-12.719840062065467,-0.7707456807805926
209,39,39,2020-09-11,226000.0,2000.0,236329,90582,82095,8487,35236,68299,-33063,24576,110511,85935,46.7615062053324,-0.3668438533460261,36.36244388119951,-23.36835390578586,10.399062324132883,3.5911800921596586,-13.990242416292544
210,38,38,2020-09-14,232500.0,6500.0,417530,161295,128920,32375,59460,39216,20244,-52619,196775,249394,47.128350058678414,5.4952953954609205,59.73079778698537,10.557685652129017,-12.602447728306947,7.753933849064738,4.84851387924221
211,37,37,2020-09-15,234000.0,1500.0,306934,84157,111154,-26997,94991,44851,50140,-23143,127786,150929,41.6330546632175,6.31235207786127,49.173112134856346,-16.053618900045194,-7.540057471638853,-8.795702007597724,16.33575947923658
212,36,36,2020-09-16,242500.0,8500.0,658710,215338,159219,56119,210711,69836,140875,-196994,232661,429655,35.320702585356216,-8.792971606413317,65.22673103490155,10.08661976883265,-29.906028449545325,8.519530597683351,21.386497851861968
213,35,35,2020-09-17,242000.0,-500.0,592993,206701,174145,32556,124701,91871,32830,-65386,261591,326977,44.11367419176954,15.1679970422737,55.1401112660689,21.19676626126489,-11.02643707429936,5.490115397652249,5.536321676647111
214,34,34,2020-09-18,240000.0,-2000.0,465237,125968,141353,-15385,204603,165967,38636,-23251,134666,157917,28.94567714949585,-9.576469708866368,33.943345004804,-15.952078816920078,-4.997667855308156,-3.306916689773169,8.304584545081324
215,33,33,2020-09-21,242500.0,2500.0,425049,185230,156226,29004,76081,56743,19338,-48342,163738,212080,38.52214685836221,-13.88184156864503,49.89542382172408,8.486023088506997,-11.373276963361869,6.823683857625826,4.549593105736045
216,32,32,2020-09-22,234000.0,-8500.0,408883,73941,165578,-91637,120671,73989,46682,44955,214271,169316,52.40398842700725,-5.120803495757599,41.409400733217076,3.5665530996856702,10.994587693790157,-22.41154560106436,11.416957907274208
217,31,31,2020-09-23,228000.0,-6000.0,411626,152441,182301,-29860,22398,73554,-51156,81016,236787,155771,57.524791922764855,13.72666445275815,37.842847633531406,8.910472313027919,19.681944289233428,-7.254157900618522,-12.427786388614907
218,30,30,2020-09-24,221000.0,-7000.0,481274,122098,192382,-70284,148387,149648,-1261,71545,210789,139244,43.798127470006676,11.872458237815465,28.932375320503496,1.3532308931103856,14.865752149503196,-14.603739242094939,-0.26201290740825395
219,29,29,2020-09-25,222000.0,1000.0,340801,95154,106045,-10891,136844,140766,-3922,14813,108803,93990,31.92566923219123,-8.365221042211555,27.579144427393107,-0.7402971282154311,4.346524804798108,-3.1957065853680007,-1.150818219430107
220,28,28,2020-09-28,225000.0,3000.0,197119,64336,53218,11118,53362,88078,-34716,23598,79421,55823,40.29089027440278,0.6841066858816021,28.319441555608535,1.8558013716548665,11.971448718794232,5.6402477691140875,-17.611696487908322
221,27,27,2020-09-29,230000.0,5000.0,421193,146819,99590,47229,107553,210140,-102587,55358,166821,111463,39.60678358852117,2.446587096101837,26.463640183953675,-8.359442370447777,13.143143404567502,11.213149316346662,-24.356292720914173
222,26,26,2020-10-05,236000.0,6000.0,471265,179022,130770,48252,117120,176386,-59266,11014,175123,164109,37.16019649241935,-5.661002063164212,34.82308255440145,2.107954294613208,2.3371139380178882,10.238825289380712,-12.575939227398598
223,25,25,2020-10-06,233500.0,-2500.0,309606,78408,128639,-50231,98621,79679,18942,31289,132577,101288,42.82119855558355,5.933654195818582,32.715128259788244,-2.2584013230845272,10.106070295795302,-16.22416878225874,6.118098486463442
224,24,24,2020-10-07,235000.0,1500.0,257835,82942,103849,-20907,79784,63812,15972,4935,95109,90174,36.887544359764966,-25.78266640312377,34.973529582872764,15.194427999246654,1.9140147768921985,-8.108674152074,6.194659375181803
225,23,23,2020-10-08,229000.0,-6000.0,499234,107245,298259,-191014,79118,102231,-23113,214127,312871,98744,62.67021076288874,20.361936322027653,19.77910158362611,-1.2350326097119542,42.891109179262635,-38.26141649006278,-4.629692689199853
226,22,22,2020-10-12,227000.0,-2000.0,343564,107421,116728,-9307,90787,154639,-63852,73159,145356,72197,42.30827444086109,10.755889049049467,21.01413419333807,-33.25427949918476,21.294140247523025,-2.708956700934906,-18.58518354658812
227,21,21,2020-10-13,235500.0,8500.0,433346,226281,138889,87392,70334,59287,11047,-98439,136731,235170,31.552385391811622,-9.41426290883516,54.268413692522834,19.51667760726479,-22.716028300711212,20.166795124450207,2.549233176261001
228,20,20,2020-10-14,231500.0,-4000.0,402918,93489,135534,-42045,144367,127363,17004,25041,165062,140021,40.96664830064678,7.381862973219412,34.751736085258045,-11.433218980569565,6.214912215388738,-10.43512575759832,4.220213542209581
229,19,19,2020-10-15,234500.0,3000.0,602103,297216,187790,109426,102672,136232,-33560,-75866,202215,278081,33.584785327427376,-0.06735841704679757,46.18495506582761,17.43650789561509,-12.60016973840024,18.17396691263787,-5.57379717423763
230,18,18,2020-10-16,229000.0,-5500.0,446765,240685,146254,94431,55734,172073,-116339,21908,150346,128438,33.652143744474174,-13.637175480843954,28.748447170212522,6.8266592902107694,4.9036965742616365,21.136615446599446,-26.040312020861077
231,17,17,2020-10-19,222500.0,-6500.0,524241,194556,205855,-11299,81775,203463,-121688,132987,247910,114923,47.28931922531814,21.32189513894092,21.921787880001755,-22.64036183515883,25.367531345316372,-2.1553064334914667,-23.212224911824908
232,16,16,2020-10-20,237500.0,15000.0,1301084,649469,295261,354208,313757,426032,-112275,-241933,337858,579791,25.96742408637721,-10.01039039213083,44.56214971516059,19.799859225849374,-18.594725628783387,27.224068545920172,-8.629342917136787
233,15,15,2020-10-21,231500.0,-6000.0,476527,222231,207337,14894,82852,151191,-68339,53445,171444,117999,35.97781447850804,3.680794675037589,24.762290489311205,-13.018849984165904,11.215523989196834,3.1255311871100693,-14.341055176306904
234,14,14,2020-10-22,234000.0,2500.0,372056,172211,127664,44547,79682,103825,-24143,-20404,120163,140567,32.29701980347045,2.890767873406567,37.78114047347711,1.3305245984834857,-5.484120670006666,11.973197583159525,-6.489076913152858
235,13,13,2020-10-23,234500.0,500.0,372397,208769,144361,64408,54120,92295,-38175,-26233,109508,135741,29.406251930063878,-3.5656192170595564,36.450615874993616,-24.89783384163761,-7.044363944929738,17.295520640606664,-10.251156695676926
236,12,12,2020-10-26,243500.0,9000.0,788372,394565,232375,162190,133866,72343,61523,-223713,259941,483654,32.971871147123444,5.187189563214577,61.34844971663125,21.961357072573904,-28.3765785695078,20.57277528882304,7.803803280684752
237,11,11,2020-10-27,244500.0,1000.0,796662,402009,286772,115237,173303,196108,-22805,-92432,221350,313782,27.78468158390886,-10.809335527627692,39.387092644057326,-3.209933539791244,-11.602411060148471,14.464980129590714,-2.862569069442248
238,10,10,2020-10-28,252500.0,8000.0,487858,260703,184389,76314,38871,95656,-56785,-19529,188284,207813,38.594017111536544,-23.41109584751669,42.59702618384858,8.889987247803653,-4.003009072312024,15.642666513616668,-11.639657441304642
239,9,9,2020-10-29,238000.0,-14500.0,696270,206537,237501,-30964,58010,224077,-166067,197031,431723,234692,62.00511295905324,-4.544990215389198,33.707038936044924,8.939659611888152,28.29807402300832,-4.447125396757005,-23.850948626251306
240,8,8,2020-10-30,225500.0,-12500.0,888786,185620,334822,-149202,111678,333835,-222157,371359,591488,220129,66.55010317444244,8.1093234942849,24.76737932415677,-7.907043078814857,41.78272385028567,-16.787168114709278,-24.995555735576392
