날짜,종가,대비,거래량,기관 매수,기관 매도,기관 순매수,외국인 매수,외국인 매도,외국인 순매수,개인 순매수
2020-11-11,47250,2550,3407691,884544,854532,30012,1762715,522588,1240127,-1270139
2020-11-10,44700,1750,2913985,1396830,796542,600288,844863,578974,265889,-866177
2020-11-09,42950,300,1350713,629356,326852,302504,342785,446503,-103718,-198786
2020-11-06,42650,-250,1403645,462238,485593,-23355,487379,458247,29132,-5777
2020-11-05,42900,1350,2077254,730164,696842,33322,811022,526355,284667,-317989
2020-11-04,41550,-1100,2640754,831033,1423294,-592261,616188,564361,51827,540434
2020-11-03,42650,650,1535972,561080,313972,247108,591781,539127,52654,-299762
2020-11-02,42000,1900,1789683,866684,497246,369438,574651,559173,15478,-384916
2020-10-30,40100,-900,1936145,458729,543965,-85236,558237,842995,-284758,369994
2020-10-29,41000,-1050,1903504,368936,675072,-306136,556345,791516,-235171,541307
2020-10-28,42050,300,1186091,376885,506374,-129489,351796,276088,75708,53781
2020-10-27,41750,-650,2088168,567027,747669,-180642,910923,761456,149467,31175
2020-10-26,42400,150,2149785,894045,683473,210572,635927,690134,-54207,-156365
2020-10-23,42250,350,2912806,1161290,792735,368555,819297,647770,171527,-540082
2020-10-22,41900,450,2432512,931314,710683,220631,778912,517339,261573,-482204
2020-10-21,41450,700,2378411,1188187,490004,698183,610759,841352,-230593,-467590
2020-10-20,40750,50,1531385,561009,510248,50761,229510,506632,-277122,226361
2020-10-19,40700,1300,2737109,1225562,559519,666043,736966,403916,333050,-999093
2020-10-16,39400,350,1459454,441637,400370,41267,527545,403398,124147,-165414
2020-10-15,39050,300,1506358,448331,400359,47972,512032,736699,-224667,176695
2020-10-14,38750,-1450,2599729,562347,812844,-250497,543081,1224800,-681719,932216
2020-10-13,40200,-550,1829831,780327,699391,80936,509128,580313,-71185,-9751
2020-10-12,40750,900,2172164,1095048,604682,490366,686256,616436,69820,-560186
2020-10-08,39850,-50,1601362,468032,686826,-218794,643101,399324,243777,-24983
2020-10-07,39900,900,1673843,843608,400291,443317,480736,487322,-6586,-436731
2020-10-06,39000,-50,1696809,583113,539609,43504,378523,440333,-61810,18306
2020-10-05,39050,1500,2800737,1076419,435049,641370,1197017,563879,633138,-1274508
2020-09-29,37550,-650,1950270,473026,361782,111244,569395,1176213,-606818,495574
2020-09-28,38200,0,988581,341778,221293,120485,334194,355103,-20909,-99576
2020-09-25,38200,1000,1918648,557147,524981,32166,1001054,328634,672420,-704586
2020-09-24,37200,-350,1637655,503178,490423,12755,614361,686446,-72085,59330
2020-09-23,37550,100,1596892,545052,500634,44418,595408,519069,76339,-120757
2020-09-22,37450,-200,1538136,335779,594893,-259114,771819,371771,400048,-140934
2020-09-21,37650,-100,1185153,371382,396454,-25072,386677,436098,-49421,74493
2020-09-18,37750,-200,1158360,372444,323077,49367,417217,601473,-184256,134889
2020-09-17,37950,50,1128497,338966,497737,-158771,299255,293358,5897,152874
2020-09-16,37900,-450,1243553,256985,496734,-239749,300340,430480,-130140,369889
2020-09-15,38350,50,1494998,383488,579628,-196140,428464,315204,113260,82880
2020-09-14,38300,1150,1794696,443529,379664,63865,916755,253050,663705,-727570
2020-09-11,37150,-400,1453185,310274,376035,-65761,266457,746059,-479602,545363
2020-09-10,37550,50,1649298,623511,801952,-178441,529369,481487,47882,130559
2020-09-09,37500,-300,1325683,350502,553291,-202789,360339,332215,28124,174665
2020-09-08,37800,-450,1861721,482096,768346,-286250,257366,323411,-66045,352295
2020-09-07,38250,1300,2246561,631904,596131,35773,741257,364410,376847,-412620
2020-09-04,36950,-450,1622570,367056,963310,-596254,277728,205315,72413,523841
2020-09-03,37400,-300,1493906,425088,600237,-175149,370514,407005,-36491,211640
2020-09-02,37700,300,1363294,475636,460768,14868,478399,423220,55179,-70047
2020-09-01,37400,550,1747651,559502,622765,-63263,740696,530155,210541,-147278
2020-08-31,36850,-1150,3473865,808139,965458,-157319,1055119,1880789,-825670,982989
2020-08-28,38000,1050,3094558,1047289,662963,384326,1054727,602037,452690,-837016
2020-08-27,36950,-150,1518005,259737,631948,-372211,475567,212885,262682,109529
2020-08-26,37100,-850,2118673,385859,961942,-576083,387614,716083,-328469,904552
2020-08-25,37950,1000,1577837,599470,697899,-98429,210291,146421,63870,34559
2020-08-24,36950,200,1254718,397359,580454,-183095,368494,228616,139878,43217
2020-08-21,36750,300,1682480,503093,927495,-424402,182315,168128,14187,410215
2020-08-20,36450,-1550,2376891,578589,1077270,-498681,368072,266066,102006,396675
2020-08-19,38000,-150,1283988,456569,478609,-22040,120492,231110,-110618,132658
2020-08-18,38150,-1650,2848865,813687,814926,-1239,942887,543420,399467,-398228
2020-08-14,39800,-1700,2859261,692770,673386,19384,666047,962998,-296951,277567
2020-08-13,41500,1150,4253152,971247,1152137,-180890,1873734,734848,1138886,-957996
2020-08-12,40350,1550,5024954,1401157,1418190,-17033,1097136,655814,441322,-424289
2020-08-11,38800,1650,4668361,1498803,1131948,366855,1194269,484740,709529,-1076384
2020-08-10,37150,1000,2482203,773819,573073,200746,431173,162498,268675,-469421
2020-08-07,36150,-400,1831365,328703,749946,-421243,646771,493773,152998,268245
2020-08-06,36550,1050,3369375,1073137,877262,195875,1079363,423475,655888,-851763
2020-08-05,35500,0,1272456,300007,565008,-265001,391110,245747,145363,119638
2020-08-04,35500,250,1345023,459722,557018,-97296,351662,202492,149170,-51874
2020-08-03,35250,0,1056472,296841,489843,-193002,234806,240117,-5311,198313
2020-07-31,35250,-700,1893355,312510,583030,-270520,604269,939336,-335067,605587
2020-07-30,35950,-250,1773544,513409,596210,-82801,248792,567523,-318731,401532
2020-07-29,36200,500,1543911,579216,601192,-21976,441382,289009,152373,-130397
2020-07-28,35700,250,1739731,521492,926484,-404992,499729,280556,219173,185819
2020-07-27,35450,50,1154928,456135,437543,18592,308583,244550,64033,-82625
2020-07-24,35400,-450,1583429,372306,547222,-174916,395852,494869,-99017,273933
2020-07-23,35850,-350,1829737,428538,863971,-435433,429647,495861,-66214,501647
2020-07-22,36200,-500,3174680,905649,1179185,-273536,756909,748222,8687,264849
2020-07-21,36700,-200,2060791,887356,701654,185702,183633,514777,-331144,145442
2020-07-20,36900,1250,2428100,1085562,540760,544802,565637,364235,201402,-746204
2020-07-17,35650,-300,1595399,465253,533028,-67775,429602,465984,-36382,104157
2020-07-16,35950,300,1721130,671699,513444,158255,286432,392043,-105611,-52644
2020-07-15,35650,550,2786466,1341544,802239,539305,510716,719013,-208297,-331008
2020-07-14,35100,-250,973577,380318,519179,-138861,257257,212619,44638,94223
2020-07-13,35350,1400,1765624,646839,445600,201239,620590,292406,328184,-529423
2020-07-10,33950,-750,1914633,461756,813196,-351440,617241,702471,-85230,436670
2020-07-09,34700,-350,1962294,720297,916814,-196517,807211,691029,116182,80335
2020-07-08,35050,-750,1613501,491402,589873,-98471,638644,719060,-80416,178887
2020-07-07,35800,50,1837584,679263,707896,-28633,669455,412189,257266,-228633
2020-07-06,35750,950,2081699,566722,460993,105729,1057296,623327,433969,-539698
2020-07-03,34800,350,1032764,410562,358389,52173,378698,239696,139002,-191175
2020-07-02,34450,50,1944623,457446,409510,47936,1138009,1198827,-60818,12882
2020-07-01,34400,450,1797943,599190,561804,37386,605122,343540,261582,-298968
2020-06-30,33950,50,2139717,427048,773355,-346307,834441,834781,-340,346647
2020-06-29,33900,-900,1716673,401004,730236,-329232,430254,611571,-181317,510549
2020-06-26,34800,1050,1889305,752811,641950,110861,616377,296895,319482,-430343
2020-06-25,33750,-1150,1908667,472880,845933,-373053,308779,580483,-271704,644757
2020-06-24,34900,200,1373398,565235,417733,147502,314171,464649,-150478,2976
2020-06-23,34700,-150,1858916,808877,838297,-29420,390784,370618,20166,9254
2020-06-22,34850,-1150,1689143,500283,588224,-87941,152267,572906,-420639,508580
2020-06-19,36000,750,3560935,928707,946809,-18102,1831063,1474886,356177,-338075
2020-06-18,35250,250,2556965,1024322,932413,91909,913054,606249,306805,-398714
2020-06-17,35000,-700,3829768,1172865,1288384,-115519,797307,1484054,-686747,802266
2020-06-16,35700,2450,2255201,955225,637001,318224,484112,303676,180436,-498660
2020-06-15,33250,-1400,3388071,872134,1251281,-379147,1017677,760736,256941,122206
2020-06-12,34650,-1700,3806558,884842,1459344,-574502,681938,1031222,-349284,923786
2020-06-11,36350,-1200,4278133,812422,1607383,-794961,1059087,1107697,-48610,843571
2020-06-10,37550,-950,2748853,525963,913931,-387968,1069694,1090471,-20777,408745
2020-06-09,38500,300,2520713,640080,758785,-118705,936281,521590,414691,-295986
2020-06-08,38200,150,2840784,640005,926164,-286159,841073,629687,211386,74773
2020-06-05,38050,1050,2412060,894293,517716,376577,491249,285306,205943,-582520
2020-06-04,37000,-1600,6220789,1416464,1501776,-85312,1078932,2335772,-1256840,1342152
2020-06-03,38600,2350,5291169,1954451,1095776,858675,961408,1023484,-62076,-796599
2020-06-02,36250,1650,3992096,1777752,727194,1050558,464677,659104,-194427,-856131
2020-06-01,34600,600,2643715,737834,468921,268913,772695,664058,108637,-377550
2020-05-29,34000,-200,4473646,839257,576293,262964,2266272,2463716,-197444,-65520
2020-05-28,34200,1100,6324651,2109554,1310788,798766,1592309,740452,851857,-1650623
2020-05-27,33100,500,4885554,1440579,583068,857511,1747084,1722238,24846,-882357
2020-05-26,32600,1250,3224756,853170,389928,463242,1055609,365472,690137,-1153379
2020-05-25,31350,250,1387582,375086,336952,38134,395391,492049,-96658,58524
2020-05-22,31100,-900,2073547,271547,378275,-106728,356572,1032051,-675479,782207
2020-05-21,32000,-50,1690229,257904,546002,-288098,624476,542125,82351,205747
2020-05-20,32050,100,1529458,255133,377339,-122206,674989,509077,165912,-43706
2020-05-19,31950,950,3318803,995758,359710,636048,813429,941749,-128320,-507728
2020-05-18,31000,-450,2094246,420264,513250,-92986,572017,1100264,-528247,621233
2020-05-15,31450,500,2594683,583076,416971,166105,588695,1184801,-596106,430001
2020-05-14,30950,-500,2117359,545517,806354,-260837,329046,745656,-416610,677447
2020-05-13,31450,-100,2292087,554493,446116,108377,420384,1249321,-828937,720560
2020-05-12,31550,-600,1901590,283717,648500,-364783,229654,595909,-366255,731038
2020-05-11,32150,-650,2124625,375213,505902,-130689,269799,846840,-577041,707730
2020-05-08,32800,350,1916592,306508,403194,-96686,834540,785704,48836,47850
2020-05-07,32450,-250,2057759,655438,473460,181978,314633,1092778,-778145,596167
2020-05-06,32700,-300,3285676,719212,499895,219317,540870,2077787,-1536917,1317600
2020-05-04,33000,-1750,3135974,572127,814682,-242555,388547,1618887,-1230340,1472895
2020-04-29,34750,600,2470683,491373,421633,69740,1170929,650730,520199,-589939
2020-04-28,34150,-50,3681195,952381,685551,266830,597732,1066105,-468373,201543
2020-04-27,34200,3100,6297287,1817637,763364,1054273,2251825,1116581,1135244,-2189517
2020-04-24,31100,-200,1674947,447127,501283,-54156,597855,789399,-191544,245700
2020-04-23,31300,-200,1661682,506847,384987,121860,360290,746109,-385819,263959
2020-04-22,31500,-200,1816282,239736,465099,-225363,468629,798875,-330246,555609
2020-04-21,31700,-200,2357333,519922,820173,-300251,721468,580484,140984,159267
2020-04-20,31900,-450,2712305,457331,810742,-353411,441907,1261647,-819740,1173151
2020-04-17,32350,450,3117460,549274,517185,32089,1062713,1347395,-284682,252593
2020-04-16,31900,-1300,4032094,466156,862450,-396294,1252235,2513286,-1261051,1657345
2020-04-14,33200,650,1592187,540145,328213,211932,413203,548468,-135265,-76667
2020-04-13,32550,-1100,2535276,366581,723077,-356496,362012,877891,-515879,872375
2020-04-10,33650,1150,3195991,812786,685207,127579,828717,654132,174585,-302164
2020-04-09,32500,400,1758854,495429,801140,-305711,449081,468673,-19592,325303
2020-04-08,32100,-1000,2328277,525516,890684,-365168,397707,875463,-477756,842924
2020-04-07,33100,250,2588831,668621,789808,-121187,439446,968577,-529131,650318
2020-04-06,32850,1700,1998703,842839,448746,394093,507201,652518,-145317,-248776
2020-04-03,31150,-550,2312886,607914,866722,-258808,689488,922722,-233234,492042
2020-04-02,31700,100,2356609,846994,907884,-60890,532188,857211,-325023,385913
2020-04-01,31600,-2950,2918796,618484,1143583,-525099,701039,1269419,-568380,1093479
2020-03-31,34550,-200,2227158,789193,870737,-81544,654174,811274,-157100,238644
2020-03-30,34750,-1000,2529780,1035624,741086,294538,839773,1296726,-456953,162415
2020-03-27,35750,2850,3789110,1249671,1162194,87477,1885646,1543878,341768,-429245
2020-03-26,32900,900,4079253,1444118,1379061,65057,1612523,1429885,182638,-247695
2020-03-25,32000,2850,4002728,1502207,1338824,163383,1200673,1204336,-3663,-159720
2020-03-24,29150,1500,2766834,1049009,948454,100555,877552,1021560,-144008,43453
2020-03-23,27650,-3200,2779005,956731,1091108,-134377,789734,1137642,-347908,482285
2020-03-20,30850,4800,2772947,1070150,979812,90338,1121581,1130433,-8852,-81486
2020-03-19,26050,-3000,3226552,1318596,1267048,51548,1228290,1467218,-238928,187380
2020-03-18,29050,-800,3437402,831892,934300,-102408,1889339,1892207,-2868,105276
2020-03-17,29850,-2250,2376047,791506,802274,-10768,567656,1176001,-608345,619113
2020-03-16,32100,-800,2158001,439431,982068,-542637,1331196,924129,407067,135570
2020-03-13,32900,-550,3157352,1093524,1069732,23792,1662513,1586899,75614,-99406
2020-03-12,33450,-1850,2428039,898247,967943,-69696,1038357,1156513,-118156,187852
2020-03-11,35300,150,1840394,648744,747677,-98933,914172,850508,63664,35269
2020-03-10,35150,0,2183412,717718,521033,196685,1194170,1386664,-192494,-4191
2020-03-09,35150,-2300,2015102,387047,568742,-181695,935964,1225605,-289641,471336
2020-03-06,37450,-1250,1624871,391845,614404,-222559,641511,826059,-184548,407107
2020-03-05,38700,-250,1192190,548978,767065,-218087,333800,323442,10358,207729
2020-03-04,38950,850,1601011,445031,659763,-214732,955465,704528,250937,-36205
2020-03-03,38100,-300,1830298,502597,815093,-312496,939702,870630,69072,243424
2020-03-02,38400,-500,1696505,745596,703480,42116,669216,877188,-207972,165856
2020-02-28,38900,-500,2342074,961150,772655,188495,1208058,1400142,-192084,3589
2020-02-27,39400,350,1667870,800096,680448,119648,711530,823925,-112395,-7253
2020-02-26,39050,-200,2439040,901982,773910,128072,1284769,1522447,-237678,109606
2020-02-25,39250,200,1779148,729888,657045,72843,779124,895128,-116004,43161
2020-02-24,39050,-2100,1872964,671032,641593,29439,776703,1056308,-279605,250166
2020-02-21,41150,-1050,1476170,452755,599326,-146571,786914,692315,94599,51972
2020-02-20,42200,400,1471921,384263,636645,-252382,993977,703314,290663,-38281
2020-02-19,41800,50,1808110,510366,515098,-4732,1145341,1193490,-48149,52881
2020-02-18,41750,-650,1530494,440452,498169,-57717,829659,868254,-38595,96312
2020-02-17,42400,-350,994095,275573,351524,-75951,490124,562336,-72212,148163
2020-02-14,42750,0,1304244,370993,402239,-31246,793606,814540,-20934,52180
2020-02-13,42750,-750,1585289,366300,535058,-168758,759265,948526,-189261,358019
2020-02-12,43500,400,2163450,512695,462553,50142,1485341,1507824,-22483,-27659
2020-02-11,43100,-150,1505386,453568,351020,102548,756997,1059984,-302987,200439
2020-02-10,43250,-1150,1392007,449876,507176,-57300,498135,839361,-341226,398526
2020-02-07,44400,-850,1152443,435976,623891,-187915,370854,414197,-43343,231258
2020-02-06,45250,1050,1087184,635858,412762,223096,327900,458765,-130865,-92231
2020-02-05,44200,700,1414093,448321,743555,-295234,788104,505979,282125,13109
2020-02-04,43500,-350,1350137,382301,708320,-326019,711611,591657,119954,206065
2020-02-03,43850,-100,1438211,560994,685897,-124903,768781,653354,115427,9476
2020-01-31,43950,150,1043074,502647,492915,9732,489591,442403,47188,-56920
2020-01-30,43800,-450,1451247,422843,572816,-149973,842364,795428,46936,103037
2020-01-29,44250,-250,1357149,435212,678175,-242963,731652,613492,118160,124803
2020-01-28,44500,-2200,1494047,654640,890987,-236347,543905,456045,87860,148487
2020-01-23,46700,-850,892831,369177,572407,-203230,378960,261377,117583,85647
2020-01-22,47550,200,827162,289460,248294,41166,504933,517519,-12586,-28580
2020-01-21,47350,-950,543206,306584,181513,125071,154233,320588,-166355,41284
2020-01-20,48300,400,1039883,477004,482238,-5234,471778,353715,118063,-112829
2020-01-17,47900,-100,1067206,492865,488399,4466,475780,478442,-2662,-1804
2020-01-16,48000,100,1063894,424055,515573,-91518,554550,470925,83625,7893
2020-01-15,47900,50,1051882,352308,387062,-34754,643008,581227,61781,-27027
2020-01-14,47850,1150,1230507,449734,565591,-115857,702839,444752,258087,-142230
2020-01-13,46700,-100,723834,434761,314995,119766,197844,321208,-123364,3598
2020-01-10,46800,300,1223959,453817,636208,-182391,680402,479082,201320,-18929
2020-01-09,46500,350,1371428,683800,656675,27125,567172,631240,-64068,36943
2020-01-08,46150,-850,1197780,468996,667761,-198765,592590,393175,199415,-650
2020-01-07,47000,400,817477,431894,392345,39549,324430,352982,-28552,-10997
2020-01-06,46600,-550,698224,279052,481984,-202932,346435,148744,197691,5241
2020-01-03,47150,600,1123490,438873,757350,-318477,624877,207988,416889,-98412
2020-01-02,46550,-1100,1033855,372252,683100,-310848,432329,263237,169092,141756
2019-12-30,47650,-400,955663,281926,444044,-162118,549573,447300,102273,59845
2019-12-27,48050,-1350,1278193,471358,755521,-284163,561446,387648,173798,110365
2019-12-26,49400,-50,717331,478720,289316,189404,69579,228109,-158530,-30874
2019-12-24,49450,-450,602123,426741,312981,113760,82073,228664,-146591,32831
2019-12-23,49900,850,878027,407668,321940,85728,403433,332400,71033,-156761
2019-12-20,49050,-350,1014948,396863,314461,82402,497380,620153,-122773,40371
2019-12-19,49400,0,1000540,517400,403320,114080,402255,515308,-113053,-1027
2019-12-18,49400,1450,1315621,385251,617913,-232662,851629,449326,402303,-169641
2019-12-17,47950,-1100,2272935,830212,1004819,-174607,963460,1040188,-76728,251335
2019-12-16,49050,-950,2082488,546052,865934,-319882,1398904,1024115,374789,-54907
2019-12-13,50000,1650,1211381,490379,392859,97520,660134,414082,246052,-343572
2019-12-12,48350,350,1715262,1178197,921667,256530,497914,655023,-157109,-99421
2019-12-11,48000,-300,973843,404554,302790,101764,511931,620798,-108867,7103
2019-12-10,48300,250,813927,222574,275631,-53057,546790,415996,130794,-77737
2019-12-09,48050,1050,1066373,370361,395788,-25427,607017,400018,206999,-181572
2019-12-06,47000,350,783218,299225,208205,91020,450187,458261,-8074,-82946
2019-12-05,46650,600,1123928,286193,351002,-64809,783323,648725,134598,-69789
2019-12-04,46050,200,924902,319110,390411,-71301,583298,478044,105254,-33953
2019-12-03,45850,-100,932941,367688,502523,-134835,533617,399145,134472,363
2019-12-02,45950,-100,698866,462492,296187,166305,203226,379616,-176390,10085
2019-11-29,46050,-500,844993,371873,393800,-21927,433549,386682,46867,-24940
2019-11-28,46550,450,540476,269059,277931,-8872,257078,149639,107439,-98567
2019-11-27,46100,250,753439,352456,251451,101005,366574,432783,-66209,-34796
2019-11-26,45850,-200,2137333,692513,307450,385063,1332350,1758492,-426142,41079
2019-11-25,46050,-150,1217858,549904,429987,119917,620967,666005,-45038,-74879
2019-11-22,46200,550,1097164,432276,422477,9799,640940,507744,133196,-142995
2019-11-21,45650,-300,1686894,674360,539160,135200,948844,1008079,-59235,-75965
2019-11-20,45950,1050,2402413,735840,970307,-234467,1594360,938511,655849,-421382
2019-11-19,44900,900,1834999,357557,447270,-89713,1427301,1033912,393389,-303676
2019-11-18,44000,300,738224,329829,270150,59679,368426,311423,57003,-116682
2019-11-15,43700,0,1154688,619375,364522,254853,379282,577877,-198595,-56258
2019-11-14,43700,300,908957,599304,390390,208914,271635,370792,-99157,-109757
2019-11-13,43400,-150,786626,298028,319088,-21060,449326,409472,39854,-18794
2019-11-12,43550,550,619591,278691,360790,-82099,279234,199146,80088,2011
2019-11-11,43000,-300,882908,296307,309975,-13668,520333,538319,-17986,31654
합계,,,499184806,155836906,159952208,-4115302,169501035,174163396,-4662361,8777663
