날짜,종가,대비,거래량,기관 매수,기관 매도,기관 순매수,외국인 매수,외국인 매도,외국인 순매수,개인 순매수
2020-11-11,1571000,42000,41690,9976,13287,-3311,26602,7090,19512,-16201
2020-11-10,1529000,2000,31661,6740,14054,-7314,18432,12515,5917,1397
2020-11-09,1527000,1000,21957,9394,7630,1764,7534,8994,-1460,-304
2020-11-06,1526000,-4000,19413,6972,9889,-2917,7378,4004,3374,-457
2020-11-05,1530000,25000,34779,9383,13584,-4201,17705,15374,2331,1870
2020-11-04,1505000,-12000,29280,9428,13194,-3766,9911,12421,-2510,6276
2020-11-03,1517000,-14000,22826,7695,9857,-2162,8815,10814,-1999,4161
2020-11-02,1531000,31000,19283,7625,5037,2588,9390,4674,4716,-7304
2020-10-30,1500000,-7000,26906,2956,8644,-5688,16497,16212,285,5403
2020-10-29,1507000,-17000,23582,4516,12108,-7592,9873,8432,1441,6151
2020-10-28,1524000,-19000,18950,3670,8713,-5043,10284,8062,2222,2821
2020-10-27,1543000,28000,43164,5213,10121,-4908,35145,27104,8041,-3133
2020-10-26,1515000,-24000,18435,5589,8699,-3110,7096,7873,-777,3887
2020-10-23,1539000,0,26952,8808,12602,-3794,13780,10854,2926,868
2020-10-22,1539000,-12000,34458,11004,17079,-6075,13333,13042,291,5784
2020-10-21,1551000,4000,20458,11075,10550,525,6457,8136,-1679,1154
2020-10-20,1547000,-15000,18165,6876,6403,473,8933,8699,234,-707
2020-10-19,1562000,-9000,29547,15929,13672,2257,11047,13340,-2293,36
2020-10-16,1571000,2000,26034,12412,9545,2867,11883,11214,669,-3536
2020-10-15,1569000,23000,26730,6323,7673,-1350,18162,14713,3449,-2099
2020-10-14,1546000,-2000,23585,6144,6531,-387,14779,14768,11,376
2020-10-13,1548000,-37000,25353,8087,10177,-2090,11089,11468,-379,2469
2020-10-12,1585000,45000,31235,17480,8749,8731,9583,6590,2993,-11724
2020-10-08,1540000,27000,32935,13284,14335,-1051,18302,8817,9485,-8434
2020-10-07,1513000,13000,19124,10789,5331,5458,6969,8376,-1407,-4051
2020-10-06,1500000,1000,18373,6165,8533,-2368,9837,6908,2929,-561
2020-10-05,1499000,51000,37143,18353,8662,9691,15985,12770,3215,-12906
2020-09-29,1448000,-21000,29073,9615,6941,2674,14574,19167,-4593,1919
2020-09-28,1469000,50000,22430,8082,5395,2687,12091,10940,1151,-3838
2020-09-25,1419000,1000,15061,7696,6678,1018,3957,6201,-2244,1226
2020-09-24,1418000,-37000,25119,7670,7837,-167,8169,13256,-5087,5254
2020-09-23,1455000,-18000,23970,8721,10526,-1805,7514,10589,-3075,4880
2020-09-22,1473000,-24000,22655,5642,11099,-5457,8892,7972,920,4537
2020-09-21,1497000,-19000,16592,9198,5174,4024,3611,9018,-5407,1383
2020-09-18,1516000,8000,29963,7902,8527,-625,20069,15496,4573,-3948
2020-09-17,1508000,2000,18622,6609,10190,-3581,5606,5500,106,3475
2020-09-16,1506000,-27000,16229,5114,6745,-1631,3549,7369,-3820,5451
2020-09-15,1533000,14000,20656,5293,7220,-1927,11202,7977,3225,-1298
2020-09-14,1519000,1000,18782,6879,9320,-2441,9004,7035,1969,472
2020-09-11,1518000,-9000,26302,6957,9215,-2258,16465,13261,3204,-946
2020-09-10,1527000,17000,34347,10698,17392,-6694,20451,5057,15394,-8700
2020-09-09,1510000,17000,36196,12579,11036,1543,20981,15504,5477,-7020
2020-09-08,1493000,18000,22557,7574,10120,-2546,12080,5325,6755,-4209
2020-09-07,1475000,22000,22370,4008,6300,-2292,13460,9800,3660,-1368
2020-09-04,1453000,-30000,32181,4219,11928,-7709,13636,15986,-2350,10059
2020-09-03,1483000,-16000,20737,6096,10088,-3992,6134,7655,-1521,5513
2020-09-02,1499000,-14000,25102,7718,6352,1366,8363,15996,-7633,6267
2020-09-01,1513000,40000,29672,11021,10061,960,15112,11387,3725,-4685
2020-08-31,1473000,-36000,36969,16500,14986,1514,10472,18021,-7549,6035
2020-08-28,1509000,10000,26011,9663,9977,-314,12988,11334,1654,-1340
2020-08-27,1499000,-18000,21958,6721,12478,-5757,4633,4188,445,5312
2020-08-26,1517000,-22000,42308,6335,16794,-10459,20637,21037,-400,10859
2020-08-25,1539000,-4000,19954,7912,12531,-4619,6401,5204,1197,3422
2020-08-24,1543000,-20000,25732,7608,10711,-3103,9414,11595,-2181,5284
2020-08-21,1563000,63000,36757,13996,11071,2925,16710,9684,7026,-9951
2020-08-20,1500000,-19000,36587,17786,26127,-8341,14297,5677,8620,-279
2020-08-19,1519000,19000,33302,13088,14695,-1607,16254,10092,6162,-4555
2020-08-18,1500000,-65000,50554,16926,13679,3247,21404,30020,-8616,5369
2020-08-14,1565000,5000,26191,14420,11551,2869,4798,8528,-3730,861
2020-08-13,1560000,12000,43833,19252,17069,2183,16525,18499,-1974,-209
2020-08-12,1548000,-25000,34961,13889,15951,-2062,12292,11830,462,1600
2020-08-11,1573000,128000,93232,26105,33724,-7619,46794,18366,28428,-20809
2020-08-10,1445000,13000,36558,11829,17935,-6106,19732,7205,12527,-6421
2020-08-07,1432000,47000,65788,15497,19825,-4328,42507,14098,28409,-24081
2020-08-06,1385000,21000,26783,12914,11942,972,11663,6893,4770,-5742
2020-08-05,1364000,10000,38836,9799,13154,-3355,20734,15654,5080,-1725
2020-08-04,1354000,4000,27230,10205,11003,-798,11030,11752,-722,1520
2020-08-03,1350000,-21000,39951,8459,16397,-7938,20572,20422,150,7788
2020-07-31,1371000,-14000,27006,8840,11449,-2609,13156,12389,767,1842
2020-07-30,1385000,-5000,31061,10349,12632,-2283,16713,7793,8920,-6637
2020-07-29,1390000,40000,56276,11628,16604,-4976,40335,8992,31343,-26367
2020-07-28,1350000,4000,37319,8932,19722,-10790,21734,7947,13787,-2997
2020-07-27,1346000,23000,24832,6140,5988,152,14206,5967,8239,-8391
2020-07-24,1323000,-18000,50471,12485,18983,-6498,14809,11698,3111,3387
2020-07-23,1341000,-42000,100071,40713,33109,7604,14749,20114,-5365,-2239
2020-07-22,1383000,-2000,32388,12458,10843,1615,9371,11704,-2333,718
2020-07-21,1385000,64000,77971,26117,13239,12878,22079,18803,3276,-16154
2020-07-20,1321000,-24000,20409,4871,11607,-6736,5280,5987,-707,7443
2020-07-17,1345000,6000,22386,6145,8932,-2787,10629,7048,3581,-794
2020-07-16,1339000,-11000,25129,10386,14601,-4215,10445,7201,3244,971
2020-07-15,1350000,10000,38328,11738,10129,1609,23189,16146,7043,-8652
2020-07-14,1340000,40000,42225,12221,13975,-1754,25631,9063,16568,-14814
2020-07-13,1300000,5000,20748,6892,6385,507,8069,9342,-1273,766
2020-07-10,1295000,-12000,27608,5801,11968,-6167,10025,10570,-545,6712
2020-07-09,1307000,-10000,43377,11286,14120,-2834,17728,23530,-5802,8636
2020-07-08,1317000,-31000,41906,8609,11356,-2747,13193,26900,-13707,16454
2020-07-07,1348000,-8000,50630,10006,14543,-4537,33470,32187,1283,3254
2020-07-06,1356000,-24000,33829,12301,6772,5529,12007,23158,-11151,5622
2020-07-03,1380000,1000,41681,10180,10102,78,27511,19757,7754,-7832
2020-07-02,1379000,53000,42001,11788,6690,5098,27182,7841,19341,-24439
2020-07-01,1326000,-20000,34636,12839,14399,-1560,8558,11275,-2717,4277
2020-06-30,1346000,46000,76009,31534,18506,13028,24115,18877,5238,-18266
2020-06-29,1300000,-37000,24018,9294,12512,-3218,5014,6325,-1311,4529
2020-06-26,1337000,60000,48453,8456,15638,-7182,33090,8380,24710,-17528
2020-06-25,1277000,-68000,45849,10098,26884,-16786,11736,13268,-1532,18318
2020-06-24,1345000,24000,35176,11488,10336,1152,18006,10183,7823,-8975
2020-06-23,1321000,57000,52597,12226,13541,-1315,31363,14373,16990,-15675
2020-06-22,1264000,-23000,46210,8750,9147,-397,23552,33053,-9501,9898
2020-06-19,1287000,13000,49256,6245,14701,-8456,30051,28223,1828,6628
2020-06-18,1274000,-14000,38772,7722,18659,-10937,23933,16017,7916,3021
2020-06-17,1288000,-12000,41485,8789,21289,-12500,22961,13698,9263,3237
2020-06-16,1300000,30000,34637,13602,8950,4652,8586,16272,-7686,3034
2020-06-15,1270000,-55000,47831,8016,14344,-6328,17164,23178,-6014,12342
2020-06-12,1325000,-35000,37370,10806,14792,-3986,10273,11235,-962,4948
2020-06-11,1360000,-11000,56280,17029,27975,-10946,9885,20503,-10618,21564
2020-06-10,1371000,-3000,28627,12926,7351,5575,7085,17343,-10258,4683
2020-06-09,1374000,-5000,32971,7946,16543,-8597,13490,12983,507,8090
2020-06-08,1379000,-22000,37072,10343,13324,-2981,7815,19907,-12092,15073
2020-06-05,1401000,-2000,33992,16806,7099,9707,14124,22227,-8103,-1604
2020-06-04,1403000,16000,63330,24442,17812,6630,29950,29583,367,-6997
2020-06-03,1387000,17000,48995,22152,10480,11672,19998,30167,-10169,-1503
2020-06-02,1370000,7000,31065,11476,8953,2523,12076,16791,-4715,2192
2020-06-01,1363000,-7000,42182,7960,8350,-390,18778,26892,-8114,8504
2020-05-29,1370000,-15000,54088,7478,10889,-3411,41366,38422,2944,467
2020-05-28,1385000,-5000,33510,11274,14137,-2863,14824,15083,-259,3122
2020-05-27,1390000,-10000,28837,7212,12077,-4865,12651,12040,611,4254
2020-05-26,1400000,0,23917,11721,6918,4803,8109,10123,-2014,-2789
2020-05-25,1400000,3000,28841,10296,9246,1050,11818,12863,-1045,-5
2020-05-22,1397000,-15000,24947,5859,12490,-6631,6670,6950,-280,6911
2020-05-21,1412000,-4000,55863,6305,18696,-12391,35777,29790,5987,6404
2020-05-20,1416000,-1000,30145,7600,8439,-839,11941,17759,-5818,6657
2020-05-19,1417000,-20000,31604,12147,12953,-806,7834,13835,-6001,6807
2020-05-18,1437000,-38000,31969,6825,12285,-5460,11717,15732,-4015,9475
2020-05-15,1475000,20000,29592,8887,9109,-222,16589,11505,5084,-4862
2020-05-14,1455000,18000,40839,14963,15539,-576,22023,14353,7670,-7094
2020-05-13,1437000,18000,30396,7526,11048,-3522,18512,12909,5603,-2081
2020-05-12,1419000,-17000,35531,5381,11288,-5907,25260,19135,6125,-218
2020-05-11,1436000,16000,31434,5208,15910,-10702,23516,5754,17762,-7060
2020-05-08,1420000,18000,45632,7093,11559,-4466,33066,23948,9118,-4652
2020-05-07,1402000,21000,41840,8757,12591,-3834,28509,18657,9852,-6018
2020-05-06,1381000,19000,38996,10282,13343,-3061,23606,19653,3953,-892
2020-05-04,1362000,-24000,46930,10231,20619,-10388,28015,18681,9334,1054
2020-04-29,1386000,15000,38211,10469,10187,282,21061,15128,5933,-6215
2020-04-28,1371000,-24000,56479,13177,13522,-345,28696,34576,-5880,6225
2020-04-27,1395000,-39000,44795,10501,18506,-8005,19551,16879,2672,5333
2020-04-24,1434000,-10000,75610,13715,18179,-4464,51609,35852,15757,-11293
2020-04-23,1444000,107000,148170,34821,39409,-4588,93344,43590,49754,-45166
2020-04-22,1337000,38000,72655,42346,20873,21473,16620,26565,-9945,-11528
2020-04-21,1299000,37000,97720,38438,17315,21123,27777,42390,-14613,-6510
2020-04-20,1262000,13000,61136,22622,13733,8889,27850,32793,-4943,-3946
2020-04-17,1249000,58000,62084,16674,10916,5758,33822,13725,20097,-25855
2020-04-16,1191000,-9000,52827,11058,10142,916,28089,36900,-8811,7895
2020-04-14,1200000,3000,37782,16263,6775,9488,15158,24329,-9171,-317
2020-04-13,1197000,-18000,26824,12846,14858,-2012,4844,7085,-2241,4253
2020-04-10,1215000,-40000,38315,9983,17075,-7092,5397,13881,-8484,15576
2020-04-09,1255000,44000,37474,14755,13210,1545,14262,14697,-435,-1110
2020-04-08,1211000,-12000,36450,12295,14104,-1809,13580,13708,-128,1937
2020-04-07,1223000,0,60943,17138,15055,2083,25480,33761,-8281,6198
2020-04-06,1223000,59000,60263,28167,6454,21713,21139,24176,-3037,-18676
2020-04-03,1164000,29000,48374,16017,11802,4215,24170,15866,8304,-12519
2020-04-02,1135000,64000,56498,19641,11061,8580,27647,16269,11378,-19958
2020-04-01,1071000,-49000,66300,13485,17417,-3932,27598,39631,-12033,15965
2020-03-31,1120000,20000,53853,15764,16185,-421,24120,21526,2594,-2173
2020-03-30,1100000,-9000,51265,16130,11648,4482,24417,31605,-7188,2706
2020-03-27,1109000,18000,65208,19264,13890,5374,29118,35903,-6785,1411
2020-03-26,1091000,-29000,82915,21267,14052,7215,34843,55111,-20268,13053
2020-03-25,1120000,-24000,92747,25410,19427,5983,23632,56458,-32826,26843
2020-03-24,1144000,78000,69628,26385,17689,8696,28915,34423,-5508,-3188
2020-03-23,1066000,-44000,75697,26642,19637,7005,35437,46632,-11195,4190
2020-03-20,1110000,13000,79664,24000,14861,9139,38747,57633,-18886,9747
2020-03-19,1097000,-36000,94466,46803,17678,29125,34392,64644,-30252,1127
2020-03-18,1133000,42000,119151,52045,21310,30735,50140,76957,-26817,-3918
2020-03-17,1091000,1000,97311,27422,11896,15526,60770,77191,-16421,895
2020-03-16,1090000,-50000,66839,13378,13970,-592,38876,48068,-9192,9784
2020-03-13,1140000,-20000,119769,26987,34684,-7697,84055,76670,7385,312
2020-03-12,1160000,-58000,89277,29952,23632,6320,41647,57913,-16266,9946
2020-03-11,1218000,-37000,45214,14134,17082,-2948,20492,24604,-4112,7060
2020-03-10,1255000,4000,48845,27707,15387,12320,16687,28634,-11947,-373
2020-03-09,1251000,-33000,50860,17188,12349,4839,27468,34045,-6577,1738
2020-03-06,1284000,-14000,41595,9471,16071,-6600,28284,22363,5921,679
2020-03-05,1298000,29000,52229,17353,14615,2738,29956,29254,702,-3440
2020-03-04,1269000,37000,54284,18676,15040,3636,30241,28203,2038,-5674
2020-03-03,1232000,22000,76694,12697,17677,-4980,56154,51718,4436,544
2020-03-02,1210000,-11000,71043,21535,14725,6810,35092,50598,-15506,8696
2020-02-28,1221000,-25000,69915,20401,17780,2621,36314,44877,-8563,5942
2020-02-27,1246000,-31000,62741,15767,16894,-1127,28401,40780,-12379,13506
2020-02-26,1277000,-17000,54650,16357,16290,67,29696,36070,-6374,6307
2020-02-25,1294000,16000,61641,18179,12487,5692,33915,45063,-11148,5456
2020-02-24,1278000,-86000,67766,19294,20992,-1698,26620,41276,-14656,16354
2020-02-21,1364000,-8000,48179,9722,16897,-7175,31942,27991,3951,3224
2020-02-20,1372000,-38000,58831,13824,23075,-9251,34705,31641,3064,6187
2020-02-19,1410000,20000,26329,14137,10263,3874,10875,9670,1205,-5079
2020-02-18,1390000,-7000,34561,12469,13681,-1212,20048,18608,1440,-228
2020-02-17,1397000,8000,27878,11142,9627,1515,15658,14996,662,-2177
2020-02-14,1389000,-14000,42012,7928,10104,-2176,30759,29103,1656,520
2020-02-13,1403000,5000,42792,15454,17800,-2346,25446,20890,4556,-2210
2020-02-12,1398000,16000,41677,14336,8772,5564,25040,26055,-1015,-4549
2020-02-11,1382000,26000,36979,12154,7046,5108,23306,22468,838,-5946
2020-02-10,1356000,4000,31814,7095,8787,-1692,22719,18110,4609,-2917
2020-02-07,1352000,-2000,58273,14432,16645,-2213,40396,36739,3657,-1444
2020-02-06,1354000,52000,69729,21115,13304,7811,43874,39214,4660,-12471
2020-02-05,1302000,33000,58788,11534,22286,-10752,41101,22565,18536,-7784
2020-02-04,1269000,19000,44714,11643,18695,-7052,25421,20604,4817,2235
2020-02-03,1250000,-8000,47434,20222,16724,3498,17776,26177,-8401,4903
2020-01-31,1258000,-4000,50358,10504,17258,-6754,32815,29984,2831,3923
2020-01-30,1262000,-34000,72600,10871,31625,-20754,46678,38420,8258,12496
2020-01-29,1296000,43000,132198,29753,46909,-17156,92028,66583,25445,-8289
2020-01-28,1253000,-96000,98803,23219,46356,-23137,49588,44684,4904,18233
2020-01-23,1349000,-19000,50508,13480,19111,-5631,31371,28497,2874,2757
2020-01-22,1368000,25000,39024,14112,8327,5785,22992,26405,-3413,-2372
2020-01-21,1343000,-44000,50018,14844,13382,1462,25081,33818,-8737,7275
2020-01-20,1387000,-19000,45475,15622,19895,-4273,23887,21236,2651,1622
2020-01-17,1406000,1000,35291,11723,11731,-8,20879,20975,-96,104
2020-01-16,1405000,-17000,33389,8361,9250,-889,20292,22614,-2322,3211
2020-01-15,1422000,11000,42809,10141,12461,-2320,30117,25030,5087,-2767
2020-01-14,1411000,7000,47813,10494,12020,-1526,31071,30852,219,1307
2020-01-13,1404000,61000,49449,21278,10599,10679,20637,24737,-4100,-6579
2020-01-10,1343000,19000,22346,11438,10905,533,7409,5923,1486,-2019
2020-01-09,1324000,-21000,41494,16742,11767,4975,18152,26932,-8780,3805
2020-01-08,1345000,2000,43472,29708,17107,12601,7281,17500,-10219,-2382
2020-01-07,1343000,94000,62787,26970,13038,13932,29964,6399,23565,-37497
2020-01-06,1249000,-14000,19929,7601,10422,-2821,6614,7632,-1018,3839
2020-01-03,1263000,-3000,29170,13989,16123,-2134,10449,6231,4218,-2084
2020-01-02,1266000,5000,24426,12539,11744,795,7999,6843,1156,-1951
2019-12-30,1261000,3000,14787,9185,2237,6948,4801,10349,-5548,-1400
2019-12-27,1258000,1000,21526,9940,13122,-3182,6556,5529,1027,2155
2019-12-26,1257000,-2000,13947,7896,5213,2683,2484,5607,-3123,440
2019-12-24,1259000,-3000,13327,7347,4931,2416,3407,6337,-2930,514
2019-12-23,1262000,-11000,19108,9416,7141,2275,4632,10394,-5762,3487
2019-12-20,1273000,7000,28045,7152,8753,-1601,17611,16487,1124,477
2019-12-19,1266000,-3000,21073,9541,7211,2330,8074,12251,-4177,1847
2019-12-18,1269000,-10000,23207,7930,10041,-2111,10888,11526,-638,2749
2019-12-17,1279000,7000,28672,10548,9278,1270,16224,13943,2281,-3551
2019-12-16,1272000,26000,46014,21185,7272,13913,23207,23410,-203,-13710
2019-12-13,1246000,-31000,69877,23221,15976,7245,20848,47280,-26432,19187
2019-12-12,1277000,22000,45147,27006,24554,2452,16906,14704,2202,-4654
2019-12-11,1255000,-10000,27959,10046,7983,2063,12197,19001,-6804,4741
2019-12-10,1265000,-2000,17458,4230,3821,409,12191,12853,-662,253
2019-12-09,1267000,0,23518,7420,8420,-1000,14296,12833,1463,-463
2019-12-06,1267000,18000,16278,5432,6309,-877,10424,7572,2852,-1975
2019-12-05,1249000,-11000,19348,8315,5857,2458,8038,12610,-4572,2114
2019-12-04,1260000,-6000,17301,7301,7256,45,8352,8515,-163,118
2019-12-03,1266000,8000,17348,6651,9547,-2896,9341,6933,2408,488
2019-12-02,1258000,-7000,25534,9955,7529,2426,12922,16725,-3803,1377
2019-11-29,1265000,-25000,30107,12692,10908,1784,14381,14158,223,-2007
2019-11-28,1290000,14000,22331,11598,8345,3253,9860,6184,3676,-6929
2019-11-27,1276000,1000,18555,7161,6462,699,10754,8420,2334,-3033
2019-11-26,1275000,4000,62248,14337,8090,6247,46942,48783,-1841,-4406
2019-11-25,1271000,10000,32800,13128,6755,6373,18773,17126,1647,-8020
2019-11-22,1261000,28000,39159,12435,8787,3648,24810,12496,12314,-15962
2019-11-21,1233000,20000,42375,15347,10048,5299,26276,22537,3739,-9038
2019-11-20,1213000,-2000,30605,10441,9631,810,17638,18674,-1036,226
2019-11-19,1215000,-11000,31359,12586,12343,243,12989,16965,-3976,3733
2019-11-18,1226000,-7000,25243,10075,8974,1101,10835,15238,-4403,3302
2019-11-15,1233000,2000,23087,14089,6006,8083,8109,14421,-6312,-1771
2019-11-14,1231000,21000,45395,19395,17099,2296,24098,22056,2042,-4338
2019-11-13,1210000,-17000,24081,6840,7592,-752,8294,13692,-5398,6150
2019-11-12,1227000,11000,21019,7371,7500,-129,10493,11404,-911,1040
2019-11-11,1216000,-37000,51084,13571,11646,1925,19141,37369,-18228,16303
합계,,,10317953,3251955,3263787,-11832,5011780,4946464,65316,-53484
