날짜,종가,대비,거래량,기관 매수,기관 매도,기관 순매수,외국인 매수,외국인 매도,외국인 순매수,개인 순매수,,
2020-11-11,280000,-3000,1183499,244647,466277,-221630,207275,345437,-138162,359792,,
2020-11-10,283000,-15000,1728995,196530,738403,-541873,266074,591863,-325789,867662,,
2020-11-09,298000,-3000,678531,225460,295277,-69817,117886,176735,-58849,128666,,
2020-11-06,301000,2000,968971,305436,295470,9966,343337,218171,125166,-135132,,
2020-11-05,299000,500,1082388,292990,366862,-73872,342543,246017,96526,-22654,,
2020-11-04,298500,15500,1623712,621163,418937,202226,507735,234027,273708,-475934,,
2020-11-03,283000,-2500,1066923,182294,450618,-268324,210641,359214,-148573,416897,,
2020-11-02,285500,-4500,503831,109467,246798,-137331,151213,160351,-9138,146469,,
2020-10-30,290000,-8500,939833,195885,318070,-122185,514276,437606,76670,45515,,
2020-10-29,298500,0,785050,255309,283192,-27883,239839,149426,90413,-62530,,
2020-10-28,298500,15000,698195,301549,229723,71826,222756,99616,123140,-194966,,
2020-10-27,283500,2000,2071432,164275,199631,-35356,175701,145074,30627,4729,,
2020-10-26,281500,-5000,349163,68044,135398,-67354,138305,78034,60271,7083,,
2020-10-23,286500,-6500,451654,134472,187787,-53315,99495,141847,-42352,95667,,
2020-10-22,293000,-4500,416425,168701,146030,22671,130678,177478,-46800,24129,,
2020-10-21,297500,7500,640501,231182,249268,-18086,241175,144791,96384,-78298,,
2020-10-20,290000,4000,535870,173995,187663,-13668,212851,90776,122075,-108407,,
2020-10-19,286000,-7500,434420,174731,187966,-13235,76656,107245,-30589,43824,,
2020-10-16,293500,1000,446832,157821,138747,19074,209799,174608,35191,-54265,,
2020-10-15,292500,-6000,624097,151681,230906,-79225,241197,264372,-23175,102400,,
2020-10-14,298500,3500,759464,221702,247809,-26107,419787,257361,162426,-136319,,
2020-10-13,295000,3000,636487,209550,260256,-50706,283120,201195,81925,-31219,,
2020-10-12,292000,-9000,914860,208676,381291,-172615,323628,348954,-25326,197941,,
2020-10-08,301000,-4000,756735,291294,435847,-144553,261801,187960,73841,70712,,
2020-10-07,305000,0,534644,209363,226166,-16803,212275,134890,77385,-60582,,
2020-10-06,305000,6500,868540,314857,201395,113462,345213,239776,105437,-218899,,
2020-10-05,298500,2000,906516,232146,305708,-73562,483773,345254,138519,-64957,,
2020-09-29,296500,-2000,765489,146684,238985,-92301,400580,383010,17570,74731,,
2020-09-28,298500,3500,724465,274753,256801,17952,258799,264589,-5790,-12162,,
2020-09-25,295000,1000,648182,222278,221190,1088,236444,261436,-24992,23904,,
2020-09-24,294000,-2500,848971,269366,300607,-31241,375932,280436,95496,-64255,,
2020-09-23,296500,12000,984136,439510,377067,62443,242603,177921,64682,-127125,,
2020-09-22,284500,-7500,864846,156138,336150,-180012,337132,163975,173157,6855,,
2020-09-21,292000,-6000,656024,170175,251110,-80935,160926,137131,23795,57140,,
2020-09-18,298000,-2500,750488,154739,256703,-101964,233691,291301,-57610,159574,,
2020-09-17,300500,-6500,823516,157968,349928,-191960,173555,199621,-26066,218026,,
2020-09-16,307000,-5000,696219,182622,289150,-106528,148377,237316,-88939,195467,,
2020-09-15,312000,9000,797985,255401,289323,-33922,190648,113679,76969,-43047,,
2020-09-14,303000,-3000,608816,170770,276373,-105603,117051,139332,-22281,127884,,
2020-09-11,306000,-1500,517023,125939,213881,-87942,143003,143336,-333,88275,,
2020-09-10,307500,3000,834946,295461,421855,-126394,213276,225165,-11889,138283,,
2020-09-09,304500,-6500,925825,228851,309961,-81110,242189,250998,-8809,89919,,
2020-09-08,311000,-3500,989171,252451,328133,-75682,145760,236499,-90739,166421,,
2020-09-07,314500,-14000,1308247,231198,440682,-209484,121313,424106,-302793,512277,,
2020-09-04,328500,-10500,1174337,297112,407071,-109959,228654,340985,-112331,222290,,
2020-09-03,339000,6500,776547,201830,264414,-62584,373847,160626,213221,-150637,,
2020-09-02,332500,8000,808064,214742,298299,-83557,324259,204644,119615,-36058,,
2020-09-01,324500,2000,691864,209747,244340,-34593,191464,200129,-8665,43258,,
2020-08-31,322500,-10500,1528978,433418,440487,-7069,303433,744876,-441443,448512,,
2020-08-28,333000,-4000,969408,294066,347853,-53787,231667,310840,-79173,132960,,
2020-08-27,337000,3000,1232239,448326,442495,5831,221957,264021,-42064,36233,,
2020-08-26,334000,9000,1155853,353685,341542,12143,341987,267048,74939,-87082,,
2020-08-25,325000,5000,897649,246533,307794,-61261,305282,188716,116566,-55305,,
2020-08-24,320000,7500,783392,317899,242712,75187,183388,141227,42161,-117348,,
2020-08-21,312500,7000,781961,294142,248027,46115,158053,180674,-22621,-23494,,
2020-08-20,305500,-9500,1186809,464171,500386,-36215,174080,144296,29784,6431,,
2020-08-19,315000,7500,941038,359700,286170,73530,269571,181827,87744,-161274,,
2020-08-18,307500,2500,1494966,498464,411360,87104,407169,280287,126882,-213986,,
2020-08-14,305000,-2000,608156,238249,236398,1851,113887,154461,-40574,38723,,
2020-08-13,307000,2000,1406370,536740,604918,-68178,343556,500398,-156842,225020,,
2020-08-12,305000,-6500,856711,243424,330197,-86773,126822,228431,-101609,188382,,
2020-08-11,311500,-2000,665863,298936,281165,17771,89085,133576,-44491,26720,,
2020-08-10,313500,-500,968592,359278,358828,450,182651,208834,-26183,25733,,
2020-08-07,314000,-8000,1063254,279347,339735,-60388,197322,278660,-81338,141726,,
2020-08-06,322000,8500,1032045,347262,317962,29300,299129,174691,124438,-153738,,
2020-08-05,313500,2500,809939,156812,261767,-104955,264833,158124,106709,-1754,,
2020-08-04,311000,-3500,1330818,413500,432639,-19139,158790,349681,-190891,210030,,
2020-08-03,314500,13500,1341104,333463,315085,18378,434319,260619,173700,-192078,,
2020-07-31,301000,7000,1567503,427562,424365,3197,644636,414497,230139,-233336,,
2020-07-30,294000,2000,1150474,312641,356386,-43745,409456,246714,162742,-118997,,
2020-07-29,292000,4000,964066,333954,276223,57731,212516,274613,-62097,4366,,
2020-07-28,288000,3500,978238,305809,302535,3274,292066,221764,70302,-73576,,
2020-07-27,284500,3500,691075,228244,193861,34383,176344,165761,10583,-44966,,
2020-07-24,281000,-3000,1233584,255031,291183,-36152,484261,523655,-39394,75546,,
2020-07-23,284000,14000,1396607,475417,394383,81034,510634,155035,355599,-436633,,
2020-07-22,270000,0,905784,295377,278655,16722,193023,287543,-94520,77798,,
2020-07-21,270000,7000,1179638,350698,333653,17045,382186,335215,46971,-64016,,
2020-07-20,263000,-13000,1556415,329904,483089,-153185,303165,548784,-245619,398804,,
2020-07-17,276000,3000,926932,226565,293048,-66483,203950,109773,94177,-27694,,
2020-07-16,273000,-13500,1338814,245864,462634,-216770,216010,244711,-28701,245471,,
2020-07-15,286500,-500,1276196,382515,408566,-26051,252980,290807,-37827,63878,,
2020-07-14,287000,-10000,1360849,302105,507179,-205074,102675,344960,-242285,447359,,
2020-07-13,297000,-2000,1254800,396882,394347,2535,131271,318109,-186838,184303,,
2020-07-10,299000,11500,2120904,409920,496066,-86146,183726,436922,-253196,339342,,
2020-07-09,287500,5000,2006662,683980,612992,70988,216193,615293,-399100,328112,,
2020-07-08,282500,3000,1353345,435183,430608,4575,293246,410124,-116878,112303,,
2020-07-07,279500,-2000,1365047,409185,491920,-82735,268678,405070,-136392,219127,,
2020-07-06,281500,4000,1211636,438950,329550,109400,298413,413779,-115366,5966,,
2020-07-03,277500,500,971940,292419,239004,53415,156342,316764,-160422,107007,,
2020-07-02,277000,8000,1015829,389021,186434,202587,309859,323890,-14031,-188556,,
2020-07-01,269000,2000,655711,232264,196802,35462,152452,191330,-38878,3416,,
2020-06-30,267000,3000,862860,304536,268385,36151,238084,282402,-44318,8167,,
2020-06-29,264000,-5000,814814,346298,381703,-35405,167100,163400,3700,31705,,
2020-06-26,269000,-500,937593,282642,313489,-30847,198845,284712,-85867,116714,,
2020-06-25,269500,-9500,1196267,233163,409336,-176173,173793,497838,-324045,500218,,
2020-06-24,279000,3000,995065,264920,285505,-20585,216672,339746,-123074,143659,,
2020-06-23,276000,6000,2104075,534832,592531,-57699,524904,713873,-188969,246668,,
2020-06-22,270000,20500,1841479,458958,352047,106911,697014,583331,113683,-220594,,
2020-06-19,249500,2000,919945,244727,263630,-18903,381332,370385,10947,7956,,
2020-06-18,247500,-3500,744330,234332,184367,49965,142184,274053,-131869,81904,,
2020-06-17,251000,7500,1357900,483094,328654,154440,294855,257175,37680,-192120,,
2020-06-16,243500,12000,1155474,425424,216432,208992,388230,246273,141957,-350949,,
2020-06-15,231500,-10500,1311773,382411,397069,-14658,312673,436502,-123829,138487,,
2020-06-12,242000,1500,1318334,536632,256110,280522,157494,465559,-308065,27543,,
2020-06-11,240500,-3500,1423978,504384,618833,-114449,302870,349974,-47104,161553,,
2020-06-10,244000,6500,1431071,557114,445668,111446,372268,274428,97840,-209286,,
2020-06-09,237500,-3000,934440,291679,266992,24687,160377,308363,-147986,123299,,
2020-06-08,240500,9500,1624752,451189,321236,129953,516148,320769,195379,-325332,,
2020-06-05,231000,-1500,1061922,272108,227211,44897,267860,509876,-242016,197119,,
2020-06-04,232500,7000,1052789,310525,301466,9059,392439,240915,151524,-160583,,
2020-06-03,225500,-8500,1476614,333231,497582,-164351,227835,554278,-326443,490794,,
2020-06-02,234000,-3000,689584,166238,233525,-67287,129379,250827,-121448,188735,,
2020-06-01,237000,11000,1140644,382992,235415,147577,384411,308045,76366,-223943,,
2020-05-29,226000,-14500,3114298,499568,332750,166818,1628061,2352213,-724152,557334,,
2020-05-28,240500,12000,1625154,456124,424932,31192,453768,322743,131025,-162217,,
2020-05-27,228500,-10500,1351505,245341,445364,-200023,250791,476922,-226131,426154,,
2020-05-26,239000,-2000,1568016,396707,362679,34028,187524,546431,-358907,324879,,
2020-05-25,241000,10500,1015069,244099,275053,-30954,143106,236907,-93801,124755,,
2020-05-22,230500,5500,1108281,245842,252553,-6711,422178,428088,-5910,12621,,
2020-05-21,225000,3000,1004395,238586,276540,-37954,288426,394978,-106552,144506,,
2020-05-20,222000,8500,977544,329584,202354,127230,250855,251076,-221,-127009,,
2020-05-19,213500,-1500,917603,160257,270172,-109915,452184,398274,53910,56005,,
2020-05-18,215000,2000,638906,162344,153130,9214,229248,297338,-68090,58876,,
2020-05-15,213000,-6000,1050469,259930,266358,-6428,267501,475052,-207551,213979,,
2020-05-14,219000,500,866427,279708,302119,-22411,223742,271275,-47533,69944,,
2020-05-13,218500,-1000,1014692,198159,278171,-80012,315052,439019,-123967,203979,,
2020-05-12,219500,5000,1056584,199099,224432,-25333,423565,478655,-55090,80423,,
2020-05-11,214500,500,599328,155067,182558,-27491,158199,200761,-42562,70053,,
2020-05-08,214000,-1500,732394,161167,230068,-68901,271779,271417,362,68539,,
2020-05-07,215500,3500,984024,182367,216338,-33971,455589,409576,46013,-12042,,
2020-05-06,212000,13000,992225,324003,240140,83863,303945,330489,-26544,-57319,,
2020-05-04,199000,1500,1104027,157727,343924,-186197,685158,490348,194810,-8613,,
2020-04-29,197500,-500,676743,139629,240519,-100890,341697,244827,96870,4020,,
2020-04-28,198000,500,433549,114064,154772,-40708,175300,151644,23656,17052,,
2020-04-27,197500,5000,927347,289412,256588,32824,323749,344147,-20398,-12426,,
2020-04-24,192500,2500,928695,280120,255379,24741,286629,254250,32379,-57120,,
2020-04-23,190000,8000,1521478,542023,298162,243861,380727,375407,5320,-249181,,
2020-04-22,182000,3500,611589,216554,184653,31901,211125,223812,-12687,-19214,,
2020-04-21,178500,-1500,759150,250514,218587,31927,274121,274326,-205,-31722,,
2020-04-20,180000,1000,663723,143455,194918,-51463,289987,216279,73708,-22245,,
2020-04-17,179000,8500,900031,267363,153737,113626,271155,207106,64049,-177675,,
2020-04-16,170500,2000,841066,252440,132738,119702,378618,397431,-18813,-100889,,
2020-04-14,168500,2500,520725,223214,77224,145990,132018,187378,-55360,-90630,,
2020-04-13,166000,-500,413768,138728,170846,-32118,134016,82430,51586,-19468,,
2020-04-10,166500,-1000,483720,179789,235582,-55793,93120,129062,-35942,91735,,
2020-04-09,167500,1000,682921,265528,287212,-21684,190166,270793,-80627,102311,,
2020-04-08,166500,-3000,588577,161619,322304,-160685,144252,139162,5090,155595,,
2020-04-07,169500,-3500,873091,185339,409425,-224086,173781,241122,-67341,291427,,
2020-04-06,173000,1000,655547,234436,188425,46011,101153,251383,-150230,104219,,
2020-04-03,172000,-1500,663454,284095,172917,111178,163915,349405,-185490,74312,,
2020-04-02,173500,10500,1086863,350250,268480,81770,450247,429294,20953,-102723,,
2020-04-01,163000,-7000,720283,171792,265524,-93732,344108,331260,12848,80884,,
2020-03-31,170000,7500,858165,234791,239772,-4981,448027,407215,40812,-35831,,
2020-03-30,162500,-1500,630830,249220,156468,92752,224861,335851,-110990,18238,,
2020-03-27,164000,11500,1217815,272162,392332,-120170,735223,395112,340111,-219941,,
2020-03-26,152500,-3500,988725,239037,339867,-100830,414280,420430,-6150,106980,,
2020-03-25,156000,0,1039579,275923,330588,-54665,283470,402844,-119374,174039,,
2020-03-24,156000,13000,960786,386049,224534,161515,378975,490868,-111893,-49622,,
2020-03-23,143000,-11000,1033851,253950,260763,-6813,467128,522782,-55654,62467,,
2020-03-20,154000,10000,997895,480191,264693,215498,260251,519524,-259273,43775,,
2020-03-19,144000,-2000,1154230,445222,285662,159560,507975,501808,6167,-165727,,
2020-03-18,146000,-5000,666723,181495,178661,2834,290775,312256,-21481,18647,,
2020-03-17,151000,-4000,979243,257652,121884,135768,384980,597148,-212168,76400,,
2020-03-16,155000,-11000,812823,266580,191200,75380,270260,446273,-176013,100633,,
2020-03-13,166000,-500,1242510,526196,244192,282004,480739,724482,-243743,-38261,,
2020-03-12,166500,-3500,980814,408577,370121,38456,469186,504133,-34947,-3509,,
2020-03-11,170000,-2000,483822,174420,232231,-57811,231088,190496,40592,17219,,
2020-03-10,172000,4000,666532,294323,202959,91364,271287,310678,-39391,-51973,,
2020-03-09,168000,-11500,668089,232208,184001,48207,203269,397592,-194323,146116,,
2020-03-06,179500,-1500,293897,84221,141520,-57299,168834,100525,68309,-11010,,
2020-03-05,181000,2500,483840,109122,156375,-47253,303514,271249,32265,14988,,
2020-03-04,178500,3500,450252,136713,111308,25405,242703,244438,-1735,-23670,,
2020-03-03,175000,0,544379,171115,180631,-9516,225979,280291,-54312,63828,,
2020-03-02,175000,1000,659376,206487,144319,62168,339317,417312,-77995,15827,,
2020-02-28,174000,-8000,830654,261067,203694,57373,424488,492700,-68212,10839,,
2020-02-27,182000,-5000,535696,224351,179125,45226,181195,277784,-96589,51363,,
2020-02-26,187000,-3500,494066,210535,151466,59069,183799,284141,-100342,41273,,
2020-02-25,190500,6500,704859,235935,204296,31639,392722,300304,92418,-124057,,
2020-02-24,184000,-5500,567036,198723,158106,40617,285661,307745,-22084,-18533,,
2020-02-21,189500,-500,434019,125948,129544,-3596,248000,231910,16090,-12494,,
2020-02-20,190000,500,427402,171806,205611,-33805,121790,129737,-7947,41752,,
2020-02-19,189500,3000,560743,293958,93854,200104,154990,264379,-109389,-90715,,
2020-02-18,186500,-2000,345642,72897,142471,-69574,179722,148774,30948,38626,,
2020-02-17,188500,2000,312407,133439,81262,52177,85513,89945,-4432,-47745,,
2020-02-14,186500,2000,659429,182718,101764,80954,397421,430366,-32945,-48009,,
2020-02-13,184500,-500,555923,210958,240804,-29846,223967,238526,-14559,44405,,
2020-02-12,185000,500,351892,129673,121983,7690,158329,167264,-8935,1245,,
2020-02-11,184500,1000,400386,107439,65525,41914,235090,256424,-21334,-20580,,
2020-02-10,183500,-1500,433051,144040,74047,69993,182483,290267,-107784,37791,,
2020-02-07,185000,3500,728633,146086,162585,-16499,462630,374395,88235,-71736,,
2020-02-06,181500,0,659850,211064,90800,120264,241651,516800,-275149,154885,,
2020-02-05,181500,1000,653809,208561,230263,-21702,325551,314519,11032,10670,,
2020-02-04,180500,3000,563463,187472,210143,-22671,205027,223856,-18829,41500,,
2020-02-03,177500,-2000,485913,208521,106625,101896,186669,317552,-130883,28987,,
2020-01-31,179500,-500,537062,216198,120500,95698,255040,331804,-76764,-18934,,
2020-01-30,180000,0,772160,369921,271226,98695,250975,346202,-95227,-3468,,
2020-01-29,180000,1500,434897,130402,180821,-50419,201502,193750,7752,42667,,
2020-01-28,178500,-4500,476253,142003,137646,4357,193482,221304,-27822,23465,,
2020-01-23,183000,-3000,375929,90147,159224,-69077,173239,163207,10032,59045,,
2020-01-22,186000,4000,429852,142062,96780,45282,195076,205751,-10675,-34607,,
2020-01-21,182000,-5500,547678,86967,76885,10082,312347,289986,22361,-32443,,
2020-01-20,187500,-3500,454733,135152,142161,-7009,174999,255757,-80758,87767,,
2020-01-17,191000,-500,286019,74487,123136,-48649,150235,128043,22192,26457,,
2020-01-16,191500,0,245107,63540,98645,-35105,119827,113575,6252,28853,,
2020-01-15,191500,1000,323778,97577,129641,-32064,168877,146412,22465,9599,,
2020-01-14,190500,2500,501286,167931,150483,17448,232227,204890,27337,-44785,,
2020-01-13,188000,0,337749,87005,122767,-35762,195289,158188,37101,-1339,,
2020-01-10,188000,2000,398739,107785,172356,-64571,233263,128010,105253,-40682,,
2020-01-09,186000,3000,531355,156160,206000,-49840,270882,223015,47867,1973,,
2020-01-08,183000,-4000,820867,278797,361022,-82225,310956,326573,-15617,97842,,
2020-01-07,187000,6500,328624,136909,105983,30926,125686,76051,49635,-80561,,
2020-01-06,180500,-1000,287970,96303,145965,-49662,119331,95144,24187,25475,,
2020-01-03,181500,-1000,454492,99668,264574,-164906,202806,137600,65206,99700,,
2020-01-02,182500,-4000,300640,76903,167156,-90253,122003,99528,22475,67778,,
2019-12-30,186500,3000,376541,113824,90646,23178,160918,158953,1965,-25143,,
2019-12-27,183500,3000,323473,135144,166621,-31477,97810,86901,10909,20568,,
2019-12-26,180500,-1500,173426,91048,27769,63279,32588,47941,-15353,-47926,,
2019-12-24,182000,-2000,193440,85323,55178,30145,52471,91318,-38847,8702,,
2019-12-23,184000,500,250256,110930,68181,42749,85803,88215,-2412,-40337,,
2019-12-20,183500,4500,560761,144299,121541,22758,297316,238834,58482,-81240,,
2019-12-19,179000,500,296857,76983,103731,-26748,172837,138028,34809,-8061,,
2019-12-18,178500,-2000,310567,65370,118621,-53251,170171,134571,35600,17651,,
2019-12-17,180500,1000,370752,109812,120000,-10188,196540,115371,81169,-70981,,
2019-12-16,179500,4000,335819,134084,43276,90808,147061,118453,28608,-119416,,
2019-12-13,175500,0,317833,154411,129227,25184,107631,98697,8934,-34118,,
2019-12-12,175500,1500,609714,354850,403685,-48835,227070,102509,124561,-75726,,
2019-12-11,174000,-500,200711,111588,86063,25525,65704,65393,311,-25836,,
2019-12-10,174500,-500,215711,69189,52588,16601,117845,104868,12977,-29578,,
2019-12-09,175000,1000,271990,71940,74304,-2364,173822,104074,69748,-67384,,
2019-12-06,174000,3500,208849,103867,92287,11580,83174,40698,42476,-54056,,
2019-12-05,170500,-4000,271499,134145,101323,32822,76322,130850,-54528,21706,,
2019-12-04,174500,2500,228851,67216,69153,-1937,126139,70001,56138,-54201,,
2019-12-03,172000,500,245675,109659,95245,14414,92277,76250,16027,-30441,,
2019-12-02,171500,-500,275601,115780,71677,44103,116583,139579,-22996,-21107,,
2019-11-29,172000,-1000,349615,105806,104829,977,163199,186286,-23087,22110,,
2019-11-28,173000,500,252885,107822,102409,5413,91192,98615,-7423,2010,,
2019-11-27,172500,-500,299949,118732,107136,11596,135864,135079,785,-12381,,
2019-11-26,173000,-1000,774461,236221,109557,126664,456762,543755,-86993,-39671,,
2019-11-25,174000,6500,490795,205809,85170,120639,219299,267199,-47900,-72739,,
2019-11-22,167500,-2500,481529,162141,113133,49008,210949,258029,-47080,-1928,,
2019-11-21,170000,500,543754,145824,152127,-6303,280656,284008,-3352,9655,,
2019-11-20,169500,-1000,602206,184782,140618,44164,244208,335429,-91221,47057,,
2019-11-19,170500,-8000,1055749,360810,318257,42553,342563,557413,-214850,172297,,
2019-11-18,178500,5000,876975,247249,167075,80174,280452,305202,-24750,-55424,,
2019-11-15,173500,-6500,886846,400832,121451,279381,160929,534180,-373251,93870,,
2019-11-14,180000,22000,2042648,650428,539558,110870,796399,377561,418838,-529708,,
2019-11-13,158000,-4000,500221,177564,168791,8773,188513,228906,-40393,31620,,
2019-11-12,162000,-1000,236652,110318,57979,52339,76920,139807,-62887,10548,,
2019-11-11,163000,-500,231149,79290,86105,-6815,123678,94403,29275,-22460,,
합계,,,205436886,61325184,62405665,-1080481,64815443,70638378,-5822935,6903416,,
