날짜,종가,대비,거래량,기관 매수,기관 매도,기관 순매수,외국인 매수,외국인 매도,외국인 순매수,개인 순매수
2020-11-11,230500,3500,353850,126903,87741,39162,120928,96434,24494,-63656
2020-11-10,227000,1500,485633,73459,91640,-18181,274424,294782,-20358,38539
2020-11-09,225500,-1500,334885,102508,112636,-10128,67153,156161,-89008,99136
2020-11-06,227000,4000,356362,108490,115981,-7491,149575,69797,79778,-72287
2020-11-05,223000,4500,409377,104209,154336,-50127,170141,147324,22817,27310
2020-11-04,218500,-500,301637,102251,82446,19805,51038,162899,-111861,92056
2020-11-03,219000,4000,396439,127159,107656,19503,150988,216080,-65092,45589
2020-11-02,215000,1000,291912,86111,75269,10842,74177,160409,-86232,75390
2020-10-30,214000,-8500,507996,76999,96276,-19277,93217,298776,-205559,224836
2020-10-29,222500,-7000,389701,68829,110243,-41414,27784,197651,-169867,211281
2020-10-28,229500,-3000,366158,124285,92376,31909,33895,232089,-198194,166285
2020-10-27,232500,-1500,198183,92687,74085,18602,15235,77966,-62731,44129
2020-10-26,234000,-4500,150976,82226,40666,41560,12490,50233,-37743,-3817
2020-10-23,238500,0,147788,100042,41991,58051,17290,34846,-17556,-40495
2020-10-22,238500,500,186902,106193,68412,37781,35878,69787,-33909,-3872
2020-10-21,238000,5000,207784,97913,66078,31835,72898,38635,34263,-66098
2020-10-20,233000,500,193210,104140,60899,43241,34104,71432,-37328,-5913
2020-10-19,232500,-2000,238800,142368,97668,44700,24225,69336,-45111,411
2020-10-16,234500,0,313341,197295,100920,96375,63069,114637,-51568,-44807
2020-10-15,234500,4000,654059,278628,117878,160750,225879,324530,-98651,-62099
2020-10-14,230500,-12000,860420,239492,176327,63165,110294,337504,-227210,164045
2020-10-13,242500,3000,184800,86484,77359,9125,41584,24456,17128,-26253
2020-10-12,239500,-500,189246,94088,86727,7361,42151,51309,-9158,1797
2020-10-08,240000,-1000,233062,95588,131509,-35921,68825,45945,22880,13041
2020-10-07,241000,0,179764,115551,71955,43596,15677,57720,-42043,-1553
2020-10-06,241000,500,181255,87672,88998,-1326,53064,23152,29912,-28586
2020-10-05,240500,2500,247547,128777,85492,43285,65832,83416,-17584,-25701
2020-09-29,238000,5000,225845,102722,63666,39056,85915,65992,19923,-58979
2020-09-28,233000,2000,108166,58278,33955,24323,16171,29217,-13046,-11277
2020-09-25,231000,500,162365,85719,57011,28708,18644,34457,-15813,-12895
2020-09-24,230500,-2500,237132,86255,74356,11899,83738,52620,31118,-43017
2020-09-23,233000,-4500,352067,126716,135486,-8770,60765,62286,-1521,10291
2020-09-22,237500,-3000,236983,68523,84495,-15972,70181,36723,33458,-17486
2020-09-21,240500,-3500,214090,110047,72870,37177,23870,29572,-5702,-31475
2020-09-18,244000,0,220441,71797,68994,2803,97293,76358,20935,-23738
2020-09-17,244000,1000,182401,68201,70435,-2234,48194,20962,27232,-24998
2020-09-16,243000,-3000,214144,72955,103078,-30123,27299,16295,11004,19119
2020-09-15,246000,-2000,242579,93672,122187,-28515,11916,27410,-15494,44009
2020-09-14,248000,5000,280140,87841,72379,15462,99221,29581,69640,-85102
2020-09-11,243000,3000,252239,93013,65914,27099,32629,47768,-15139,-11960
2020-09-10,240000,2000,307926,102175,171241,-69066,127046,49508,77538,-8472
2020-09-09,238000,-3500,308688,122291,101941,20350,64175,65674,-1499,-18851
2020-09-08,241500,-2000,295082,84361,124691,-40330,52463,61310,-8847,49177
2020-09-07,243500,6000,366779,104330,95858,8472,65062,65349,-287,-8185
2020-09-04,237500,-3500,485708,105511,158675,-53164,143332,153270,-9938,63102
2020-09-03,241000,-1500,370100,87368,137457,-50089,93265,116016,-22751,72840
2020-09-02,242500,500,370388,83298,176292,-92994,85464,53170,32294,60700
2020-09-01,242000,-6000,528401,124561,289348,-164787,178078,118819,59259,105528
2020-08-31,248000,5500,2365827,199472,458695,-259223,1892124,1458260,433864,-174641
2020-08-28,242500,-3000,845757,166167,334962,-168795,171324,126036,45288,123507
2020-08-27,245500,-3000,578642,138557,191029,-52472,121090,174929,-53839,106311
2020-08-26,248500,1000,494139,118564,172175,-53611,114996,105713,9283,44328
2020-08-25,247500,5500,632697,162082,202687,-40605,183286,105921,77365,-36760
2020-08-24,242000,6500,537847,146102,184440,-38338,119970,106744,13226,25112
2020-08-21,235500,8000,559220,210853,207819,3034,152145,65816,86329,-89363
2020-08-20,227500,-3500,673961,188287,266355,-78068,195520,161136,34384,43684
2020-08-19,231000,2000,436293,161154,176920,-15766,154450,124156,30294,-14528
2020-08-18,229000,-8000,735510,202822,266903,-64081,297031,173298,123733,-59652
2020-08-14,237000,-5000,527180,232692,166273,66419,114077,203276,-89199,22780
2020-08-13,242000,500,955607,368965,413271,-44306,367157,218120,149037,-104731
2020-08-12,241500,4500,565000,202105,209579,-7474,143247,67500,75747,-68273
2020-08-11,237000,-1000,530433,190252,170303,19949,105534,172300,-66766,46817
2020-08-10,238000,9000,812761,323346,243354,79992,146820,100062,46758,-126750
2020-08-07,229000,8500,858608,279327,212938,66389,251673,178238,73435,-139824
2020-08-06,220500,-6500,1057486,353347,446794,-93447,244914,162635,82279,11168
2020-08-05,227000,1500,631091,249758,131491,118267,76743,258915,-182172,63905
2020-08-04,225500,6500,776036,392922,232217,160705,90935,201551,-110616,-50089
2020-08-03,219000,-1500,418322,208449,124246,84203,50758,157421,-106663,22460
2020-07-31,220500,500,730524,375238,183800,191438,184350,316683,-132333,-59105
2020-07-30,220000,3500,733171,345140,183687,161453,132731,215876,-83145,-78308
2020-07-29,216500,2500,420463,153418,115451,37967,143647,157019,-13372,-24595
2020-07-28,214000,5500,418247,151033,113459,37574,162064,124317,37747,-75321
2020-07-27,208500,500,284315,79083,84728,-5645,111011,139693,-28682,34327
2020-07-24,208000,-3500,285942,65729,76725,-10996,35122,138107,-102985,113981
2020-07-23,211500,-3000,378989,107223,138370,-31147,55209,153683,-98474,129621
2020-07-22,214500,-1000,310544,62288,91106,-28818,107770,137857,-30087,58905
2020-07-21,215500,-1000,305567,97943,82158,15785,79815,167499,-87684,71899
2020-07-20,216500,-500,261245,83622,84510,-888,102790,103324,-534,1422
2020-07-17,217000,-1000,202037,47354,58892,-11538,69267,101061,-31794,43332
2020-07-16,218000,0,243527,121944,73704,48240,34607,113096,-78489,30249
2020-07-15,218000,500,301947,116657,102653,14004,41914,147760,-105846,91842
2020-07-14,217500,2000,375098,200136,153710,46426,76530,104598,-28068,-18358
2020-07-13,215500,500,221105,83769,47697,36072,43722,114666,-70944,34872
2020-07-10,215000,-3000,283753,76268,94002,-17734,111881,112068,-187,17921
2020-07-09,218000,-500,260664,105818,104447,1371,50174,83037,-32863,31492
2020-07-08,218500,500,374455,154849,125712,29137,143882,167381,-23499,-5638
2020-07-07,218000,-7000,452166,96477,155672,-59195,123339,172313,-48974,108169
2020-07-06,225000,4000,281508,108011,79273,28738,99414,36766,62648,-91386
2020-07-03,221000,-4000,283845,103474,116275,-12801,40550,56350,-15800,28601
2020-07-02,225000,3000,447600,222955,77148,145807,100749,100409,340,-146147
2020-07-01,222000,11000,872553,422295,208413,213882,211079,126751,84328,-298210
2020-06-30,211000,4000,346277,95780,74432,21348,175512,123395,52117,-73465
2020-06-29,207000,-1500,314859,71273,107930,-36657,145151,118746,26405,10252
2020-06-26,208500,5500,308368,114917,91065,23852,46743,37363,9380,-33232
2020-06-25,203000,-2500,249665,53263,108495,-55232,24633,56453,-31820,87052
2020-06-24,205500,0,217711,48562,54793,-6231,29608,110729,-81121,87352
2020-06-23,205500,-1000,290774,67065,86576,-19511,92074,103732,-11658,31169
2020-06-22,206500,500,238220,67366,54875,12491,71000,77498,-6498,-5993
2020-06-19,206000,500,243216,55051,63979,-8928,82901,111917,-29016,37944
2020-06-18,205500,-1500,260278,71434,60588,10846,68594,146956,-78362,67516
2020-06-17,207000,-2000,342902,145060,110950,34110,85274,151446,-66172,32062
2020-06-16,209000,8000,351512,116626,93624,23002,91560,136747,-45187,22185
2020-06-15,201000,-7500,421888,61737,108452,-46715,58091,148640,-90549,137264
2020-06-12,208500,-6500,461453,92786,102516,-9730,77339,210176,-132837,142567
2020-06-11,215000,-4000,450027,108351,212699,-104348,71829,119343,-47514,151862
2020-06-10,219000,-2000,255142,77056,79142,-2086,48543,113594,-65051,67137
2020-06-09,221000,-1500,208905,68331,91213,-22882,30690,18629,12061,10821
2020-06-08,222500,-1000,248567,53130,121099,-67969,43746,49311,-5565,73534
2020-06-05,223500,-3500,309300,95434,88710,6724,31270,139780,-108510,101786
2020-06-04,227000,-3000,350089,134462,126640,7822,101929,115518,-13589,5767
2020-06-03,230000,5000,366533,130630,117923,12707,128306,77351,50955,-63662
2020-06-02,225000,500,328734,77566,86458,-8892,123081,123332,-251,9143
2020-06-01,224500,8500,424075,108239,87945,20294,172730,80916,91814,-112108
2020-05-29,216000,4000,466946,117044,120656,-3612,223729,136082,87647,-84035
2020-05-28,212000,2000,277022,97500,99138,-1638,94296,63064,31232,-29594
2020-05-27,210000,-2000,301224,59621,76851,-17230,112623,157334,-44711,61941
2020-05-26,212000,0,225724,84762,62918,21844,31518,60590,-29072,7228
2020-05-25,212000,3500,170965,67915,47233,20682,5918,22814,-16896,-3786
2020-05-22,208500,-4500,241670,80541,65122,15419,30289,86923,-56634,41215
2020-05-21,213000,1500,230542,63911,94640,-30729,71816,39917,31899,-1170
2020-05-20,211500,2500,246227,103247,73962,29285,47493,61253,-13760,-15525
2020-05-19,209000,3500,243581,86744,80014,6730,44789,42501,2288,-9018
2020-05-18,205500,1500,239427,86348,63939,22409,50058,113305,-63247,40838
2020-05-15,204000,-3000,304146,85245,50201,35044,45830,195739,-149909,114865
2020-05-14,207000,500,265261,126209,102844,23365,57256,98609,-41353,17988
2020-05-13,206500,-3500,297218,119991,73885,46106,36024,171680,-135656,89550
2020-05-12,210000,5000,319403,139749,99494,40255,82576,70260,12316,-52571
2020-05-11,205000,-2000,229714,67560,94831,-27271,43043,82444,-39401,66672
2020-05-08,207000,0,251268,104063,86408,17655,41001,81978,-40977,23322
2020-05-07,207000,500,262232,83618,66858,16760,72512,137096,-64584,47824
2020-05-06,206500,-2000,301863,60152,127741,-67589,101014,125668,-24654,92243
2020-05-04,208500,-3000,311878,85238,122607,-37369,128262,132336,-4074,41443
2020-04-29,211500,-1500,285877,79805,80437,-632,116685,148550,-31865,32497
2020-04-28,213000,0,230434,64134,55463,8671,111897,127843,-15946,7275
2020-04-27,213000,3500,239588,75476,59120,16356,106064,92385,13679,-30035
2020-04-24,209500,-6000,290083,65393,64349,1044,92100,140283,-48183,47139
2020-04-23,215500,1000,320469,95480,72229,23251,79142,130551,-51409,28158
2020-04-22,214500,5000,446614,158363,152993,5370,174258,137769,36489,-41859
2020-04-21,209500,6000,507880,146699,118645,28054,250494,191512,58982,-87036
2020-04-20,203500,4500,340368,113746,97670,16076,93108,109667,-16559,483
2020-04-17,199000,2500,279720,60195,89894,-29699,70398,53017,17381,12318
2020-04-16,196500,500,400946,106416,82843,23573,135352,199386,-64034,40461
2020-04-14,196000,6000,270715,91072,60886,30186,93082,81483,11599,-41785
2020-04-13,190000,-4000,240625,104552,96695,7857,34158,84544,-50386,42529
2020-04-10,194000,500,195673,68410,69834,-1424,31842,44951,-13109,14533
2020-04-09,193500,-500,379481,88311,158917,-70606,141218,141203,15,70591
2020-04-08,194000,3500,536169,178151,157676,20475,242393,228706,13687,-34162
2020-04-07,190500,0,365459,91322,111674,-20352,93600,135952,-42352,62704
2020-04-06,190500,7500,417491,179068,81330,97738,89132,191705,-102573,4835
2020-04-03,183000,1000,385855,118689,151354,-32665,181608,125029,56579,-23914
2020-04-02,182000,7000,458271,176933,119101,57832,164439,194656,-30217,-27615
2020-04-01,175000,-2000,549624,139205,145239,-6034,211142,231395,-20253,26287
2020-03-31,177000,1000,993798,131895,118011,13884,675722,765892,-90170,76286
2020-03-30,176000,-500,386801,144627,99721,44906,137160,176255,-39095,-5811
2020-03-27,176500,3500,524568,164770,133004,31766,147383,225360,-77977,46211
2020-03-26,173000,-1500,680107,198127,147069,51058,216790,355980,-139190,88132
2020-03-25,174500,3500,690024,242074,220851,21223,157588,308926,-151338,130115
2020-03-24,171000,5500,417692,144433,129428,15005,95264,169959,-74695,59690
2020-03-23,165500,-9500,341417,123035,126522,-3487,109531,140096,-30565,34052
2020-03-20,175000,2000,403851,159787,143385,16402,108720,180726,-72006,55604
2020-03-19,173000,-7000,575925,222259,215811,6448,228623,191319,37304,-43752
2020-03-18,180000,-7500,278157,85992,104901,-18909,84447,102708,-18261,37170
2020-03-17,187500,-5500,426215,131382,128378,3004,158595,221048,-62453,59449
2020-03-16,193000,-4000,360423,101706,111871,-10165,163181,180129,-16948,27113
2020-03-13,197000,-14500,670552,237752,198479,39273,204042,294552,-90510,51237
2020-03-12,211500,-6000,390463,189934,178007,11927,143674,128336,15338,-27265
2020-03-11,217500,-1000,248264,114177,113370,807,107312,102370,4942,-5749
2020-03-10,218500,-500,207340,122114,90300,31814,64701,73303,-8602,-23212
2020-03-09,219000,-3500,285073,145813,118780,27033,103933,107105,-3172,-23861
2020-03-06,222500,1000,390707,151855,146542,5313,219023,180599,38424,-43737
2020-03-05,221500,2000,373464,102529,142943,-40414,234611,171645,62966,-22552
2020-03-04,219500,12500,353005,127158,151804,-24646,183606,65943,117663,-93017
2020-03-03,207000,-1000,224882,88826,141140,-52314,76471,51470,25001,27313
2020-03-02,208000,-4500,291418,107063,132053,-24990,62791,92319,-29528,54518
2020-02-28,212500,-4500,301784,157214,123700,33514,61904,100850,-38946,5432
2020-02-27,217000,1000,168477,98758,84784,13974,43818,52314,-8496,-5478
2020-02-26,216000,-1500,226926,84640,92521,-7881,104779,104854,-75,7956
2020-02-25,217500,0,230733,74950,81299,-6349,103521,105167,-1646,7995
2020-02-24,217500,-2000,330240,131704,126684,5020,138824,115836,22988,-28008
2020-02-21,219500,-2500,221992,63611,92410,-28799,67880,61626,6254,22545
2020-02-20,222000,-3000,195361,40737,81220,-40483,36978,78708,-41730,82213
2020-02-19,225000,-1000,171576,55963,62005,-6042,60953,79847,-18894,24936
2020-02-18,226000,-2000,164174,58974,54504,4470,38026,75407,-37381,32911
2020-02-17,228000,500,102123,50924,57619,-6695,16697,16264,433,6262
2020-02-14,227500,-1000,183907,87705,65977,21728,48549,67924,-19375,-2353
2020-02-13,228500,2000,400126,146015,208970,-62955,182464,72752,109712,-46757
2020-02-12,226500,3000,252165,96933,102779,-5846,103983,89901,14082,-8236
2020-02-11,223500,-1500,306497,77195,144708,-67513,72097,124548,-52451,119964
2020-02-10,225000,-3500,211696,67874,137866,-69992,45359,43933,1426,68566
2020-02-07,228500,-500,219283,75634,125496,-49862,74556,60831,13725,36137
2020-02-06,229000,4000,252885,111489,112502,-1013,101678,97547,4131,-3118
2020-02-05,225000,-1500,211857,65289,163748,-98459,67643,28412,39231,59228
2020-02-04,226500,0,227378,72616,171833,-99217,95899,39157,56742,42475
2020-02-03,226500,-3000,203206,72044,97485,-25441,78350,67968,10382,15059
2020-01-31,229500,500,220742,87221,104427,-17206,107680,84108,23572,-6366
2020-01-30,229000,-3500,279645,73460,132983,-59523,117700,112444,5256,54267
2020-01-29,232500,0,127679,40421,97046,-56625,48470,11553,36917,19708
2020-01-28,232500,-4500,319257,115725,95473,20252,130934,142265,-11331,-8921
2020-01-23,237000,-1500,175821,60248,102516,-42268,88490,48159,40331,1937
2020-01-22,238500,2000,145035,66027,69693,-3666,63470,19184,44286,-40620
2020-01-21,236500,500,90895,41471,46144,-4673,32470,12940,19530,-14857
2020-01-20,236000,1000,240407,108851,106997,1854,85830,68225,17605,-19459
2020-01-17,235000,-1000,272364,106374,194807,-88433,85938,38636,47302,41131
2020-01-16,236000,-1500,221714,69941,149947,-80006,102787,50032,52755,27251
2020-01-15,237500,1500,211141,94516,120522,-26006,90381,52921,37460,-11454
2020-01-14,236000,1500,240866,87115,107168,-20053,110208,67884,42324,-22271
2020-01-13,234500,3500,164096,71090,85425,-14335,43823,30921,12902,1433
2020-01-10,231000,-1000,197124,61589,148708,-87119,35855,21355,14500,72619
2020-01-09,232000,-500,534218,179541,246092,-66551,279107,262126,16981,49570
2020-01-08,232500,-500,278235,88625,142537,-53912,142624,65823,76801,-22889
2020-01-07,233000,1500,136767,50878,67263,-16385,66543,44285,22258,-5873
2020-01-06,231500,-2500,225461,60576,123740,-63164,93082,58637,34445,28719
2020-01-03,234000,0,262330,82189,199395,-117206,107274,39121,68153,49053
2020-01-02,234000,-4000,265743,70604,175543,-104939,61472,55298,6174,98765
2019-12-30,238000,500,96960,28470,39604,-11134,38862,24857,14005,-2871
2019-12-27,237500,-7000,302632,83702,195957,-112255,83667,58721,24946,87309
2019-12-26,244500,2000,254431,96346,92712,3634,30492,41588,-11096,7462
2019-12-24,242500,-1500,168656,70323,82318,-11995,34272,50889,-16617,28612
2019-12-23,244000,500,126535,62613,51847,10766,19689,32364,-12675,1909
2019-12-20,243500,500,161679,49132,49740,-608,78767,75866,2901,-2293
2019-12-19,243000,1000,153313,76721,46385,30336,58595,66090,-7495,-22841
2019-12-18,242000,1500,160213,70982,81899,-10917,53482,48226,5256,5661
2019-12-17,240500,-1000,225134,79509,77054,2455,75038,133139,-58101,55646
2019-12-16,241500,1000,135514,73187,60962,12225,24841,60369,-35528,23303
2019-12-13,240500,1000,203385,97634,93904,3730,67275,79340,-12065,8335
2019-12-12,239500,-1500,355293,207572,202843,4729,95251,134676,-39425,34696
2019-12-11,241000,1000,147833,67888,65746,2142,67129,58141,8988,-11130
2019-12-10,240000,1000,112422,67182,44026,23156,30211,51085,-20874,-2282
2019-12-09,239000,500,125986,55324,47858,7466,55182,58151,-2969,-4497
2019-12-06,238500,500,141523,48424,44830,3594,56026,83923,-27897,24303
2019-12-05,238000,-1000,129556,53588,55110,-1522,41946,54901,-12955,14477
2019-12-04,239000,-3500,986698,69041,81469,-12428,865760,880210,-14450,26878
2019-12-03,242500,500,114241,42117,33684,8433,47715,62670,-14955,6522
2019-12-02,242000,-4000,300055,63691,57597,6094,182949,224072,-41123,35029
2019-11-29,246000,-500,162450,72944,80470,-7526,68377,55769,12608,-5082
2019-11-28,246500,1500,77308,44004,37138,6866,27439,18804,8635,-15501
2019-11-27,245000,1000,91720,53163,42693,10470,25889,32193,-6304,-4166
2019-11-26,244000,-2000,212106,68377,43235,25142,120579,154316,-33737,8595
2019-11-25,246000,1500,101864,45256,34413,10843,42707,43813,-1106,-9737
2019-11-22,244500,3000,127697,59733,46208,13525,57426,42425,15001,-28526
2019-11-21,241500,-3000,158938,80482,57466,23016,41652,61107,-19455,-3561
2019-11-20,244500,-1000,123530,46270,49568,-3298,51990,53876,-1886,5184
2019-11-19,245500,1000,150082,79938,65543,14395,47781,40720,7061,-21456
2019-11-18,244500,1000,102730,46401,42481,3920,39148,35090,4058,-7978
2019-11-15,243500,1500,109466,73207,30241,42966,22862,44748,-21886,-21080
2019-11-14,242000,0,207577,162542,138684,23858,21556,49963,-28407,4549
2019-11-13,242000,-2500,127741,61731,45424,16307,33740,59848,-26108,9801
2019-11-12,244500,2000,152076,86098,60434,25664,46104,62303,-16199,-9465
2019-11-11,242500,500,193224,125684,66816,58868,37041,77559,-40518,-18350
합계,,,82767221,27914240,28066996,-152756,26297414,29341371,-3043957,3196713
