날짜,종가,대비,거래량,기관 매수,기관 매도,기관 순매수,외국인 매수,외국인 매도,외국인 순매수,개인 순매수
2020-11-11,58100,3600,4438993,1415614,1138982,276632,1089688,731902,357786,-634418
2020-11-10,54500,2200,3155193,821589,683405,138184,971052,546360,424692,-562876
2020-11-09,52300,700,1662698,570903,368621,202282,221845,230790,-8945,-193337
2020-11-06,51600,-600,2214532,648551,762958,-114407,248443,313999,-65556,179963
2020-11-05,52200,700,2424158,898997,851324,47673,323462,688549,-365087,317414
2020-11-04,51500,500,2941439,1024917,865707,159210,437286,425980,11306,-170516
2020-11-03,51000,-500,1913867,641943,594233,47710,124029,688719,-564690,516980
2020-11-02,51500,1000,1651148,610442,551505,58937,246486,219283,27203,-86140
2020-10-30,50500,-2500,2559004,611919,510196,101723,564844,872220,-307376,205653
2020-10-29,53000,-800,3225860,1122414,688516,433898,441476,899187,-457711,23813
2020-10-28,53800,900,3567700,1192863,700515,492348,525768,811319,-285551,-206797
2020-10-27,52900,4950,9347585,3709950,1460370,2249580,1925433,895352,1030081,-3279661
2020-10-26,47950,1700,3113034,1650255,1021061,629194,415466,567957,-152491,-476703
2020-10-23,46250,1050,1851587,793491,528010,265481,290625,505533,-214908,-50573
2020-10-22,45200,-250,1650240,545273,772615,-227342,468115,310942,157173,70169
2020-10-21,45450,-1400,2311018,820292,1009081,-188789,270674,600449,-329775,518564
2020-10-20,46850,150,4399855,2062669,1605427,457242,556868,879252,-322384,-134858
2020-10-19,46700,-450,1536628,456107,511234,-55127,245692,302622,-56930,112057
2020-10-16,47150,-1750,2521703,490752,1305961,-815209,253838,321559,-67721,882930
2020-10-15,48900,-250,1242544,342726,515528,-172802,220952,150412,70540,102262
2020-10-14,49150,-1150,1954410,308347,665682,-357335,518675,632435,-113760,471095
2020-10-13,50300,600,2299747,746421,871289,-124868,454996,282358,172638,-47770
2020-10-12,49700,-1200,2479740,734873,659269,75604,437918,1049363,-611445,535841
2020-10-08,50900,600,2672889,777736,1165470,-387734,1006725,464026,542699,-154965
2020-10-07,50300,-300,2181955,645753,444769,200984,224326,747647,-523321,322337
2020-10-06,50600,100,3120855,781317,722058,59259,515706,802080,-286374,227115
2020-10-05,50500,3600,4185612,1473196,709214,763982,839450,485918,353532,-1117514
2020-09-29,46900,1400,1721133,785445,461794,323651,304554,577705,-273151,-50500
2020-09-28,45500,1500,1378684,628357,369544,258813,85893,376993,-291100,32287
2020-09-25,44000,-550,1776722,730677,634802,95875,206485,429402,-222917,127042
2020-09-24,44550,-1450,1801827,704962,635452,69510,226477,392494,-166017,96507
2020-09-23,46000,-300,2303855,884368,861749,22619,327095,526041,-198946,176327
2020-09-22,46300,-2150,2512697,834619,818769,15850,179407,552426,-373019,357169
2020-09-21,48450,650,3041594,1057073,882711,174362,345084,684122,-339038,164676
2020-09-18,47800,-700,2291761,788389,615811,172578,337051,634038,-296987,124409
2020-09-17,48500,1750,6283484,1896650,1636577,260073,710759,649711,61048,-321121
2020-09-16,46750,2100,4289868,1606866,983170,623696,881710,459238,422472,-1046168
2020-09-15,44650,250,2173691,815238,499422,315816,467196,408324,58872,-374688
2020-09-14,44400,2100,2473674,783730,557084,226646,649761,420389,229372,-456018
2020-09-11,42300,150,784409,240287,283948,-43661,196426,180248,16178,27483
2020-09-10,42150,50,1182951,487414,560298,-72884,375755,299502,76253,-3369
2020-09-09,42100,-200,1352778,342415,467713,-125298,604958,548569,56389,68909
2020-09-08,42300,0,1018948,354743,470813,-116070,315332,205787,109545,6525
2020-09-07,42300,150,875590,295382,327549,-32167,277442,180325,97117,-64950
2020-09-04,42150,-550,1510688,488692,693309,-204617,567342,189161,378181,-173564
2020-09-03,42700,500,1405908,435398,450181,-14783,503444,476600,26844,-12061
2020-09-02,42200,-950,1776692,503508,642517,-139009,208501,488904,-280403,419412
2020-09-01,43150,700,1787286,699961,718034,-18073,489801,547508,-57707,75780
2020-08-31,42450,-300,2765135,1213994,700132,513862,476026,1013895,-537869,24007
2020-08-28,42750,550,2038560,703846,514323,189523,291139,320768,-29629,-159894
2020-08-27,42200,-1000,1517260,435376,604341,-168965,432813,297436,135377,33588
2020-08-26,43200,200,1613088,504171,644421,-140250,394152,376275,17877,122373
2020-08-25,43000,1450,2755909,1023376,754431,268945,400313,582125,-181812,-87133
2020-08-24,41550,800,1804120,540771,458792,81979,671507,738501,-66994,-14985
2020-08-21,40750,500,1815543,533752,617598,-83846,660158,443201,216957,-133111
2020-08-20,40250,-2050,2611942,556318,755426,-199108,783927,467375,316552,-117444
2020-08-19,42300,-400,2489110,583620,500655,82965,719004,1200386,-481382,398417
2020-08-18,42700,-1700,1896768,654489,550531,103958,584901,413733,171168,-275126
2020-08-14,44400,-500,1557534,641638,408921,232717,262312,388421,-126109,-106608
2020-08-13,44900,-350,2245671,654340,773127,-118787,696845,687140,9705,109082
2020-08-12,45250,-1950,2734266,823684,731713,91971,432065,855874,-423809,331838
2020-08-11,47200,850,3721633,1002963,1006824,-3861,654226,677847,-23621,27482
2020-08-10,46350,4100,6774254,1960266,1926981,33285,1053606,336519,717087,-750372
2020-08-07,42250,100,2249386,710294,722111,-11817,518811,317106,201705,-189888
2020-08-06,42150,1050,2504981,982331,743144,239187,194632,220832,-26200,-212987
2020-08-05,41100,-50,1501565,407769,442633,-34864,326969,284323,42646,-7782
2020-08-04,41150,1450,1998358,774198,478835,295363,412404,410301,2103,-297466
2020-08-03,39700,-700,1823829,644061,476288,167773,172019,426598,-254579,86806
2020-07-31,40400,-300,1812196,597524,597003,521,339140,371741,-32601,32080
2020-07-30,40700,1050,2577431,825165,680125,145040,92003,120138,-28135,-116905
2020-07-29,39650,1950,3410420,1221876,783747,438129,825960,142026,683934,-1122063
2020-07-28,37700,0,1698056,688806,612846,75960,303175,151635,151540,-227500
2020-07-27,37700,800,2159629,833515,683263,150252,563202,318454,244748,-395000
2020-07-24,36900,200,2719769,1205263,798151,407112,503882,282787,221095,-628207
2020-07-23,36700,900,2882165,1162443,1032237,130206,404228,491795,-87567,-42639
2020-07-22,35800,-900,2156629,650103,720202,-70099,390336,365052,25284,44815
2020-07-21,36700,-1300,3208266,642857,649176,-6319,241100,1072137,-831037,837356
2020-07-20,38000,1200,2899647,772725,690159,82566,682177,237099,445078,-527644
2020-07-17,36800,1500,2720640,883863,469974,413889,393217,177617,215600,-629489
2020-07-16,35300,100,1891487,760909,560589,200320,343578,331415,12163,-212483
2020-07-15,35200,1200,2955272,1022038,582386,439652,512514,379956,132558,-572210
2020-07-14,34000,200,1413638,399714,509257,-109543,286326,222507,63819,45724
2020-07-13,33800,1750,1924926,591555,314222,277333,700257,169844,530413,-807746
2020-07-10,32050,-450,1064282,310667,510597,-199930,100466,231334,-130868,330798
2020-07-09,32500,-350,1154644,413011,598299,-185288,212087,237743,-25656,210944
2020-07-08,32850,650,1704734,597730,399454,198276,630521,326441,304080,-502356
2020-07-07,32200,-750,1771225,421678,533369,-111691,419638,729180,-309542,421233
2020-07-06,32950,800,1611615,444867,287535,157332,464723,350922,113801,-271133
2020-07-03,32150,-50,916274,200831,171346,29485,154206,449610,-295404,265919
2020-07-02,32200,0,1062611,320421,222657,97764,283034,504128,-221094,123330
2020-07-01,32200,150,885004,341279,371735,-30456,232771,242711,-9940,40396
2020-06-30,32050,-50,1193847,400605,247448,153157,301607,500455,-198848,45691
2020-06-29,32100,-950,1259626,311107,480722,-169615,159111,371864,-212753,382368
2020-06-26,33050,500,1329381,469515,385747,83768,323501,389939,-66438,-17330
2020-06-25,32550,-1200,1495320,331905,709389,-377484,170926,346929,-176003,553487
2020-06-24,33750,1500,2345625,915199,607382,307817,390715,377906,12809,-320626
2020-06-23,32250,-250,1553679,631571,712573,-81002,281587,393299,-111712,192714
2020-06-22,32500,-550,1231961,309196,586864,-277668,364341,275573,88768,188900
2020-06-19,33050,-350,1486816,432570,643814,-211244,468079,572895,-104816,316060
2020-06-18,33400,150,1287718,581920,510709,71211,261433,198443,62990,-134201
2020-06-17,33250,-1000,1719716,486801,685637,-198836,258379,500306,-241927,440763
2020-06-16,34250,2050,1866950,677401,471623,205778,504064,563197,-59133,-146645
2020-06-15,32200,-2800,2407518,493442,1014732,-521290,447895,535341,-87446,608736
2020-06-12,35000,-700,2008295,805818,744455,61363,267412,311764,-44352,-17011
2020-06-11,35700,-400,2230100,668025,1178416,-510391,492241,319764,172477,337914
2020-06-10,36100,-600,1597092,582659,563005,19654,217605,579584,-361979,342325
2020-06-09,36700,-750,2151648,694040,845948,-151908,522656,662751,-140095,292003
2020-06-08,37450,900,2553633,825828,1192909,-367081,938958,326449,612509,-245428
2020-06-05,36550,550,1795559,831991,579556,252435,306921,490526,-183605,-68830
2020-06-04,36000,-800,2735073,999632,904773,94859,441228,765688,-324460,229601
2020-06-03,36800,300,3786425,1414811,1081158,333653,428417,1186538,-758121,424468
2020-06-02,36500,1900,3154171,1100976,868719,232257,838896,390528,448368,-680625
2020-06-01,34600,350,2524579,757764,833392,-75628,660123,440293,219830,-144202
2020-05-29,34250,2150,5053078,1108124,1011961,96163,2530855,1302430,1228425,-1324588
2020-05-28,32100,150,2215603,616145,516099,100046,806867,535799,271068,-371114
2020-05-27,31950,450,2250605,883010,488260,394750,330082,370169,-40087,-354663
2020-05-26,31500,1100,2664764,992263,390599,601664,472160,457849,14311,-615975
2020-05-25,30400,300,1126618,403309,501804,-98495,134261,121355,12906,85589
2020-05-22,30100,-500,1764649,412141,785080,-372939,485834,400306,85528,287411
2020-05-21,30600,-250,2071411,621773,494289,127484,155814,846838,-691024,563540
2020-05-20,30850,-850,1969201,566289,532429,33860,156264,711477,-555213,521353
2020-05-19,31700,2350,5443583,2332154,809983,1522171,1699549,1254142,445407,-1967578
2020-05-18,29350,250,1708727,572386,502622,69764,771899,722088,49811,-119575
2020-05-15,29100,400,1261825,487041,358538,128503,287516,378875,-91359,-37144
2020-05-14,28700,-1000,2081307,570091,924621,-354530,321268,764395,-443127,797657
2020-05-13,29700,0,1311883,378666,337313,41353,366692,448930,-82238,40885
2020-05-12,29700,-850,1967011,307890,549660,-241770,466840,778185,-311345,553115
2020-05-11,30550,50,2487579,799752,673832,125920,519897,531174,-11277,-114643
2020-05-08,30500,1500,2777232,978595,404936,573659,920887,211004,709883,-1283542
2020-05-07,29000,-150,1333680,592443,350721,241722,191005,590878,-399873,158151
2020-05-06,29150,450,1579421,515264,280782,234482,510832,678501,-167669,-66813
2020-05-04,28700,-950,1876049,459305,448996,10309,582666,1040184,-457518,447209
2020-04-29,29650,400,1875521,412378,377176,35202,911028,795388,115640,-150842
2020-04-28,29250,650,2172224,777029,399751,377278,537906,521661,16245,-393523
2020-04-27,28600,900,1374350,501485,199092,302393,269367,283285,-13918,-288475
2020-04-24,27700,-1100,2200412,324752,1095778,-771026,211337,422798,-211461,982487
2020-04-23,28800,400,1963345,832070,406543,425527,299293,366982,-67689,-357838
2020-04-22,28400,-450,2420355,485863,598232,-112369,322097,778664,-456567,568936
2020-04-21,28850,-500,2441841,360238,691642,-331404,601225,758277,-157052,488456
2020-04-20,29350,-550,1597338,297413,501139,-203726,179540,403813,-224273,427999
2020-04-17,29900,900,1965039,387695,299045,88650,572741,605279,-32538,-56112
2020-04-16,29000,-850,2289317,376750,368391,8359,521245,1224472,-703227,694868
2020-04-14,29850,350,1717972,387980,242399,145581,304825,659603,-354778,209197
2020-04-13,29500,-1500,2007475,305734,490971,-185237,202464,444652,-242188,427425
2020-04-10,31000,850,2293372,266371,509354,-242983,202870,415662,-212792,455775
2020-04-09,30150,1900,3167177,1130973,623936,507037,261974,629863,-367889,-139148
2020-04-08,28250,0,2550320,591367,466652,124715,681564,1050951,-369387,244672
2020-04-07,28250,1450,2680220,563825,425412,138413,573679,837909,-264230,125817
2020-04-06,26800,1400,1721874,580493,182346,398147,255646,505784,-250138,-148009
2020-04-03,25400,-400,1461529,296073,384717,-88644,273491,546319,-272828,361472
2020-04-02,25800,250,1658336,476704,442255,34449,411889,602830,-190941,156492
2020-04-01,25550,-450,2170012,467630,516884,-49254,346919,722629,-375710,424964
2020-03-31,26000,1050,2219339,366941,454821,-87880,947361,790963,156398,-68518
2020-03-30,24950,-550,1986835,437634,516642,-79008,710360,859483,-149123,228131
2020-03-27,25500,450,2820545,589991,609373,-19382,831730,910843,-79113,98495
2020-03-26,25050,-100,3897513,896098,936901,-40803,680865,1395083,-714218,755021
2020-03-25,25150,2050,5010440,1351149,871734,479415,791693,1786968,-995275,515860
2020-03-24,23100,1600,2947942,739852,500265,239587,625247,1283765,-658518,418931
2020-03-23,21500,-2650,2365341,412327,646289,-233962,435458,991008,-555550,789512
2020-03-20,24150,1600,3015123,889084,787347,101737,787673,1305635,-517962,416225
2020-03-19,22550,-2750,2305074,844899,694023,150876,639252,841105,-201853,50977
2020-03-18,25300,-50,2019043,267753,723451,-455698,1021174,672400,348774,106924
2020-03-17,25350,-1750,2682844,529807,563319,-33512,754780,1289599,-534819,568331
2020-03-16,27100,-1750,1862674,390950,706031,-315081,692533,823536,-131003,446084
2020-03-13,28850,-1650,2777060,1173677,911139,262538,838231,1309148,-470917,208379
2020-03-12,30500,-1300,1872682,715118,781344,-66226,800126,738470,61656,4570
2020-03-11,31800,-150,1512601,520309,682345,-162036,652952,516292,136660,25376
2020-03-10,31950,-1050,1625705,520047,601686,-81639,522919,787110,-264191,345830
2020-03-09,33000,-1650,1316550,373199,643846,-270647,492207,417764,74443,196204
2020-03-06,34650,-1250,1357464,364049,620979,-256930,478353,577611,-99258,356188
2020-03-05,35900,150,963826,415855,547080,-131225,199374,319490,-120116,251341
2020-03-04,35750,850,1614490,452025,544053,-92028,897345,817892,79453,12575
2020-03-03,34900,400,1411743,460756,618928,-158172,602484,532468,70016,88156
2020-03-02,34500,-1750,2981038,731465,708742,22723,1648006,2073512,-425506,402783
2020-02-28,36250,-1450,1633356,649224,572621,76603,625667,695847,-70180,-6423
2020-02-27,37700,-450,1053667,563889,590604,-26715,348410,343825,4585,22130
2020-02-26,38150,0,1168647,630611,581404,49207,412395,466940,-54545,5338
2020-02-25,38150,-450,1407263,564586,571342,-6756,471345,728485,-257140,263896
2020-02-24,38600,-1450,1185870,493281,461621,31660,408271,509072,-100801,69141
2020-02-21,40050,-500,971041,400042,382689,17353,403784,488509,-84725,67372
2020-02-20,40550,-750,1144520,522390,512998,9392,425615,515105,-89490,80098
2020-02-19,41300,-50,818025,317066,350315,-33249,353128,359085,-5957,39206
2020-02-18,41350,-100,809542,337521,417401,-79880,382972,285520,97452,-17572
2020-02-17,41450,-200,776081,391484,295260,96224,204399,405758,-201359,105135
2020-02-14,41650,400,984696,472204,371358,100846,285876,330278,-44402,-56444
2020-02-13,41250,-400,951609,273582,609808,-336226,481038,181784,299254,36972
2020-02-12,41650,300,1012598,471322,346460,124862,312614,505070,-192456,67594
2020-02-11,41350,700,1141865,594950,461779,133171,328539,429778,-101239,-31932
2020-02-10,40650,150,701557,291930,429153,-137223,232024,167543,64481,72742
2020-02-07,40500,-800,1054261,402375,598766,-196391,360280,363516,-3236,199627
2020-02-06,41300,1900,1405887,716378,503737,212641,458193,478838,-20645,-191996
2020-02-05,39400,-850,1554328,483794,845316,-361522,550491,582201,-31710,393232
2020-02-04,40250,150,1122184,482229,769101,-286872,389800,271575,118225,168647
2020-02-03,40100,-800,1428913,712281,683911,28370,493779,566246,-72467,44097
2020-01-31,40900,-1050,1349571,448067,574837,-126770,648640,644036,4604,122166
2020-01-30,41950,-600,1030375,329718,460717,-130999,400263,382118,18145,112854
2020-01-29,42550,-150,1025015,336240,577555,-241315,334758,267561,67197,174118
2020-01-28,42700,-700,1631227,648247,530841,117406,609577,783220,-173643,56237
2020-01-23,43400,800,2060957,658321,632725,25596,671836,627527,44309,-69905
2020-01-22,42600,1000,1435894,566777,344199,222578,334996,692707,-357711,135133
2020-01-21,41600,0,567421,196201,210994,-14793,96767,222534,-125767,140560
2020-01-20,41600,200,722748,257056,359278,-102222,142795,181880,-39085,141307
2020-01-17,41400,250,1016691,252916,413255,-160339,410748,381637,29111,131228
2020-01-16,41150,-50,1105472,295258,339314,-44056,271043,594549,-323506,367562
2020-01-15,41200,50,920045,279916,322345,-42429,284202,432247,-148045,190474
2020-01-14,41150,700,1412170,425828,463364,-37536,492900,677945,-185045,222581
2020-01-13,40450,50,1299326,298128,404575,-106447,461296,770344,-309048,415495
2020-01-10,40400,-350,1455064,379440,579077,-199637,465038,700776,-235738,435375
2020-01-09,40750,-550,1908796,492233,781008,-288775,641097,943274,-302177,590952
2020-01-08,41300,-750,997335,314553,511330,-196777,328360,327907,453,196324
2020-01-07,42050,150,1124218,380695,429687,-48992,388617,563920,-175303,224295
2020-01-06,41900,-100,830880,289787,401397,-111610,244156,318463,-74307,185917
2020-01-03,42000,-500,1569720,470693,928299,-457606,451885,442760,9125,448481
2020-01-02,42500,-1800,1355029,400218,882003,-481785,262960,362971,-100011,581796
2019-12-30,44300,-50,644977,232265,179526,52739,241221,398888,-157667,104928
2019-12-27,44350,-750,823367,339954,533442,-193488,191115,233283,-42168,235656
2019-12-26,45100,400,439661,316700,182190,134510,43218,36120,7098,-141608
2019-12-24,44700,-50,482930,316870,220987,95883,65732,156517,-90785,-5098
2019-12-23,44750,50,564448,336016,328847,7169,109544,156534,-46990,39821
2019-12-20,44700,0,751826,272771,279708,-6937,306026,399388,-93362,100299
2019-12-19,44700,-550,729364,305651,322488,-16837,193249,362512,-169263,186100
2019-12-18,45250,600,780340,213059,376164,-163105,484886,219607,265279,-102174
2019-12-17,44650,200,892679,370893,366233,4660,371719,429834,-58115,53455
2019-12-16,44450,0,734662,389038,238334,150704,212395,435752,-223357,72653
2019-12-13,44450,-550,851436,338435,465781,-127346,287401,297729,-10328,137674
2019-12-12,45000,750,1837371,883172,963186,-80014,825900,633523,192377,-112363
2019-12-11,44250,200,944325,328894,339141,-10247,494889,503212,-8323,18570
2019-12-10,44050,700,628665,236352,242716,-6364,271425,247244,24181,-17817
2019-12-09,43350,-450,582117,244232,232997,11235,155660,301128,-145468,134233
2019-12-06,43800,50,676997,240660,236882,3778,289880,395627,-105747,101969
2019-12-05,43750,800,1085604,419556,655463,-235907,513273,206487,306786,-70879
2019-12-04,42950,-50,1177913,387168,429322,-42154,680143,661648,18495,23659
2019-12-03,43000,350,943466,333837,585682,-251845,473115,292651,180464,71381
2019-12-02,42650,-600,1012449,436310,442272,-5962,323819,472515,-148696,154658
2019-11-29,43250,-1300,860224,384925,441322,-56397,194989,360318,-165329,221726
2019-11-28,44550,450,610036,293622,319922,-26300,185009,170074,14935,11365
2019-11-27,44100,150,706936,332124,238643,93481,224430,404169,-179739,86258
2019-11-26,43950,-750,1600104,505641,284749,220892,713562,1259211,-545649,324757
2019-11-25,44700,500,1007261,450607,276865,173742,416700,595581,-178881,5139
2019-11-22,44200,500,1123670,490350,290231,200119,430390,582146,-151756,-48363
2019-11-21,43700,-50,987570,518977,438619,80358,339064,452530,-113466,33108
2019-11-20,43750,250,955426,402566,392440,10126,506978,454630,52348,-62474
2019-11-19,43500,-200,741012,367195,324753,42442,333766,358460,-24694,-17748
2019-11-18,43700,100,682054,284282,312658,-28376,360423,313059,47364,-18988
2019-11-15,43600,100,624280,434629,314108,120521,146810,207798,-60988,-59533
2019-11-14,43500,700,1053067,580200,450851,129349,438474,477301,-38827,-90522
2019-11-13,42800,-900,759668,287096,273032,14064,322993,402231,-79238,65174
2019-11-12,43700,750,724324,331314,241439,89875,326384,313895,12489,-102364
2019-11-11,42950,-150,762692,421967,337728,84239,286227,354230,-68003,-16236
합계,,,471267350,154027565,145008517,9019048,113696550,131819388,-18122838,9103790
