날짜,종가,대비,거래량,기관 매수,기관 매도,기관 순매수,외국인 매수,외국인 매도,외국인 순매수,개인 순매수
2020-11-11,56900,1400,3285787,170706,256049,-85343,1754401,1340717,413684,-328341
2020-11-10,55500,500,2606507,21091,63579,-42488,1694978,1104857,590121,-547633
2020-11-09,55000,1200,2142600,74420,106977,-32557,1136755,399366,737389,-704832
2020-11-06,53800,300,2389344,122095,222889,-100794,1616325,399735,1216590,-1115796
2020-11-05,53500,1300,2026073,201714,123113,78601,1064884,537867,527017,-605618
2020-11-04,52200,0,1447736,48650,88618,-39968,532326,663947,-131621,171589
2020-11-03,52200,1000,1960143,245436,263103,-17667,811793,858114,-46321,63988
2020-11-02,51200,1100,2743951,343309,383299,-39990,536971,599079,-62108,102098
2020-10-30,50100,-1600,3581887,155064,586215,-431151,732233,1652289,-920056,1351207
2020-10-29,51700,-1200,3300363,141046,421114,-280068,202124,1430196,-1228072,1508140
2020-10-28,52900,-500,2083260,146250,554997,-408747,497676,887647,-389971,798718
2020-10-27,53400,-100,1808876,118030,231211,-113181,673467,992259,-318792,431973
2020-10-26,53500,200,2292408,211645,271422,-59777,420339,918063,-497724,557501
2020-10-23,53300,-200,1455825,76355,108969,-32614,612010,791243,-179233,211847
2020-10-22,53500,300,2123010,78077,603618,-525541,1185607,761221,424386,101155
2020-10-21,53200,-100,1801444,236925,130953,105972,344314,1240613,-896299,790327
2020-10-20,53300,300,1808384,333344,210892,122452,270434,621315,-350881,228429
2020-10-19,53000,0,1602973,267901,277943,-10042,322467,608624,-286157,296199
2020-10-16,53000,-200,1977121,224053,356084,-132031,733805,694904,38901,93130
2020-10-15,53200,-400,2462706,135778,191133,-55355,1014255,1207210,-192955,248310
2020-10-14,53600,200,3346129,431012,1098642,-667630,1548162,1132849,415313,252317
2020-10-13,53400,1100,3716282,531820,751675,-219855,1886216,1066898,819318,-599463
2020-10-12,52300,600,3716137,215317,103743,111574,2528745,1923449,605296,-716870
2020-10-08,51700,300,2263004,227731,185938,41793,1093729,835070,258659,-300452
2020-10-07,51400,500,1757262,211326,176367,34959,894714,882220,12494,-47453
2020-10-06,50900,200,1735208,136704,173619,-36915,712535,876277,-163742,200657
2020-10-05,50700,200,2058949,245288,197600,47688,806926,1041014,-234088,186400
2020-09-29,50500,0,2656730,297821,507902,-210081,1257460,1638296,-380836,590917
2020-09-28,50500,-200,1784371,160357,173825,-13468,579451,964303,-384852,398320
2020-09-25,50700,400,2041736,157517,239084,-81567,425989,1084597,-658608,740175
2020-09-24,50300,-600,1926490,171575,242357,-70782,399483,750850,-351367,422149
2020-09-23,50900,-100,1875836,252424,339140,-86716,340495,779696,-439201,525917
2020-09-22,51000,-300,2117503,255146,633371,-378225,440339,557229,-116890,495115
2020-09-21,51300,400,1636797,268421,391105,-122684,182256,486536,-304280,426964
2020-09-18,50900,-100,2188690,155044,165038,-9994,867069,1320983,-453914,463908
2020-09-17,51000,-700,2505013,234314,341189,-106875,688955,854265,-165310,272185
2020-09-16,51700,-300,2490139,268368,234132,34236,573896,1484113,-910217,875981
2020-09-15,52000,100,2939585,544507,241657,302850,512821,1536494,-1023673,720823
2020-09-14,51900,1000,2360763,217324,166674,50650,378505,904122,-525617,474967
2020-09-11,50900,200,1801308,99931,94195,5736,710394,765365,-54971,49235
2020-09-10,50700,1200,2645971,217752,178589,39163,1380570,644822,735748,-774911
2020-09-09,49500,-500,2349972,259905,129913,129992,491042,1032435,-541393,411401
2020-09-08,50000,1500,2548510,247118,354035,-106917,539765,380019,159746,-52829
2020-09-07,48500,1000,2015714,172925,154757,18168,601940,779420,-177480,159312
2020-09-04,47500,-400,2886358,145523,264229,-118706,920803,1792674,-871871,990577
2020-09-03,47900,800,3836969,1142766,444285,698481,1015058,2450262,-1435204,736723
2020-09-02,47100,0,1881394,68856,87159,-18303,580546,1191111,-610565,628868
2020-09-01,47100,-400,2632194,46444,228077,-181633,667740,1721581,-1053841,1235474
2020-08-31,47500,-700,3428166,65087,316573,-251486,1611324,1971816,-360492,611978
2020-08-28,48200,-200,1479287,133430,65390,68040,147785,739888,-592103,524063
2020-08-27,48400,-600,1861794,47948,364984,-317036,395001,825733,-430732,747768
2020-08-26,49000,250,1345692,68980,228935,-159955,673687,331767,341920,-181965
2020-08-25,48750,150,1305053,71697,109439,-37742,397622,571537,-173915,211657
2020-08-24,48600,-50,1425077,70524,144687,-74163,322932,471765,-148833,222996
2020-08-21,48650,400,2507784,311641,530920,-219279,540611,854959,-314348,533627
2020-08-20,48250,-1850,3748473,137572,434383,-296811,325290,983854,-658564,955375
2020-08-19,50100,-100,2154478,66920,818565,-751645,551018,593382,-42364,794009
2020-08-18,50200,-400,2646982,127516,261253,-133737,616463,801003,-184540,318277
2020-08-14,50600,-100,1467168,36323,331479,-295156,393937,300678,93259,201897
2020-08-13,50700,0,1536456,49028,297952,-248924,323596,304640,18956,229968
2020-08-12,50700,400,1278718,149899,256435,-106536,194376,132410,61966,44570
2020-08-11,50300,200,2104642,373925,200780,173145,335011,669567,-334556,161411
2020-08-10,50100,100,1581887,138698,134694,4004,198996,614614,-415618,411614
2020-08-07,50000,-500,1788158,44187,154083,-109896,339193,905301,-566108,676004
2020-08-06,50500,550,1433270,91694,109090,-17396,309851,264926,44925,-27529
2020-08-05,49950,-50,1466359,28005,293532,-265527,152541,474332,-321791,587318
2020-08-04,50000,950,1809664,63231,612224,-548993,693448,372593,320855,228138
2020-08-03,49050,-450,1966185,88894,229049,-140155,516877,921290,-404413,544568
2020-07-31,49500,-1100,2148985,138608,72679,65929,467232,1283718,-816486,750557
2020-07-30,50600,400,1535279,116978,70256,46722,540743,372812,167931,-214653
2020-07-29,50200,700,2892867,328876,216374,112502,941984,629122,312862,-425364
2020-07-28,49500,2000,6280763,1334659,238494,1096165,3308399,2046226,1262173,-2358338
2020-07-27,47500,350,2146180,552602,355216,197386,809395,763928,45467,-242853
2020-07-24,47150,100,1043225,128274,318832,-190558,353229,235541,117688,72870
2020-07-23,47050,-200,1042936,57424,301830,-244406,437364,173626,263738,-19332
2020-07-22,47250,-450,1385314,60148,465102,-404954,569492,448881,120611,284343
2020-07-21,47700,750,2250059,211860,185552,26308,1513920,813302,700618,-726926
2020-07-20,46950,-150,1056239,132595,151675,-19080,370751,461829,-91078,110158
2020-07-17,47100,50,1379349,168801,110461,58340,715114,704400,10714,-69054
2020-07-16,47050,-400,1508846,122057,250019,-127962,694077,727204,-33127,161089
2020-07-15,47450,350,1926106,396912,127718,269194,748329,724211,24118,-293312
2020-07-14,47100,-100,956861,96190,128125,-31935,392688,326405,66283,-34348
2020-07-13,47200,450,2175062,212247,120799,91448,1397157,1032191,364966,-456414
2020-07-10,46750,250,1784038,96768,250654,-153886,1099599,676448,423151,-269265
2020-07-09,46500,0,1886506,332341,146846,185495,724748,882622,-157874,-27621
2020-07-08,46500,-1100,3104265,168899,143993,24906,839553,2226217,-1386664,1361758
2020-07-07,47600,-350,2814307,178383,370503,-192120,1180395,853176,327219,-135099
2020-07-06,47950,1050,2257798,214766,78921,135845,925149,332842,592307,-728152
2020-07-03,46900,250,1457760,79404,109109,-29705,897463,351298,546165,-516460
2020-07-02,46650,550,1461640,48659,221414,-172755,842900,662519,180381,-7626
2020-07-01,46100,-400,1258369,35029,88225,-53196,340751,504933,-164182,217378
2020-06-30,46500,450,2137495,252205,123454,128751,1354647,857465,497182,-625933
2020-06-29,46050,-800,2077760,63767,53459,10308,1208910,1135716,73194,-83502
2020-06-26,46850,950,2740918,318458,308506,9952,940748,1098411,-157663,147711
2020-06-25,45900,-1100,3035356,174781,495156,-320375,724786,1892669,-1167883,1488258
2020-06-24,47000,1000,3154917,369046,279346,89700,1432330,1400747,31583,-121283
2020-06-23,46000,-300,1633036,46894,272198,-225304,495791,517096,-21305,246609
2020-06-22,46300,-700,2413886,137331,712998,-575667,669070,941923,-272853,848520
2020-06-19,47000,1100,2160511,142615,312211,-169596,1230028,868923,361105,-191509
2020-06-18,45900,0,1436184,163612,231631,-68019,389943,565469,-175526,243545
2020-06-17,45900,-150,2446202,313782,176558,137224,901233,1306406,-405173,267949
2020-06-16,46050,1600,1984472,172138,162245,9893,548845,580591,-31746,21853
2020-06-15,44450,-1600,3166662,142633,616322,-473689,519506,765497,-245991,719680
2020-06-12,46050,-1500,3109103,60635,594650,-534015,544065,453810,90255,443760
2020-06-11,47550,-400,3386061,74577,1014164,-939587,1422603,882073,540530,399057
2020-06-10,47950,-50,1672882,135150,291399,-156249,304266,555993,-251727,407976
2020-06-09,48000,200,2692335,320839,446413,-125574,605288,1103450,-498162,623736
2020-06-08,47800,50,3795200,287575,904204,-616629,822165,1448804,-626639,1243268
2020-06-05,47750,850,2293955,322575,341186,-18611,666175,574395,91780,-73169
2020-06-04,46900,700,3805378,453074,257647,195427,1009813,1322864,-313051,117624
2020-06-03,46200,2200,4824403,866502,209837,656665,978272,1274044,-295772,-360893
2020-06-02,44000,50,2228440,153270,932994,-779724,266422,563462,-297040,1076764
2020-06-01,43950,1100,3188899,272968,576460,-303492,2019537,1341824,677713,-374221
2020-05-29,42850,-650,3546245,650029,93510,556519,1806985,3005695,-1198710,642191
2020-05-28,43500,550,3212121,353328,164766,188562,1335017,1588270,-253253,64691
2020-05-27,42950,0,2489476,361923,256022,105901,986889,1607932,-621043,515142
2020-05-26,42950,-150,1773306,110804,236460,-125656,555904,863898,-307994,433650
2020-05-25,43100,750,1966036,68892,548789,-479897,1316192,587471,728721,-248824
2020-05-22,42350,-950,1779284,27249,174185,-146936,525951,933047,-407096,554032
2020-05-21,43300,0,1811715,27218,345654,-318436,881077,823715,57362,261074
2020-05-20,43300,100,1906862,121885,858437,-736552,1087481,368331,719150,17402
2020-05-19,43200,1600,2312820,357889,407645,-49756,941038,328525,612513,-562757
2020-05-18,41600,650,2241226,225994,541853,-315859,1273316,699025,574291,-258432
2020-05-15,40950,300,1319699,64826,210332,-145506,618324,554926,63398,82108
2020-05-14,40650,-400,1230762,91142,230757,-139615,377960,595951,-217991,357606
2020-05-13,41050,200,3016935,477783,404064,73719,1380144,2138950,-758806,685087
2020-05-12,40850,-650,2091230,227184,197292,29892,364796,1389430,-1024634,994742
2020-05-11,41500,-150,1090117,20001,163612,-143611,362684,462828,-100144,243755
2020-05-08,41650,50,1134653,56311,292733,-236422,368935,533411,-164476,400898
2020-05-07,41600,-400,1090970,80778,220423,-139645,309411,598030,-288619,428264
2020-05-06,42000,800,1801667,152571,440868,-288297,1102397,848227,254170,34127
2020-05-04,41200,-1050,2912417,104501,875522,-771021,961525,1487961,-526436,1297457
2020-04-29,42250,-150,1833554,70109,294658,-224549,865793,1088176,-222383,446932
2020-04-28,42400,-350,1336911,58422,205448,-147026,312370,810818,-498448,645474
2020-04-27,42750,250,1160164,95628,262660,-167032,336123,391273,-55150,222182
2020-04-24,42500,-500,1570842,65124,168609,-103485,879789,898442,-18653,122138
2020-04-23,43000,50,1324611,54379,177006,-122627,706313,554391,151922,-29295
2020-04-22,42950,300,1818663,225723,359169,-133446,443650,739500,-295850,429296
2020-04-21,42650,-850,2119935,33652,109432,-75780,469298,967711,-498413,574193
2020-04-20,43500,-550,1775737,124657,330580,-205923,306431,673499,-367068,572991
2020-04-17,44050,1750,3207970,242828,371848,-129020,1263696,874486,389210,-260190
2020-04-16,42300,200,2341232,45995,52846,-6851,1626021,1554329,71692,-64841
2020-04-14,42100,300,1193998,145033,50284,94749,345846,413270,-67424,-27325
2020-04-13,41800,-400,1167757,8554,152725,-144171,366955,388967,-22012,166183
2020-04-10,42200,150,969434,89695,86307,3388,154542,184385,-29843,26455
2020-04-09,42050,350,2145679,65332,299968,-234636,1321258,1118529,202729,31907
2020-04-08,41700,-100,1708879,102150,259710,-157560,921583,563425,358158,-200598
2020-04-07,41800,850,2930364,181169,218938,-37769,1168843,1279140,-110297,148066
2020-04-06,40950,1150,1847567,260029,174340,85689,530240,493930,36310,-121999
2020-04-03,39800,400,1396180,175397,205012,-29615,509410,521795,-12385,42000
2020-04-02,39400,400,2003481,273504,189353,84151,707793,1040378,-332585,248434
2020-04-01,39000,-1100,2688956,77575,320141,-242566,1228664,1342635,-113971,356537
2020-03-31,40100,-350,3287643,331308,445831,-114523,1088543,1818195,-729652,844175
2020-03-30,40450,-650,2807999,523103,263162,259941,477426,1345583,-868157,608216
2020-03-27,41100,350,3423688,166805,237935,-71130,873466,1553427,-679961,751091
2020-03-26,40750,-700,3762796,114168,200408,-86240,1319501,1839080,-519579,605819
2020-03-25,41450,2300,4241958,291652,705201,-413549,992910,1033261,-40351,453900
2020-03-24,39150,3150,4179097,415599,504961,-89362,1252148,1377504,-125356,214718
2020-03-23,36000,-2000,3367606,178201,456489,-278288,1277776,1470076,-192300,470588
2020-03-20,38000,2550,4623584,203042,1054173,-851131,1823895,1697886,126009,725122
2020-03-19,35450,-2550,5640126,690415,575579,114836,1840840,2481673,-640833,525997
2020-03-18,38000,-1650,3745813,323334,203266,120068,981471,2190463,-1208992,1088924
2020-03-17,39650,-1350,4684902,431186,272303,158883,1801235,2863042,-1061807,902924
2020-03-16,41000,-1700,4531444,410881,135146,275735,1558150,3043976,-1485826,1210091
2020-03-13,42700,-400,5773939,696639,572617,124022,1749778,2729744,-979966,855944
2020-03-12,43100,-1250,4624793,554303,1099579,-545276,1994973,2054872,-59899,605175
2020-03-11,44350,-1150,3413664,203555,537258,-333703,1288307,1763328,-475021,808724
2020-03-10,45500,0,5812655,936173,633442,302731,1981127,3760755,-1779628,1476897
2020-03-09,45500,-1950,3515886,581936,460167,121769,474258,1907006,-1432748,1310979
2020-03-06,47450,-1600,3419692,397680,142898,254782,904200,2722449,-1818249,1563467
2020-03-05,49050,850,2588823,114136,467726,-353590,1310484,1176010,134474,219116
2020-03-04,48200,1600,3658066,453933,381740,72193,1698271,1958441,-260170,187977
2020-03-03,46600,600,3308530,419928,412425,7503,895307,1821917,-926610,919107
2020-03-02,46000,450,4067855,654357,353980,300377,1349849,2562526,-1212677,912300
2020-02-28,45550,-2000,3872934,559903,248226,311677,1278515,2118361,-839846,528169
2020-02-27,47550,-550,2079918,289802,553173,-263371,445423,744423,-299000,562371
2020-02-26,48100,-1500,3118050,234919,749982,-515063,651512,1847802,-1196290,1711353
2020-02-25,49600,900,3759466,463336,929506,-466170,1597453,1962757,-365304,831474
2020-02-24,48700,-1700,3559473,324094,953702,-629608,982569,1452353,-469784,1099392
2020-02-21,50400,-500,1931325,136936,375957,-239021,1054533,1004755,49778,189243
2020-02-20,50900,-200,1875311,335698,420224,-84526,765169,904167,-138998,223524
2020-02-19,51100,100,2681487,665227,649203,16024,611679,1414994,-803315,787291
2020-02-18,51000,-1500,2581442,316773,451437,-134664,310925,1561059,-1250134,1384798
2020-02-17,52500,-200,2330946,163645,603351,-439706,759180,1304015,-544835,984541
2020-02-14,52700,1300,3009997,333061,902272,-569211,1530735,917287,613448,-44237
2020-02-13,51400,500,2076607,167841,270577,-102736,987876,1041333,-53457,156193
2020-02-12,50900,-100,1951794,407988,502902,-94914,406735,1088615,-681880,776794
2020-02-11,51000,0,2090150,257307,520367,-263060,678947,1005942,-326995,590055
2020-02-10,51000,-200,1900584,423221,709094,-285873,666079,754932,-88853,374726
2020-02-07,51200,-100,1991501,373666,477778,-104112,734452,771784,-37332,141444
2020-02-06,51300,600,2322521,262990,337526,-74536,714462,1322709,-608247,682783
2020-02-05,50700,1050,2396249,253341,1029296,-775955,812702,701028,111674,664281
2020-02-04,49650,1900,2804961,572618,718071,-145453,1097517,1184731,-87214,232667
2020-02-03,47750,250,2541142,480228,485579,-5351,918676,1290775,-372099,377450
2020-01-31,47500,-450,2976123,672726,502373,170353,1270569,1861804,-591235,420882
2020-01-30,47950,-1650,2526970,601198,1182999,-581801,543354,771410,-228056,809857
2020-01-29,49600,500,2066704,355729,752283,-396554,799529,861520,-61991,458545
2020-01-28,49100,-1200,3157911,779457,295430,484027,875339,1763305,-887966,403939
2020-01-23,50300,-800,2419343,287887,564308,-276421,1099075,1335305,-236230,512651
2020-01-22,51100,100,2775348,361095,431756,-70661,1329986,1807619,-477633,548294
2020-01-21,51000,-1200,2591716,203372,410712,-207340,1128512,1786794,-658282,865622
2020-01-20,52200,1300,3405491,614050,577838,36212,1842312,2059694,-217382,181170
2020-01-17,50900,500,2192507,383248,276110,107138,1006962,1509164,-502202,395064
2020-01-16,50400,1150,1734748,262148,232448,29700,932270,1136879,-204609,174909
2020-01-15,49250,-500,3151318,269963,1264883,-994920,2239360,1618491,620869,374051
2020-01-14,49750,250,3776068,301961,803496,-501535,2434012,2406387,27625,473910
2020-01-13,49500,950,2297331,203209,557577,-354368,1596180,1167903,428277,-73909
2020-01-10,48550,150,2342259,309664,288919,20745,1074973,1656021,-581048,560303
2020-01-09,48400,1700,2643434,388256,295520,92736,1599588,1494663,104925,-197661
2020-01-08,46700,400,3625223,1050343,938430,111913,1838087,1250527,587560,-699473
2020-01-07,46300,600,1655637,232153,574413,-342260,1151287,712456,438831,-96571
2020-01-06,45700,50,1212706,604770,422574,182196,272674,440553,-167879,-14317
2020-01-03,45650,50,1892001,453619,647902,-194283,913178,929173,-15995,210278
2020-01-02,45600,200,1512362,156642,555516,-398874,900456,673194,227262,171612
2019-12-30,45400,-300,1913850,119835,442092,-322257,1438928,1172359,266569,55688
2019-12-27,45700,400,1400514,257197,388495,-131298,287479,572543,-285064,416362
2019-12-26,45300,400,1119201,173161,330223,-157062,181776,230314,-48538,205600
2019-12-24,44900,-200,987529,194378,237115,-42737,266089,373732,-107643,150380
2019-12-23,45100,-50,1268063,317686,169698,147988,413078,629121,-216043,68055
2019-12-20,45150,-600,2658532,742799,121378,621421,1122835,2217993,-1095158,473737
2019-12-19,45750,-950,3214033,1156059,375238,780821,761292,2220529,-1459237,678416
2019-12-18,46700,200,2691398,430332,555099,-124767,1706436,1466337,240099,-115332
2019-12-17,46500,1500,2426141,406531,320677,85854,1412145,1312427,99718,-185572
2019-12-16,45000,100,1851324,254983,308007,-53024,1227220,1103055,124165,-71141
2019-12-13,44900,1300,2534594,530371,103494,426877,1488422,1515617,-27195,-399682
2019-12-12,43600,1400,1714165,157329,80806,76523,1290315,642014,648301,-724824
2019-12-11,42200,200,750327,205050,147457,57593,360611,402782,-42171,-15422
2019-12-10,42000,100,735751,89451,231121,-141670,505188,361504,143684,-2014
2019-12-09,41900,150,1021251,168383,100727,67656,580969,637097,-56128,-11528
2019-12-06,41750,850,1233398,160810,382729,-221919,880191,460961,419230,-197311
2019-12-05,40900,0,1236208,283120,464204,-181084,751765,654018,97747,83337
2019-12-04,40900,-200,1347956,115437,532732,-417295,972908,638975,333933,83362
2019-12-03,41100,-200,1058152,164509,655537,-491028,673750,273253,400497,90531
2019-12-02,41300,450,654720,91069,256403,-165334,323179,227213,95966,69368
2019-11-29,40850,-850,1452647,355965,423764,-67799,637786,901188,-263402,331201
2019-11-28,41700,-550,1064367,319827,96472,223355,408541,862887,-454346,230991
2019-11-27,42250,-50,1407280,150673,133709,16964,993160,1165744,-172584,155620
2019-11-26,42300,250,4426145,359944,199889,160055,3819785,3948280,-128495,-31560
2019-11-25,42050,400,1359949,64569,395941,-331372,1110080,766860,343220,-11848
2019-11-22,41650,550,1081731,108072,152933,-44861,836860,742201,94659,-49798
2019-11-21,41100,-1250,1236496,155802,158336,-2534,603121,833871,-230750,233284
2019-11-20,42350,-700,1066683,73111,221429,-148318,697908,681237,16671,131647
2019-11-19,43050,100,1192981,457691,177712,279979,531407,820041,-288634,8655
2019-11-18,42950,-150,1578051,522514,185478,337036,797489,1292089,-494600,157564
2019-11-15,43100,750,1492581,891328,72501,818827,411682,1162715,-751033,-67794
2019-11-14,42350,-350,1116878,459507,162850,296657,368006,906424,-538418,241761
2019-11-13,42700,-100,499397,108939,46830,62109,255304,365042,-109738,47629
2019-11-12,42800,400,861066,241247,126202,115045,400786,631884,-231098,116053
2019-11-11,42400,-200,1184839,307108,202908,104200,670441,842914,-172473,68273
합계,,,573506784,64533699,86972897,-22439198,218381535,265535175,-47153640,69592838
