날짜,종가,대비,거래량,기관 매수,기관 매도,기관 순매수,외국인 매수,외국인 매도,외국인 순매수,개인 순매수
2020-11-11,296500,20000,2765598,343880,282433,61447,289977,139589,150388,-211835
2020-11-10,276500,-8500,1046021,117149,236096,-118947,102267,61040,41227,77720
2020-11-09,285000,7500,886316,176452,139068,37384,73139,128057,-54918,17534
2020-11-06,277500,5500,1189737,155225,179992,-24767,127980,123385,4595,20172
2020-11-05,272000,1500,965754,181784,156375,25409,120082,179712,-59630,34221
2020-11-04,270500,11500,1326699,288095,186920,101175,144866,158555,-13689,-87486
2020-11-03,259000,14500,1016373,179035,85534,93501,141402,78831,62571,-156072
2020-11-02,244500,3500,486328,67908,103648,-35740,37693,55085,-17392,53132
2020-10-30,241000,-12000,825115,108633,139091,-30458,86568,306428,-219860,250318
2020-10-29,253000,10500,986149,212060,143172,68888,84089,114300,-30211,-38677
2020-10-28,242500,3500,426527,63639,110173,-46534,35804,53402,-17598,64132
2020-10-27,239000,1000,687981,100953,150555,-49602,148495,145923,2572,47030
2020-10-26,238000,0,945429,83388,115943,-32555,65980,206957,-140977,173532
2020-10-23,238000,500,723304,103008,124866,-21858,155659,86923,68736,-46878
2020-10-22,237500,-6500,831654,64395,121033,-56638,202604,74710,127894,-71256
2020-10-21,244000,-1500,625587,95397,150531,-55134,130244,76720,53524,1610
2020-10-20,245500,-10000,1215368,162943,169465,-6522,119555,116421,3134,3388
2020-10-19,255500,-1000,517772,118439,122137,-3698,28458,142297,-113839,117537
2020-10-16,256500,1500,543139,104130,77591,26539,78645,115929,-37284,10745
2020-10-15,255000,-7000,627073,76508,90314,-13806,65456,142876,-77420,91226
2020-10-14,262000,-8500,585306,56388,87953,-31565,95118,148011,-52893,84458
2020-10-13,270500,-3000,541433,60153,113939,-53786,32527,96850,-64323,118109
2020-10-12,273500,11500,774825,115726,83394,32332,42101,78770,-36669,4337
2020-10-08,262000,1500,874989,155969,184054,-28085,91439,178497,-87058,115143
2020-10-07,260500,2500,492558,138225,70410,67815,40922,131737,-90815,23000
2020-10-06,258000,3500,556717,116381,103475,12906,92960,91861,1099,-14005
2020-10-05,254500,-3000,639048,111947,112465,-518,100446,195005,-94559,95077
2020-09-29,257500,2500,686838,113633,65222,48411,203566,164642,38924,-87335
2020-09-28,255000,-3500,1037814,87937,183843,-95906,79827,277577,-197750,293656
2020-09-25,258500,8500,1251340,170506,157637,12869,238753,151215,87538,-100407
2020-09-24,250000,-16000,1321525,114437,176259,-61822,275699,142079,133620,-71798
2020-09-23,266000,-2000,1302410,158573,220615,-62042,275175,136204,138971,-76929
2020-09-22,268000,-10500,1337964,156106,177924,-21818,280907,216391,64516,-42698
2020-09-21,278500,-13000,1074281,88333,154408,-66075,65741,72912,-7171,73246
2020-09-18,291500,0,754705,92280,114935,-22655,81454,178796,-97342,119997
2020-09-17,291500,-5500,685924,62158,138788,-76630,26589,110742,-84153,160783
2020-09-16,297000,1000,438867,60709,96547,-35838,49826,40392,9434,26404
2020-09-15,296000,0,413089,74508,80005,-5497,48544,40122,8422,-2925
2020-09-14,296000,-2500,508097,69186,116200,-47014,33092,79011,-45919,92933
2020-09-11,298500,0,1022761,168182,135043,33139,85211,96943,-11732,-21407
2020-09-10,298500,0,1246969,215503,273292,-57789,102453,171592,-69139,126928
2020-09-09,298500,-19500,2482466,156035,337285,-181250,120876,263350,-142474,323724
2020-09-08,318000,13000,2698135,313104,242562,70542,149441,232897,-83456,12914
2020-09-07,305000,11000,1016576,105949,129112,-23163,61864,88336,-26472,49635
2020-09-04,294000,-5500,612252,113804,139452,-25648,19995,62018,-42023,67671
2020-09-03,299500,-1000,497412,68864,151389,-82525,66890,54887,12003,70522
2020-09-02,300500,2500,547657,181572,94916,86656,56143,125831,-69688,-16968
2020-09-01,298000,1000,668602,113296,121248,-7952,105295,167659,-62364,70316
2020-08-31,297000,-7500,1079872,146301,172674,-26373,111826,385995,-274169,300542
2020-08-28,304500,0,557944,117500,106298,11202,33411,77951,-44540,33338
2020-08-27,304500,-6000,722862,83719,132381,-48662,39578,136115,-96537,145199
2020-08-26,310500,4000,1262116,168969,184900,-15931,201180,105979,95201,-79270
2020-08-25,306500,-3500,600050,83022,142422,-59400,41170,131407,-90237,149637
2020-08-24,310000,9000,814190,140371,124860,15511,242676,33480,209196,-224707
2020-08-21,301000,-4000,1037558,151877,186916,-35039,79009,245130,-166121,201160
2020-08-20,305000,1000,1708375,245932,258259,-12327,369257,216490,152767,-140440
2020-08-19,304000,0,880282,109173,122032,-12859,91859,213859,-122000,134859
2020-08-18,304000,-500,1163773,219359,110713,108646,268461,163472,104989,-213635
2020-08-14,304500,-4000,1037943,142990,151112,-8122,270121,177726,92395,-84273
2020-08-13,308500,6500,1754825,307114,253330,53784,449275,188300,260975,-314759
2020-08-12,302000,-12000,1121637,154482,164491,-10009,81105,99130,-18025,28034
2020-08-11,314000,-1000,693402,175706,103005,72701,97805,108146,-10341,-62360
2020-08-10,315000,500,1221244,212714,253011,-40297,117522,131029,-13507,53804
2020-08-07,314500,3500,963799,176309,176520,-211,108487,78427,30060,-29849
2020-08-06,311000,-4000,832683,131021,153472,-22451,79654,149115,-69461,91912
2020-08-05,315000,13000,1063211,204523,123117,81406,117371,64297,53074,-134480
2020-08-04,302000,3000,891486,121723,142574,-20851,138497,127060,11437,9414
2020-08-03,299000,2500,1521548,193127,197707,-4580,213353,185816,27537,-22957
2020-07-31,296500,-3500,823746,88814,131928,-43114,118412,160124,-41712,84826
2020-07-30,300000,-1500,2723830,254695,300706,-46011,294710,228182,66528,-20517
2020-07-29,301500,-16000,1903406,153269,377892,-224623,86394,204728,-118334,342957
2020-07-28,317500,500,666062,106037,148130,-42093,72997,63489,9508,32585
2020-07-27,317000,-2000,507367,92378,58157,34221,30050,62060,-32010,-2211
2020-07-24,319000,-3000,789309,86818,132281,-45463,132836,104899,27937,17526
2020-07-23,322000,500,707386,130304,134087,-3783,103996,30040,73956,-70173
2020-07-22,321500,0,748686,92330,83905,8425,103613,75375,28238,-36663
2020-07-21,321500,-1500,1217900,118787,227111,-108324,146762,140284,6478,101846
2020-07-20,323000,-5000,1391199,88618,219245,-130627,65770,170959,-105189,235816
2020-07-17,328000,13000,1241089,231647,97394,134253,193176,63551,129625,-263878
2020-07-16,315000,-1000,734412,113805,140279,-26474,100976,83083,17893,8581
2020-07-15,316000,-8000,972746,148903,154031,-5128,75189,143215,-68026,73154
2020-07-14,324000,-5000,842821,107958,194540,-86582,78448,124061,-45613,132195
2020-07-13,329000,4500,775224,109913,71980,37933,101878,93214,8664,-46597
2020-07-10,324500,500,1042448,94704,153949,-59245,63542,90282,-26740,85985
2020-07-09,324000,12500,1637528,264063,207872,56191,178195,153323,24872,-81063
2020-07-08,311500,3000,709785,114528,118433,-3905,74786,100800,-26014,29919
2020-07-07,308500,3000,1003857,172667,118497,54170,187629,147647,39982,-94152
2020-07-06,305500,-4000,759792,116176,76345,39831,53859,247370,-193511,153680
2020-07-03,309500,1000,760954,116515,132731,-16216,39667,110685,-71018,87234
2020-07-02,308500,11000,1134489,185867,121408,64459,221618,101858,119760,-184219
2020-07-01,297500,-8500,1012051,112380,102752,9628,137665,97612,40053,-49681
2020-06-30,306000,-5000,1517136,160026,173179,-13153,160492,132126,28366,-15213
2020-06-29,311000,-1500,1323237,112118,230583,-118465,115375,139716,-24341,142806
2020-06-26,312500,-3500,927851,80644,164526,-83882,89919,86007,3912,79970
2020-06-25,316000,-3000,918369,125491,259910,-134419,65104,60189,4915,129504
2020-06-24,319000,500,1956218,175134,215945,-40811,192927,344612,-151685,192496
2020-06-23,318500,21500,4485322,320356,406586,-86230,574637,207106,367531,-281301
2020-06-22,297000,5500,1166332,195702,122446,73256,84947,118684,-33737,-39519
2020-06-19,291500,4000,1087788,108700,188343,-79643,256557,102904,153653,-74010
2020-06-18,287500,-2000,784181,102513,115711,-13198,120713,98039,22674,-9476
2020-06-17,289500,-4000,1647069,135328,175852,-40524,203325,268373,-65048,105572
2020-06-16,293500,19500,2041007,222198,181676,40522,325433,189553,135880,-176402
2020-06-15,274000,-23500,3141867,229166,290408,-61242,240376,264667,-24291,85533
2020-06-12,297500,9500,3865779,234113,383619,-149506,315622,340159,-24537,174043
2020-06-11,288000,19500,3934710,411460,550830,-139370,604792,296548,308244,-168874
2020-06-10,268500,5000,1067682,194791,115982,78809,87774,115554,-27780,-51029
2020-06-09,263500,7500,1345656,174758,161263,13495,247757,104810,142947,-156442
2020-06-08,256000,-500,1267019,143415,201872,-58457,137315,135992,1323,57134
2020-06-05,256500,9500,2899453,242319,226377,15942,401199,235172,166027,-181969
2020-06-04,247000,19500,3037387,356507,207166,149341,416139,174568,241571,-390912
2020-06-03,227500,3000,1813508,301899,173759,128140,122958,186419,-63461,-64679
2020-06-02,224500,-3000,1115810,107023,144244,-37221,87340,273290,-185950,223171
2020-06-01,227500,14000,3410255,206007,206367,-360,737914,196049,541865,-541505
2020-05-29,213500,2500,660343,113305,98016,15289,252892,223653,29239,-44528
2020-05-28,211000,-2000,716459,117472,156583,-39111,43635,101039,-57404,96515
2020-05-27,213000,-1500,591712,62881,179517,-116636,140265,75005,65260,51376
2020-05-26,214500,-500,482616,84247,64294,19953,37627,58352,-20725,772
2020-05-25,215000,-1000,371033,59314,68098,-8784,48814,43168,5646,3138
2020-05-22,216000,-2500,637408,92991,129435,-36444,106530,127753,-21223,57667
2020-05-21,218500,0,530139,48780,107268,-58488,156075,78929,77146,-18658
2020-05-20,218500,5500,661979,138014,59680,78334,153368,46921,106447,-184781
2020-05-19,213000,0,709054,126710,207487,-80777,116892,72774,44118,36659
2020-05-18,213000,-4500,988984,97662,132795,-35133,165327,143235,22092,13041
2020-05-15,217500,500,827539,150761,78189,72572,73370,175483,-102113,29541
2020-05-14,217000,2000,959332,209798,153489,56309,146258,91258,55000,-111309
2020-05-13,215000,4000,763378,190262,87634,102628,154849,84154,70695,-173323
2020-05-12,211000,500,982920,147915,158423,-10508,153778,144267,9511,997
2020-05-11,210500,0,695048,101400,145600,-44200,62877,108106,-45229,89429
2020-05-08,210500,6500,895729,194791,102940,91851,188662,106725,81937,-173788
2020-05-07,204000,-3000,402708,81695,64798,16897,60688,125078,-64390,47493
2020-05-06,207000,3500,603987,113818,67313,46505,161343,144669,16674,-63179
2020-05-04,203500,-7000,860366,106363,178841,-72478,143603,282395,-138792,211270
2020-04-29,210500,1500,654481,102519,100732,1787,191067,133218,57849,-59636
2020-04-28,209000,-3500,726697,86878,98279,-11401,137790,194792,-57002,68403
2020-04-27,212500,1000,486289,104113,65780,38333,46244,61860,-15616,-22717
2020-04-24,211500,-2500,1076656,126825,125183,1642,124434,147482,-23048,21406
2020-04-23,214000,0,634952,111037,115344,-4307,97229,106942,-9713,14020
2020-04-22,214000,2000,1123888,224479,173727,50752,139472,107552,31920,-82672
2020-04-21,212000,0,1791508,240209,175766,64443,311156,234945,76211,-140654
2020-04-20,212000,1000,913363,84949,149122,-64173,248587,163447,85140,-20967
2020-04-17,211000,-4000,1786490,144185,270511,-126326,227334,220103,7231,119095
2020-04-16,215000,-1000,775217,128405,101242,27163,176234,192035,-15801,-11362
2020-04-14,216000,500,1273985,91807,87117,4690,146225,170251,-24026,19336
2020-04-13,215500,6000,3635512,220021,225425,-5404,217885,159012,58873,-53469
2020-04-10,209500,-1000,1741966,132765,214287,-81522,118859,203157,-84298,165820
2020-04-09,210500,3500,1348849,220486,187736,32750,125164,184285,-59121,26371
2020-04-08,207000,-3000,1090103,133653,186441,-52788,206044,165134,40910,11878
2020-04-07,210000,1000,2206806,169540,208297,-38757,309347,214263,95084,-56327
2020-04-06,209000,13000,2778989,276736,111482,165254,493038,291773,201265,-366519
2020-04-03,196000,1000,4151869,234652,251159,-16507,427633,364721,62912,-46405
2020-04-02,195000,-3000,8664631,715670,280045,435625,3489162,4919376,-1430214,994589
2020-04-01,198000,-31000,5208192,339333,424602,-85269,658811,560327,98484,-13215
2020-03-31,229000,44000,11131989,370541,415625,-45084,935763,639842,295921,-250837
2020-03-30,185000,1000,937759,154179,119122,35057,167144,151465,15679,-50736
2020-03-27,184000,2500,1927549,165726,208881,-43155,436598,314120,122478,-79323
2020-03-26,181500,-1500,2441069,213792,292473,-78681,404793,246920,157873,-79192
2020-03-25,183000,-1000,2334554,199616,357989,-158373,431313,274411,156902,1471
2020-03-24,184000,9000,3903710,198203,209487,-11284,811708,309442,502266,-490982
2020-03-23,175000,22500,6685918,184073,403837,-219764,1098099,501988,596111,-376347
2020-03-20,152500,12500,2019176,243711,162285,81426,422941,328059,94882,-176308
2020-03-19,140000,-17000,2890238,374400,207470,166930,398466,362802,35664,-202594
2020-03-18,157000,-11000,1214771,115571,196685,-81114,233369,289263,-55894,137008
2020-03-17,168000,2500,1400196,291788,124645,167143,324726,267888,56838,-223981
2020-03-16,165500,-5000,1054288,153265,195485,-42220,200911,142311,58600,-16380
2020-03-13,170500,-2000,2228505,378626,275980,102646,369760,525036,-155276,52630
2020-03-12,172500,-2500,1210096,393008,265282,127726,189473,238122,-48649,-79077
2020-03-11,175000,-6000,816884,198039,232780,-34741,187851,152546,35305,-564
2020-03-10,181000,7000,1203990,275969,170529,105440,329379,225614,103765,-209205
2020-03-09,174000,-3500,992060,236270,135122,101148,172774,242507,-69733,-31415
2020-03-06,177500,-4500,706838,159561,138244,21317,123295,164051,-40756,19439
2020-03-05,182000,7500,908489,177030,145922,31108,346737,67579,279158,-310266
2020-03-04,174500,2000,427029,102662,109609,-6947,158321,89024,69297,-62350
2020-03-03,172500,-2500,655782,118285,200852,-82567,143069,162230,-19161,101728
2020-03-02,175000,5000,658143,136489,114227,22262,230091,116292,113799,-136061
2020-02-28,170000,-500,819064,222549,143755,78794,257675,201371,56304,-135098
2020-02-27,170500,-2500,658855,142162,220939,-78777,186059,148007,38052,40725
2020-02-26,173000,500,767937,217753,152520,65233,148822,211526,-62704,-2529
2020-02-25,172500,3500,568928,174065,103794,70271,78827,111142,-32315,-37956
2020-02-24,169000,-8000,768670,188534,126712,61822,78231,166839,-88608,26786
2020-02-21,177000,-2000,448780,101140,99577,1563,125094,52475,72619,-74182
2020-02-20,179000,-2500,753214,212299,140761,71538,153800,178454,-24654,-46884
2020-02-19,181500,-3000,738862,110907,196304,-85397,233121,165299,67822,17575
2020-02-18,184500,-1500,550403,71962,118498,-46536,104175,133470,-29295,75831
2020-02-17,186000,5000,798265,224277,92615,131662,169374,119021,50353,-182015
2020-02-14,181000,2500,645545,264401,89845,174556,105318,123484,-18166,-156390
2020-02-13,178500,4500,1215090,473581,190550,283031,230943,260282,-29339,-253692
2020-02-12,174000,500,326275,109711,83287,26424,28915,67851,-38936,12512
2020-02-11,173500,500,433405,106340,74238,32102,69328,128044,-58716,26614
2020-02-10,173000,1500,496142,113683,75643,38040,54765,138004,-83239,45199
2020-02-07,171500,-1000,430732,87841,122326,-34485,54777,86905,-32128,66613
2020-02-06,172500,8000,831467,194450,96289,98161,276139,53802,222337,-320498
2020-02-05,164500,-3000,654917,84770,304763,-219993,81466,162596,-81130,301123
2020-02-04,167500,1000,714181,132549,369294,-236745,150940,91634,59306,177439
2020-02-03,166500,1500,682627,177562,129908,47654,164555,117944,46611,-94265
2020-01-31,165000,-2000,587953,135552,109613,25939,106528,137044,-30516,4577
2020-01-30,167000,-4000,632053,94845,161243,-66398,76161,134528,-58367,124765
2020-01-29,171000,500,490096,76495,198113,-121618,78388,54762,23626,97992
2020-01-28,170500,-5000,677942,157516,145443,12073,84530,70977,13553,-25626
2020-01-23,175500,-1000,349287,77890,119771,-41881,60995,55203,5792,36089
2020-01-22,176500,4000,380522,122122,69574,52548,71751,41656,30095,-82643
2020-01-21,172500,0,413021,64103,61286,2817,85842,85091,751,-3568
2020-01-20,172500,-2500,568512,94401,107540,-13139,99225,69726,29499,-16360
2020-01-17,175000,-5500,818082,101319,264521,-163202,43493,160091,-116598,279800
2020-01-16,180500,4000,1272730,171524,219905,-48381,160222,220162,-59940,108321
2020-01-15,176500,-1500,293546,52094,95031,-42937,61568,66833,-5265,48202
2020-01-14,178000,-1500,506237,72654,144774,-72120,95629,140273,-44644,116764
2020-01-13,179500,2000,453131,61164,83532,-22368,65464,127103,-61639,84007
2020-01-10,177500,500,431127,76006,126384,-50378,75825,115698,-39873,90251
2020-01-09,177000,4000,519560,128956,163490,-34534,59623,120514,-60891,95425
2020-01-08,173000,-5000,891120,157146,176411,-19265,184584,92360,92224,-72959
2020-01-07,178000,5000,457371,96069,96421,-352,111954,81675,30279,-29927
2020-01-06,173000,-4500,575093,112853,121399,-8546,82433,62264,20169,-11623
2020-01-03,177500,-2500,498043,77362,173752,-96390,88585,68148,20437,75953
2020-01-02,180000,-1000,621826,116056,157291,-41235,94564,130377,-35813,77048
2019-12-30,181000,-3000,527906,115537,93071,22466,56658,132920,-76262,53796
2019-12-27,184000,3000,1406310,215567,265698,-50131,85839,133265,-47426,97557
2019-12-26,189500,4500,2138836,356934,93340,263594,152418,114688,37730,-301324
2019-12-24,185000,-1500,684744,113690,73091,40599,79243,55399,23844,-64443
2019-12-23,186500,4500,872033,220870,73650,147220,132222,95270,36952,-184172
2019-12-20,182000,1500,553057,124600,50352,74248,123166,90534,32632,-106880
2019-12-19,180500,3000,688837,139141,70001,69140,97019,94511,2508,-71648
2019-12-18,177500,-1500,568183,121594,99990,21604,84488,167211,-82723,61119
2019-12-17,179000,9000,956542,220089,95596,124493,221251,175450,45801,-170294
2019-12-16,170000,-2000,349331,78379,44506,33873,58954,135697,-76743,42870
2019-12-13,172000,1000,611433,176382,107995,68387,127384,213895,-86511,18124
2019-12-12,171000,6500,961611,309425,260231,49194,302341,228616,73725,-122919
2019-12-11,164500,-2000,484732,97608,71599,26009,129283,186355,-57072,31063
2019-12-10,166500,-1500,558446,78606,57224,21382,193738,280862,-87124,65742
2019-12-09,168000,-2000,346240,72564,83265,-10701,95749,98129,-2380,13081
2019-12-06,170000,1500,337447,56932,61592,-4660,84315,54700,29615,-24955
2019-12-05,168500,-2500,581994,65702,53017,12685,164049,143255,20794,-33479
2019-12-04,171000,-3500,427490,65547,41061,24486,105715,123505,-17790,-6696
2019-12-03,174500,-1000,285238,72710,36979,35731,70421,63558,6863,-42594
2019-12-02,175500,1500,346391,75226,41870,33356,86988,87048,-60,-33296
2019-11-29,174000,-4500,590691,92782,98125,-5343,135467,218272,-82805,88148
2019-11-28,178500,-5500,466884,82098,77196,4902,88943,161777,-72834,67932
2019-11-27,184000,4000,589879,113661,71766,41895,208351,202274,6077,-47972
2019-11-26,180000,-1000,701187,129525,95642,33883,256603,425604,-169001,135118
2019-11-25,181000,6000,504384,132205,56451,75754,120125,183437,-63312,-12442
2019-11-22,175000,-2000,619085,134136,75939,58197,160709,209924,-49215,-8982
2019-11-21,177000,-7500,865834,146864,86194,60670,133814,278236,-144422,83752
2019-11-20,184500,1000,411474,78816,72879,5937,158520,150390,8130,-14067
2019-11-19,183500,-3000,395894,100402,93745,6657,86733,83704,3029,-9686
2019-11-18,186500,500,280805,102926,42806,60120,28445,88692,-60247,127
2019-11-15,186000,-500,379577,115911,61152,54759,57612,162349,-104737,49978
2019-11-14,186500,5500,585992,158484,125750,32734,139242,182160,-42918,10184
2019-11-13,181000,-4500,518524,77418,78295,-877,95067,137430,-42363,43240
2019-11-12,185500,-500,411263,62955,63002,-47,66830,124810,-57980,58027
2019-11-11,186000,-2000,640182,73249,98501,-25252,140671,228945,-88274,113526
합계,,,284046284,37771704,37781291,-9587,43807427,43292427,515000,-505413
