날짜,종가,대비,거래량,기관 매수,기관 매도,기관 순매수,외국인 매수,외국인 매도,외국인 순매수,개인 순매수
2020-11-11,33650,700,5100704,1619480,750482,868998,1200937,1430664,-229727,-639271
2020-11-10,32950,1200,7202607,2222095,1034503,1187592,2743041,1231741,1511300,-2698892
2020-11-09,31750,150,2496771,899451,501119,398332,312424,912361,-599937,201605
2020-11-06,31600,100,1947300,624333,546189,78144,667448,358827,308621,-386765
2020-11-05,31500,350,3089844,1011011,909679,101332,551923,852104,-300181,198849
2020-11-04,31150,-850,4538264,983639,1515254,-531615,544888,1248588,-703700,1235315
2020-11-03,32000,250,3435765,1283102,624650,658452,561798,670038,-108240,-550212
2020-11-02,31750,1400,3894347,1453687,641636,812051,1136929,488195,648734,-1460785
2020-10-30,30350,-1100,4189440,812071,796686,15385,1237603,1518148,-280545,265160
2020-10-29,31450,-50,3103420,874029,691503,182526,738332,673611,64721,-247247
2020-10-28,31500,1300,4419345,1713384,600723,1112661,1367469,577379,790090,-1902751
2020-10-27,30200,-750,4310484,1124079,871422,252657,728442,1428757,-700315,447658
2020-10-26,30950,-400,3771465,1770994,783462,987532,199190,968743,-769553,-217979
2020-10-23,31350,1150,6673095,2214500,876901,1337599,1568677,908296,660381,-1997980
2020-10-22,30200,1000,4540090,1702929,669373,1033556,955271,764550,190721,-1224277
2020-10-21,29200,200,3384480,1541113,411825,1129288,588987,1861810,-1272823,143535
2020-10-20,29000,0,3020408,716016,556084,159932,1042839,1602405,-559566,399634
2020-10-19,29000,1050,3804406,1740911,535767,1205144,953457,1056400,-102943,-1102201
2020-10-16,27950,-100,1591701,415382,272722,142660,319708,933498,-613790,471130
2020-10-15,28050,100,1332326,362294,242831,119463,288390,614992,-326602,207139
2020-10-14,27950,-400,2222501,291062,435034,-143972,462252,1382820,-920568,1064540
2020-10-13,28350,-100,1886424,298257,528818,-230561,206761,999762,-793001,1023562
2020-10-12,28450,100,2396584,493837,335672,158165,729224,1600165,-870941,712776
2020-10-08,28350,-150,2335648,544594,743602,-199008,674903,1290455,-615552,814560
2020-10-07,28500,150,1520212,554084,225075,329009,420850,856890,-436040,107031
2020-10-06,28350,-200,2128923,514424,485246,29178,342023,1088147,-746124,716946
2020-10-05,28550,950,3155972,603786,542545,61241,991223,1548667,-557444,496203
2020-09-29,27600,100,1715571,404086,317548,86538,674905,1054597,-379692,293154
2020-09-28,27500,150,1193407,318988,238558,80430,427286,714478,-287192,206762
2020-09-25,27350,150,1927889,381991,271322,110669,947269,1315568,-368299,257630
2020-09-24,27200,-400,1870808,402719,345412,57307,844280,952470,-108190,50883
2020-09-23,27600,0,1771865,337437,435665,-98228,543250,867859,-324609,422837
2020-09-22,27600,-550,2362160,273149,516848,-243699,268456,1107548,-839092,1082791
2020-09-21,28150,-200,1366916,314671,199300,115371,232322,682789,-450467,335096
2020-09-18,28350,-200,2219918,311450,256045,55405,470771,1556535,-1085764,1030359
2020-09-17,28550,-150,1612471,349571,387893,-38322,266434,729103,-462669,500991
2020-09-16,28700,-50,1244882,227979,367002,-139023,201112,392643,-191531,330554
2020-09-15,28750,0,1471145,250242,416136,-165894,255769,593430,-337661,503555
2020-09-14,28750,300,2004641,320879,315867,5012,259243,1008409,-749166,744154
2020-09-11,28450,-50,1732675,290874,297989,-7115,408378,1080177,-671799,678914
2020-09-10,28500,100,1994874,474591,863963,-389372,551565,584454,-32889,422261
2020-09-09,28400,-650,4212332,520561,709341,-188780,482030,2786325,-2304295,2493075
2020-09-08,29050,-50,2761485,501933,551354,-49421,422700,1655142,-1232442,1281863
2020-09-07,29100,-550,3761770,348578,621917,-273339,365787,2125315,-1759528,2032867
2020-09-04,29650,-350,2284285,327597,779444,-451847,292577,854587,-562010,1013857
2020-09-03,30000,-200,1618528,412672,511193,-98521,298898,645241,-346343,444864
2020-09-02,30200,150,1293580,381933,349720,32213,264742,562008,-297266,265053
2020-09-01,30050,400,1751652,506969,524099,-17130,669015,647178,21837,-4707
2020-08-31,29650,-650,3547431,720679,688805,31874,646337,2241151,-1594814,1562940
2020-08-28,30300,300,2354079,769470,548104,221366,628154,825790,-197636,-23730
2020-08-27,30000,-700,2229578,264402,674790,-410388,324053,991171,-667118,1077506
2020-08-26,30700,-700,1469718,314775,680221,-365446,266022,481797,-215775,581221
2020-08-25,31400,700,1377196,513514,591838,-78324,261882,180579,81303,-2979
2020-08-24,30700,-50,1091079,470699,428997,41702,45356,368610,-323254,281552
2020-08-21,30750,500,1344811,499557,561263,-61706,228376,169952,58424,3282
2020-08-20,30250,-1150,1790921,556522,678655,-122133,308406,265785,42621,79512
2020-08-19,31400,-200,1456392,363526,375733,-12207,512202,564397,-52195,64402
2020-08-18,31600,-1100,2923648,719693,597904,121789,1131935,894441,237494,-359283
2020-08-14,32700,-1100,2294223,732732,727691,5041,185623,489451,-303828,298787
2020-08-13,33800,0,3437220,1079937,966972,112965,774490,551105,223385,-336350
2020-08-12,33800,950,4929263,992993,1120405,-127412,1356241,1099159,257082,-129670
2020-08-11,32850,2000,5025552,1356344,655481,700863,1181239,234132,947107,-1647970
2020-08-10,30850,650,2038273,606212,521230,84982,508927,156601,352326,-437308
2020-08-07,30200,-500,1604496,342345,571312,-228967,175410,476421,-301011,529978
2020-08-06,30700,700,2473278,861291,675411,185880,532928,191094,341834,-527714
2020-08-05,30000,-200,1295186,305365,460894,-155529,215529,334784,-119255,274784
2020-08-04,30200,300,1274251,419641,514015,-94374,370459,255885,114574,-20200
2020-08-03,29900,-200,1649493,345444,577150,-231706,420645,682232,-261587,493293
2020-07-31,30100,-850,2110091,411702,534576,-122874,448964,1057059,-608095,730969
2020-07-30,30950,-100,1905955,443622,609540,-165918,394029,475874,-81845,247763
2020-07-29,31050,300,1461720,408671,503710,-95039,395654,207595,188059,-93020
2020-07-28,30750,250,1723733,406245,624427,-218182,800824,382791,418033,-199851
2020-07-27,30500,0,1240217,325079,300000,25079,400341,380501,19840,-44919
2020-07-24,30500,0,1214228,326976,370557,-43581,365331,381380,-16049,59630
2020-07-23,30500,50,1496348,308332,609327,-300995,558121,250464,307657,-6662
2020-07-22,30450,50,2739196,451349,620123,-168774,871658,577780,293878,-125104
2020-07-21,30400,-50,1730397,490471,468933,21538,259294,561980,-302686,281148
2020-07-20,30450,700,1742844,473638,450294,23344,439638,205935,233703,-257047
2020-07-17,29750,-300,1027988,267036,307561,-40525,188115,398016,-209901,250426
2020-07-16,30050,250,1622128,466753,510480,-43727,426039,332142,93897,-50170
2020-07-15,29800,400,1810430,642754,542519,100235,510569,503995,6574,-106809
2020-07-14,29400,-200,1493337,532994,591612,-58618,465266,506557,-41291,99909
2020-07-13,29600,600,1498269,530189,456784,73405,325964,508233,-182269,108864
2020-07-10,29000,-800,1721373,285370,625652,-340282,219753,755754,-536001,876283
2020-07-09,29800,-200,2614486,521681,1795974,-1274293,1748378,535053,1213325,60968
2020-07-08,30000,-150,1143131,491189,644626,-153437,392131,275384,116747,36690
2020-07-07,30150,-150,1604570,596826,620749,-23923,655298,566715,88583,-64660
2020-07-06,30300,250,1494743,583454,436489,146965,296567,194928,101639,-248604
2020-07-03,30050,150,1038768,406475,393843,12632,188766,310687,-121921,109289
2020-07-02,29900,200,1348055,454538,455082,-544,477814,549428,-71614,72158
2020-07-01,29700,950,1553814,494031,506751,-12720,612433,212047,400386,-387666
2020-06-30,28750,-250,1616827,452832,460110,-7278,354668,731408,-376740,384018
2020-06-29,29000,-700,1720011,443572,602472,-158900,389210,644552,-255342,414242
2020-06-26,29700,400,1435162,363066,541037,-177971,313900,376201,-62301,240272
2020-06-25,29300,-900,1754512,287566,791146,-503580,125388,495946,-370558,874138
2020-06-24,30200,400,1606503,493995,533565,-39570,422916,565679,-142763,182333
2020-06-23,29800,-250,2110173,623652,683927,-60275,397652,777869,-380217,440492
2020-06-22,30050,-750,1835595,395594,555434,-159840,360283,887749,-527466,687306
2020-06-19,30800,50,3816952,768234,777555,-9321,2241667,2414772,-173105,182426
2020-06-18,30750,-250,2559738,825991,810056,15935,831360,1089699,-258339,242404
2020-06-17,31000,-1000,3674507,1019447,1076294,-56847,783723,1801171,-1017448,1074295
2020-06-16,32000,2500,2692975,1042686,728666,314020,720793,489199,231594,-545614
2020-06-15,29500,-1650,2915712,739592,864409,-124817,364820,1028586,-663766,788583
2020-06-12,31150,-1350,2612741,675416,872958,-197542,281997,623778,-341781,539323
2020-06-11,32500,-700,3142543,823635,1599685,-776050,779498,580019,199479,576571
2020-06-10,33200,-1350,3567491,635000,655773,-20773,1192791,2213182,-1020391,1041164
2020-06-09,34550,-200,2215013,557960,721230,-163270,703065,600089,102976,60294
2020-06-08,34750,-250,2167980,641400,694675,-53275,451444,530704,-79260,132535
2020-06-05,35000,350,2397235,816199,685099,131100,480754,637854,-157100,26000
2020-06-04,34650,-1100,5239661,1317881,1380334,-62453,1045197,1399839,-354642,417095
2020-06-03,35750,3750,7122912,2001208,1400820,600388,2078710,694748,1383962,-1984350
2020-06-02,32000,1300,3416978,827727,711215,116512,651801,598581,53220,-169732
2020-06-01,30700,550,1491022,438685,387308,51377,226121,338599,-112478,61101
2020-05-29,30150,-100,3659314,615540,681186,-65646,2212227,1985610,226617,-160971
2020-05-28,30250,500,4274477,1137701,964175,173526,969029,637290,331739,-505265
2020-05-27,29750,50,2389784,663436,589485,73951,511622,677165,-165543,91592
2020-05-26,29700,500,2120032,627254,440576,186678,422925,489660,-66735,-119943
2020-05-25,29200,150,1101720,314630,378696,-64066,126242,307908,-181666,245732
2020-05-22,29050,-400,1821607,345683,489685,-144002,375969,777513,-401544,545546
2020-05-21,29450,-400,2434220,779215,640682,138533,402746,1281988,-879242,740709
2020-05-20,29850,-600,1626202,593024,321907,271117,238942,905405,-666463,395346
2020-05-19,30450,1500,2602771,1080800,347150,733650,512688,424686,88002,-821652
2020-05-18,28950,-400,1441040,767691,519703,247988,114907,550476,-435569,187581
2020-05-15,29350,450,1743880,930335,454593,475742,308632,532360,-223728,-252014
2020-05-14,28900,-550,1665449,775048,629979,145069,310160,763282,-453122,308053
2020-05-13,29450,550,1617461,805301,509320,295981,288547,581517,-292970,-3011
2020-05-12,28900,-650,1825245,705467,616825,88642,331216,752727,-421511,332869
2020-05-11,29550,-500,1445854,628335,515321,113014,187992,385067,-197075,84061
2020-05-08,30050,0,1488251,683001,439486,243515,262000,598993,-336993,93478
2020-05-07,30050,150,1969529,1164401,482327,682074,376961,786775,-409814,-272260
2020-05-06,29900,100,2262364,997829,432734,565095,379382,1314504,-935122,370027
2020-05-04,29800,-750,2946737,928401,983034,-54633,1095635,1272921,-177286,231919
2020-04-29,30550,450,2223561,938838,375251,563587,481578,718116,-236538,-327049
2020-04-28,30100,100,3284884,674504,553097,121407,642506,1014878,-372372,250965
2020-04-27,30000,2850,5258451,1465563,805012,660551,1505507,468154,1037353,-1697904
2020-04-24,27150,-350,1759625,385619,553457,-167838,519572,795176,-275604,443442
2020-04-23,27500,-100,2055080,542590,559212,-16622,605041,1136155,-531114,547736
2020-04-22,27600,-100,1498460,406279,725113,-318834,278221,382044,-103823,422657
2020-04-21,27700,-500,2552022,694490,847860,-153370,792102,1081298,-289196,442566
2020-04-20,28200,-300,1979063,360971,673045,-312074,342020,731760,-389740,701814
2020-04-17,28500,450,2377650,534111,399001,135110,813333,882810,-69477,-65633
2020-04-16,28050,-1000,2608005,380030,594684,-214654,975909,1631550,-655641,870295
2020-04-14,29050,550,1524629,389695,398733,-9038,595470,504357,91113,-82075
2020-04-13,28500,-550,1725434,520964,786032,-265068,148532,292167,-143635,408703
2020-04-10,29050,950,2806027,1091358,722961,368397,216904,446984,-230080,-138317
2020-04-09,28100,250,1761149,645251,779943,-134692,451807,526062,-74255,208947
2020-04-08,27850,-650,2368197,432687,796596,-363909,960032,1073229,-113197,477106
2020-04-07,28500,1150,2830469,740127,682041,58086,1199292,866823,332469,-390555
2020-04-06,27350,800,2180878,777531,378912,398619,424338,960655,-536317,137698
2020-04-03,26550,-200,1925601,551925,637941,-86016,684053,773653,-89600,175616
2020-04-02,26750,0,2900222,864741,747892,116849,878371,1577982,-699611,582762
2020-04-01,26750,-1850,2216202,755105,960862,-205757,584340,899210,-314870,520627
2020-03-31,28600,1100,3312454,886464,1078495,-192031,1621596,1253073,368523,-176492
2020-03-30,27500,-900,2380561,898413,858351,40062,441282,877043,-435761,395699
2020-03-27,28400,1050,3397588,1235063,905863,329200,597056,1503610,-906554,577354
2020-03-26,27350,0,3837880,1196118,940600,255518,1104101,1706069,-601968,346450
2020-03-25,27350,3400,3088695,1135973,724625,411348,670224,1071952,-401728,-9620
2020-03-24,23950,1750,2261390,888850,787209,101641,531677,846656,-314979,213338
2020-03-23,22200,-2000,2185885,690247,1061452,-371205,524986,713154,-188168,559373
2020-03-20,24200,1750,3288066,1001737,1273599,-271862,1096616,1334318,-237702,509564
2020-03-19,22450,-1950,3227344,1062878,899034,163844,1167821,1659797,-491976,328132
2020-03-18,24400,-800,2406967,645080,726170,-81090,806262,1093631,-287369,368459
2020-03-17,25200,-1600,3565928,711810,642619,69191,1389886,2340251,-950365,881174
2020-03-16,26800,-700,2154315,422111,697374,-275263,918909,1061363,-142454,417717
2020-03-13,27500,-1600,4971131,1161246,1123768,37478,2288887,3103964,-815077,777599
2020-03-12,29100,-1250,3444605,1159511,1135439,24072,1540302,1916784,-376482,352410
2020-03-11,30350,200,2667358,637629,1197451,-559822,1365947,1008367,357580,202242
2020-03-10,30150,100,2142638,963646,671823,291823,684305,1130028,-445723,153900
2020-03-09,30050,-1850,2147355,674446,643276,31170,693651,1150186,-456535,425365
2020-03-06,31900,-850,1990965,332769,577714,-244945,1015625,1259659,-244034,488979
2020-03-05,32750,-400,2369004,502066,685026,-182960,1202906,1472966,-270060,453020
2020-03-04,33150,1100,2272463,745126,794717,-49591,1138840,1134032,4808,44783
2020-03-03,32050,-150,1761429,610378,691943,-81565,819656,897785,-78129,159694
2020-03-02,32200,-100,2163670,840939,693968,146971,891098,1231835,-340737,193766
2020-02-28,32300,-1200,3505067,911335,563795,347540,2004350,2543506,-539156,191616
2020-02-27,33500,-650,2489863,694078,505839,188239,1218272,1831117,-612845,424606
2020-02-26,34150,-50,2480717,776605,799343,-22738,1347581,1470147,-122566,145304
2020-02-25,34200,200,2156551,780889,682998,97891,909661,1202606,-292945,195054
2020-02-24,34000,-1650,2434887,604769,649591,-44822,1063365,1455873,-392508,437330
2020-02-21,35650,-550,1481281,372963,561242,-188279,757276,702831,54445,133834
2020-02-20,36200,-350,1264239,328743,564874,-236131,592105,556397,35708,200423
2020-02-19,36550,100,2347513,463469,475231,-11762,1557673,1636377,-78704,90466
2020-02-18,36450,-450,1335554,292518,612506,-319988,599011,542317,56694,263294
2020-02-17,36900,-850,2254735,436849,476452,-39603,930208,1491855,-561647,601250
2020-02-14,37750,-150,1047254,389379,386038,3341,367904,521380,-153476,150135
2020-02-13,37900,-550,1738102,463300,503207,-39907,745945,1135064,-389119,429026
2020-02-12,38450,-50,1616452,420494,435234,-14740,876915,1071125,-194210,208950
2020-02-11,38500,350,1326970,340652,504651,-163999,787703,618429,169274,-5275
2020-02-10,38150,-1000,1774106,322331,538614,-216283,710024,1129111,-419087,635370
2020-02-07,39150,-650,1448392,286381,552921,-266540,589833,810246,-220413,486953
2020-02-06,39800,550,1482420,623235,359954,263281,471536,847295,-375759,112478
2020-02-05,39250,350,1495014,347453,564653,-217200,745603,799509,-53906,271106
2020-02-04,38900,-400,1734995,331152,762635,-431483,903960,905018,-1058,432541
2020-02-03,39300,150,1508584,543401,625539,-82138,846919,779383,67536,14602
2020-01-31,39150,-750,1285828,482566,431494,51072,574585,775360,-200775,149703
2020-01-30,39900,100,1064052,318311,520705,-202394,573471,475807,97664,104730
2020-01-29,39800,-350,1001549,281456,648697,-367241,447827,308318,139509,227732
2020-01-28,40150,-1050,1463667,636183,647720,-11537,526614,643546,-116932,128469
2020-01-23,41200,200,894645,326081,569184,-243103,368258,272558,95700,147403
2020-01-22,41000,-400,1166603,529095,365420,163675,411236,763437,-352201,188526
2020-01-21,41400,100,1333154,682048,299688,382360,564787,963111,-398324,15964
2020-01-20,41300,250,1139491,499938,470003,29935,540633,513524,27109,-57044
2020-01-17,41050,-250,1370331,450830,511703,-60873,754930,777101,-22171,83044
2020-01-16,41300,-200,1360022,399895,584153,-184258,740803,718067,22736,161522
2020-01-15,41500,-350,1158426,593972,538150,55822,372422,559284,-186862,131040
2020-01-14,41850,100,1200364,452524,498029,-45505,582408,614199,-31791,77296
2020-01-13,41750,400,988398,315302,520441,-205139,576955,347345,229610,-24471
2020-01-10,41350,-850,1405033,474828,561243,-86415,528422,686129,-157707,244122
2020-01-09,42200,200,1254533,666235,649942,16293,450022,558253,-108231,91938
2020-01-08,42000,-750,1122496,329146,595405,-266259,613200,460073,153127,113132
2020-01-07,42750,650,759544,295518,451713,-156195,397719,250588,147131,9064
2020-01-06,42100,-650,719169,268039,526972,-258933,326926,142488,184438,74495
2020-01-03,42750,150,963717,225811,706227,-480416,591333,210505,380828,99588
2020-01-02,42600,-750,772880,250479,509899,-259420,341909,195489,146420,113000
2019-12-30,43350,-750,1151434,332091,629330,-297239,513386,468792,44594,252645
2019-12-27,44100,-1650,1181670,394203,879833,-485630,433650,219494,214156,271474
2019-12-26,45750,200,550143,398980,215351,183629,25164,66737,-41573,-142056
2019-12-24,45550,-250,731294,478773,435735,43038,139547,197010,-57463,14425
2019-12-23,45800,450,686108,431539,392475,39064,188348,212330,-23982,-15082
2019-12-20,45350,-100,1161672,498221,434791,63430,546314,655019,-108705,45275
2019-12-19,45450,150,940960,283733,474552,-190819,618682,395928,222754,-31935
2019-12-18,45300,950,1297107,286921,542780,-255859,961652,568770,392882,-137023
2019-12-17,44350,-50,1546289,446216,885988,-439772,871655,586976,284679,155093
2019-12-16,44400,-1250,1360019,540513,709428,-168915,650499,545244,105255,63660
2019-12-13,45650,1450,1384408,583180,468757,114423,724124,626423,97701,-212124
2019-12-12,44200,550,2231245,1505872,1116005,389867,674966,1006001,-331035,-58832
2019-12-11,43650,-400,1118191,491735,324347,167388,552336,765650,-213314,45926
2019-12-10,44050,-50,730172,275105,239332,35773,426527,437681,-11154,-24619
2019-12-09,44100,350,763089,307550,317160,-9610,405526,307858,97668,-88058
2019-12-06,43750,350,601523,239737,239768,-31,347918,326568,21350,-21319
2019-12-05,43400,50,1008145,269441,355142,-85701,683367,631315,52052,33649
2019-12-04,43350,-100,1008097,306540,510581,-204041,632408,470764,161644,42397
2019-12-03,43450,-150,819497,340597,384864,-44267,430736,414719,16017,28250
2019-12-02,43600,50,602272,363519,250916,112603,208691,333519,-124828,12225
2019-11-29,43550,-950,991502,445178,403409,41769,368108,554928,-186820,145051
2019-11-28,44500,-150,532711,329846,255670,74176,176013,230676,-54663,-19513
2019-11-27,44650,-300,924878,350458,279763,70695,508027,571726,-63699,-6996
2019-11-26,44950,600,2152647,555931,422093,133838,1557876,1570014,-12138,-121700
2019-11-25,44350,150,1182531,500985,314294,186691,587710,694898,-107188,-79503
2019-11-22,44200,600,883071,324225,388619,-64394,513504,410235,103269,-38875
2019-11-21,43600,-600,1156886,534810,325926,208884,504721,794679,-289958,81074
2019-11-20,44200,450,956873,268305,411212,-142907,570223,366164,204059,-61152
2019-11-19,43750,50,766646,263176,435853,-172677,364156,285412,78744,93933
2019-11-18,43700,-100,889814,312825,373647,-60822,487311,495492,-8181,69003
2019-11-15,43800,100,972681,583707,269932,313775,360992,508789,-147797,-165978
2019-11-14,43700,400,1036221,576677,403083,173594,416864,580581,-163717,-9877
2019-11-13,43300,-300,597487,202541,280381,-77840,330409,299982,30427,47413
2019-11-12,43600,250,550187,291422,306332,-14910,240007,212602,27405,-12495
2019-11-11,43350,-500,670867,274993,275568,-575,365365,369087,-3722,4297
합계,,,521513704,153685037,148445714,5239323,158130166,202911192,-44781026,39541703
