날짜,종가,대비,거래량,기관 매수,기관 매도,기관 순매수,외국인 매수,외국인 매도,외국인 순매수,개인 순매수
2020-11-11,801000,4000,116090,32253,32343,-90,21385,52488,-31103,31193
2020-11-10,797000,-47000,172812,33893,52889,-18996,25203,92504,-67301,86297
2020-11-09,844000,-4000,71482,26258,25175,1083,22899,27343,-4444,3361
2020-11-06,848000,5000,91315,25452,24817,635,40445,32131,8314,-8949
2020-11-05,843000,6000,108701,37300,31764,5536,44880,34181,10699,-16235
2020-11-04,837000,55000,197108,76785,28129,48656,76545,21262,55283,-103939
2020-11-03,782000,4000,48350,25139,13316,11823,7721,23692,-15971,4148
2020-11-02,778000,2000,48696,28815,16874,11941,8546,21217,-12671,730
2020-10-30,776000,-37000,92285,29992,21483,8509,28033,52083,-24050,15541
2020-10-29,813000,11000,88029,45077,21446,23631,27142,28452,-1310,-22321
2020-10-28,802000,20000,78286,36108,19881,16227,28031,37302,-9271,-6956
2020-10-27,782000,-14000,81633,32460,20860,11600,25839,44472,-18633,7033
2020-10-26,796000,0,49132,31654,16809,14845,5230,13194,-7964,-6881
2020-10-23,796000,-15000,80718,35848,24972,10876,18669,39267,-20598,9722
2020-10-22,811000,2000,85163,39422,13211,26211,28275,32822,-4547,-21664
2020-10-21,809000,15000,108005,44629,11936,32693,41596,41193,403,-33096
2020-10-20,794000,23000,147983,49328,20712,28616,75761,46669,29092,-57708
2020-10-19,771000,4000,105467,30951,15743,15208,54477,41059,13418,-28626
2020-10-16,767000,17000,135943,29891,25896,3995,82922,37315,45607,-49602
2020-10-15,750000,-2000,72571,11613,25525,-13912,35800,21493,14307,-395
2020-10-14,752000,-2000,94309,11449,13192,-1743,60462,62969,-2507,4250
2020-10-13,754000,0,77742,11505,22447,-10942,35498,35489,9,10933
2020-10-12,754000,3000,123601,16311,21852,-5541,67209,63569,3640,1901
2020-10-08,751000,-17000,226092,30005,65384,-35379,85927,121787,-35860,71239
2020-10-07,768000,-20000,172973,30243,64766,-34523,22562,72781,-50219,84742
2020-10-06,788000,-1000,69582,15827,20736,-4909,27722,35094,-7372,12281
2020-10-05,789000,-17000,111800,29858,20876,8982,44298,70517,-26219,17237
2020-09-29,806000,7000,76019,16141,25466,-9325,38990,31070,7920,1405
2020-09-28,799000,15000,76993,28550,22511,6039,36777,21155,15622,-21661
2020-09-25,784000,-3000,67824,16937,16730,207,33873,32531,1342,-1549
2020-09-24,787000,-18000,81161,25951,25997,-46,21168,30484,-9316,9362
2020-09-23,805000,18000,107700,43370,36249,7121,40930,21428,19502,-26623
2020-09-22,787000,-17000,101535,20557,34423,-13866,16678,39566,-22888,36754
2020-09-21,804000,-17000,65547,28245,20492,7753,6192,22338,-16146,8393
2020-09-18,821000,16000,83953,23187,14261,8926,44728,40393,4335,-13261
2020-09-17,805000,-17000,91497,18959,25101,-6142,11402,42825,-31423,37565
2020-09-16,822000,-2000,91741,24234,18598,5636,27057,27342,-285,-5351
2020-09-15,824000,-6000,70656,20635,15423,5212,18608,30535,-11927,6715
2020-09-14,830000,12000,72282,27042,17148,9894,17856,20909,-3053,-6841
2020-09-11,818000,-12000,99961,25237,20752,4485,21899,45150,-23251,18766
2020-09-10,830000,39000,172103,69313,44565,24748,54693,26318,28375,-53123
2020-09-09,791000,-20000,102424,20764,28899,-8135,10224,46288,-36064,44199
2020-09-08,811000,-1000,54468,12667,16021,-3354,7506,15798,-8292,11646
2020-09-07,812000,-1000,69441,9624,25953,-16329,9969,24833,-14864,31193
2020-09-04,813000,-22000,123738,16918,31892,-14974,11531,59020,-47489,62463
2020-09-03,835000,-15000,70056,13881,21941,-8060,12877,21768,-8891,16951
2020-09-02,850000,22000,108559,29228,18538,10690,55996,32943,23053,-33743
2020-09-01,828000,3000,98347,21282,25361,-4079,43871,50716,-6845,10924
2020-08-31,825000,-31000,135345,34565,34312,253,29422,65565,-36143,35890
2020-08-28,856000,-7000,99519,42485,24195,18290,12244,39660,-27416,9126
2020-08-27,863000,45000,232351,102988,29602,73386,65919,44268,21651,-95037
2020-08-26,818000,-8000,93233,18131,23978,-5847,30275,28505,1770,4077
2020-08-25,826000,-15000,101156,21871,29575,-7704,21569,29603,-8034,15738
2020-08-24,841000,18000,106150,26881,23149,3732,51796,38303,13493,-17225
2020-08-21,823000,40000,158623,33566,27058,6508,75945,41831,34114,-40622
2020-08-20,783000,-58000,271930,37960,63416,-25456,45363,139454,-94091,119547
2020-08-19,841000,7000,175606,23594,30850,-7256,91912,103344,-11432,18688
2020-08-18,834000,-38000,170816,60611,34524,26087,31524,77524,-46000,19913
2020-08-14,872000,-25000,133502,39300,25599,13701,30069,49356,-19287,5586
2020-08-13,897000,47000,363276,129978,66365,63613,101585,36263,65322,-128935
2020-08-12,850000,10000,94342,23698,24198,-500,20765,19207,1558,-1058
2020-08-11,840000,-1000,113783,29926,30821,-895,32328,26621,5707,-4812
2020-08-10,841000,-24000,112532,30674,34675,-4001,12308,30015,-17707,21708
2020-08-07,865000,11000,141611,31782,36497,-4715,26020,25553,467,4248
2020-08-06,854000,8000,98102,22396,24714,-2318,35060,26563,8497,-6179
2020-08-05,846000,0,69372,14896,22402,-7506,13977,18568,-4591,12097
2020-08-04,846000,2000,122293,17924,35991,-18067,44461,42998,1463,16604
2020-08-03,844000,33000,152000,45622,27581,18041,34552,36970,-2418,-15623
2020-07-31,811000,-14000,101033,13479,25674,-12195,26725,35005,-8280,20475
2020-07-30,825000,13000,137745,25825,27518,-1693,55286,55489,-203,1896
2020-07-29,812000,18000,179741,46349,37393,8956,41655,62476,-20821,11865
2020-07-28,794000,9000,177440,31837,42782,-10945,57164,73673,-16509,27454
2020-07-27,785000,-17000,145319,20977,22841,-1864,51364,65293,-13929,15793
2020-07-24,802000,-9000,197544,30473,35677,-5204,45594,79148,-33554,38758
2020-07-23,811000,-50000,339183,39720,92132,-52412,50619,172949,-122330,174742
2020-07-22,861000,2000,93362,21389,32908,-11519,28791,27088,1703,9816
2020-07-21,859000,0,127020,22827,30732,-7905,56330,65723,-9393,17298
2020-07-20,859000,-21000,117063,16079,33388,-17309,53217,48005,5212,12097
2020-07-17,880000,1000,84865,14671,20161,-5490,29577,29093,484,5006
2020-07-16,879000,-49000,199187,24397,57300,-32903,42167,68897,-26730,59633
2020-07-15,928000,-18000,110775,30594,38361,-7767,22589,38953,-16364,24131
2020-07-14,946000,-19000,91158,26872,33719,-6847,21489,32452,-10963,17810
2020-07-13,965000,21000,117007,26270,22739,3531,45351,23462,21889,-25420
2020-07-10,944000,-3000,128027,36194,45350,-9156,27331,32872,-5541,14697
2020-07-09,947000,2000,130821,45852,38111,7741,32394,57662,-25268,17527
2020-07-08,945000,-17000,132370,32455,34458,-2003,23434,63268,-39834,41837
2020-07-07,962000,-33000,187793,33305,34868,-1563,42039,124897,-82858,84421
2020-07-06,995000,51000,138049,43444,31738,11706,39436,36146,3290,-14996
2020-07-03,944000,-20000,81378,20951,18657,2294,15991,32909,-16918,14624
2020-07-02,964000,71000,220292,40047,28420,11627,139359,107185,32174,-43801
2020-07-01,893000,2000,74232,23738,22025,1713,25407,37667,-12260,10547
2020-06-30,891000,1000,97938,31862,26942,4920,25222,37596,-12374,7454
2020-06-29,890000,-19000,80756,23343,29053,-5710,21937,27121,-5184,10894
2020-06-26,909000,-3000,84137,14391,24190,-9799,32936,40790,-7854,17653
2020-06-25,912000,-31000,88590,16550,40744,-24194,17289,30113,-12824,37018
2020-06-24,943000,23000,91604,18594,24152,-5558,35137,33962,1175,4383
2020-06-23,920000,32000,143448,38722,51102,-12380,41646,25355,16291,-3911
2020-06-22,888000,31000,113368,31134,27299,3835,45770,24350,21420,-25255
2020-06-19,857000,25000,99988,26859,32525,-5666,48909,40391,8518,-2852
2020-06-18,832000,-34000,115343,22763,27382,-4619,29701,69688,-39987,44606
2020-06-17,866000,-9000,113585,29694,35175,-5481,40256,50025,-9769,15250
2020-06-16,875000,65000,149986,51906,44815,7091,63392,42440,20952,-28043
2020-06-15,810000,-14000,152388,55915,49779,6136,39711,45220,-5509,-627
2020-06-12,824000,-1000,107916,42363,30984,11379,36280,40891,-4611,-6768
2020-06-11,825000,3000,131861,56348,56373,-25,41322,43951,-2629,2654
2020-06-10,822000,22000,127949,40581,28608,11973,51039,25947,25092,-37065
2020-06-09,800000,3000,78631,27771,30208,-2437,32321,28804,3517,-1080
2020-06-08,797000,-8000,71804,19999,30106,-10107,27105,26680,425,9682
2020-06-05,805000,5000,70207,28094,28881,-787,23369,12667,10702,-9915
2020-06-04,800000,8000,104491,43476,45730,-2254,34747,27273,7474,-5220
2020-06-03,792000,-18000,120560,45307,63362,-18055,19210,28486,-9276,27331
2020-06-02,810000,-6000,67525,22605,33191,-10586,15341,20873,-5532,16118
2020-06-01,816000,26000,84776,26186,23584,2602,35080,12650,22430,-25032
2020-05-29,790000,-2000,106253,20744,32785,-12041,61181,46484,14697,-2656
2020-05-28,792000,5000,111114,37068,39442,-2374,34468,33809,659,1715
2020-05-27,787000,-14000,93977,20397,36444,-16047,27148,26678,470,15577
2020-05-26,801000,-11000,114011,34410,39398,-4988,15028,35179,-20151,25139
2020-05-25,812000,22000,103070,36585,25946,10639,11085,17146,-6061,-4578
2020-05-22,790000,-2000,93494,27685,35651,-7966,30696,24178,6518,1448
2020-05-21,792000,42000,208754,43352,56938,-13586,99594,53726,45868,-32282
2020-05-20,750000,18000,89022,22064,19562,2502,46193,28923,17270,-19772
2020-05-19,732000,5000,111353,29848,43861,-14013,54946,29105,25841,-11828
2020-05-18,727000,-18000,110727,27939,31965,-4026,29312,46246,-16934,20960
2020-05-15,745000,-8000,100195,31914,39392,-7478,26945,28634,-1689,9167
2020-05-14,753000,32000,214951,56532,54739,1793,81449,54570,26879,-28672
2020-05-13,721000,-26000,175101,52532,56102,-3570,25009,61820,-36811,40381
2020-05-12,747000,48000,344771,73682,73432,250,147177,56692,90485,-90735
2020-05-11,699000,20000,131682,32796,45722,-12926,36198,22865,13333,-407
2020-05-08,679000,33000,194176,39406,36781,2625,98097,29875,68222,-70847
2020-05-07,646000,5000,86250,27392,21590,5802,33489,24928,8561,-14363
2020-05-06,641000,17000,79496,29692,26275,3417,28812,20718,8094,-11511
2020-05-04,624000,-19000,127354,17757,59787,-42030,46918,45728,1190,40840
2020-04-29,643000,-5000,89309,27716,30050,-2334,38279,27631,10648,-8314
2020-04-28,648000,18000,100854,26564,26924,-360,38049,14444,23605,-23245
2020-04-27,630000,-23000,216386,41756,76645,-34889,25830,94891,-69061,103950
2020-04-24,653000,-8000,98673,21601,21663,-62,28910,32035,-3125,3187
2020-04-23,661000,-16000,104028,25872,22796,3076,20707,45173,-24466,21390
2020-04-22,677000,35000,139859,24763,29786,-5023,77689,26280,51409,-46386
2020-04-21,642000,0,124368,24857,29140,-4283,50035,50006,29,4254
2020-04-20,642000,-7000,116669,15733,37832,-22099,52203,45025,7178,14921
2020-04-17,649000,-6000,143976,22223,44331,-22108,47889,65382,-17493,39601
2020-04-16,655000,-1000,112493,31318,30786,532,53813,64136,-10323,9791
2020-04-14,656000,5000,80586,23169,20947,2222,39962,42064,-2102,-120
2020-04-13,651000,1000,50919,21919,23958,-2039,6487,8419,-1932,3971
2020-04-10,650000,-5000,87704,24628,33436,-8808,26730,33308,-6578,15386
2020-04-09,655000,-8000,163906,27862,78471,-50609,81459,63783,17676,32933
2020-04-08,663000,-12000,106457,31285,56580,-25295,33129,31237,1892,23403
2020-04-07,675000,-3000,99068,27283,43381,-16098,34883,26177,8706,7392
2020-04-06,678000,31000,97158,39390,21407,17983,41285,28526,12759,-30742
2020-04-03,647000,-9000,99891,37136,28078,9058,29414,44391,-14977,5919
2020-04-02,656000,38000,148473,46317,34861,11456,65468,60335,5133,-16589
2020-04-01,618000,-34000,123474,31748,46103,-14355,28747,37559,-8812,23167
2020-03-31,652000,28000,193212,55584,45811,9773,95761,81093,14668,-24441
2020-03-30,624000,2000,95800,52650,33606,19044,20819,40946,-20127,1083
2020-03-27,622000,-3000,167169,54733,47521,7212,75316,80574,-5258,-1954
2020-03-26,625000,-26000,171361,44622,55686,-11064,67796,87078,-19282,30346
2020-03-25,651000,2000,183766,49017,69665,-20648,73064,69828,3236,17412
2020-03-24,649000,77000,236136,83083,50391,32692,109734,107837,1897,-34589
2020-03-23,572000,5000,175741,57146,51117,6029,75100,71004,4096,-10125
2020-03-20,567000,37000,236382,91663,43586,48077,96678,138376,-41698,-6379
2020-03-19,530000,-40000,400206,139869,64276,75593,154192,223095,-68903,-6690
2020-03-18,570000,-7000,211341,73658,35829,37829,82073,118364,-36291,-1538
2020-03-17,577000,-18000,271203,64196,32368,31828,144115,195779,-51664,19836
2020-03-16,595000,-46000,201806,51109,43211,7898,84410,125351,-40941,33043
2020-03-13,641000,0,229329,102603,50624,51979,87862,136050,-48188,-3791
2020-03-12,641000,-25000,178886,77281,52507,24774,74635,98692,-24057,-717
2020-03-11,666000,-10000,112122,39839,45839,-6000,46616,49131,-2515,8515
2020-03-10,676000,-4000,117053,58565,44659,13906,29018,51296,-22278,8372
2020-03-09,680000,-20000,93380,43281,27914,15367,26564,46369,-19805,4438
2020-03-06,700000,-11000,94325,29488,29327,161,47908,52354,-4446,4285
2020-03-05,711000,-9000,115007,36232,50549,-14317,48281,50899,-2618,16935
2020-03-04,720000,41000,156369,37538,46994,-9456,87300,53891,33409,-23953
2020-03-03,679000,18000,111858,32809,45845,-13036,58746,43204,15542,-2506
2020-03-02,661000,12000,75909,28555,31240,-2685,37868,27802,10066,-7381
2020-02-28,649000,-5000,122145,39718,47212,-7494,63371,52538,10833,-3339
2020-02-27,654000,-18000,68808,24290,35102,-10812,21252,22344,-1092,11904
2020-02-26,672000,3000,89770,33803,33585,218,45423,45147,276,-494
2020-02-25,669000,6000,92439,35949,43051,-7102,42078,32744,9334,-2232
2020-02-24,663000,-6000,96037,30528,34876,-4348,48003,42451,5552,-1204
2020-02-21,669000,-7000,79837,25752,25495,257,35301,37547,-2246,1989
2020-02-20,676000,-11000,110032,33241,39044,-5803,47753,51809,-4056,9859
2020-02-19,687000,32000,140128,31814,26303,5511,87193,60054,27139,-32650
2020-02-18,655000,-3000,52270,14327,23197,-8870,24977,18124,6853,2017
2020-02-17,658000,1000,44676,15214,13593,1621,19334,18700,634,-2255
2020-02-14,657000,28000,157977,36327,31735,4592,101302,59731,41571,-46163
2020-02-13,629000,-21000,156229,33712,52513,-18801,63511,78745,-15234,34035
2020-02-12,650000,6000,172621,49038,56607,-7569,95578,84099,11479,-3910
2020-02-11,644000,-4000,120028,30172,48000,-17828,58970,50438,8532,9296
2020-02-10,648000,-24000,120937,35863,58109,-22246,36937,49644,-12707,34953
2020-02-07,672000,2000,58755,19467,29162,-9695,32797,25475,7322,2373
2020-02-06,670000,13000,79693,27132,28095,-963,42698,33081,9617,-8654
2020-02-05,657000,1000,69095,19704,45094,-25390,38566,14051,24515,875
2020-02-04,656000,16000,71409,18951,35300,-16349,40920,24313,16607,-258
2020-02-03,640000,4000,94982,28140,43556,-15416,54564,39765,14799,617
2020-01-31,636000,-19000,107016,30995,47678,-16683,52509,39898,12611,4072
2020-01-30,655000,6000,77424,17640,32861,-15221,42143,30898,11245,3976
2020-01-29,649000,5000,80218,17693,38978,-21285,46931,31584,15347,5938
2020-01-28,644000,-2000,90471,35873,35597,276,44350,33977,10373,-10649
2020-01-23,646000,3000,51057,19773,31062,-11289,23697,7919,15778,-4489
2020-01-22,643000,11000,56758,20473,21779,-1306,24387,23774,613,693
2020-01-21,632000,2000,59896,24414,27226,-2812,13621,19256,-5635,8447
2020-01-20,630000,-1000,40779,20312,21669,-1357,11357,11133,224,1133
2020-01-17,631000,-1000,49319,17579,24367,-6788,20423,15293,5130,1658
2020-01-16,632000,13000,79907,23753,25336,-1583,45277,33354,11923,-10340
2020-01-15,619000,9000,56839,14038,24713,-10675,35863,17705,18158,-7483
2020-01-14,610000,-4000,64120,20176,27286,-7110,33589,24593,8996,-1886
2020-01-13,614000,6000,66084,13349,35227,-21878,43507,17307,26200,-4322
2020-01-10,608000,0,53031,14261,26721,-12460,28159,12629,15530,-3070
2020-01-09,608000,4000,71171,27246,26140,1106,32841,31226,1615,-2721
2020-01-08,604000,10000,109267,39111,37899,1212,55323,33101,22222,-23434
2020-01-07,594000,15000,84378,35709,24001,11708,39322,25375,13947,-25655
2020-01-06,579000,14000,107006,23590,37682,-14092,67988,25232,42756,-28664
2020-01-03,565000,24000,112404,31330,34662,-3332,61318,23790,37528,-34196
2020-01-02,541000,0,40246,16614,23978,-7364,16252,10133,6119,1245
2019-12-30,541000,0,36232,14094,12076,2018,15346,15993,-647,-1371
2019-12-27,541000,4000,50220,11263,18087,-6824,17678,14665,3013,3811
2019-12-26,537000,4000,43562,14093,5406,8687,9062,5717,3345,-12032
2019-12-24,533000,-7000,33551,12880,14909,-2029,10878,7909,2969,-940
2019-12-23,540000,1000,43978,15875,7331,8544,24778,10269,14509,-23053
2019-12-20,539000,6000,65798,7183,10882,-3699,53470,30180,23290,-19591
2019-12-19,533000,-8000,63932,14156,27471,-13315,34998,23005,11993,1322
2019-12-18,541000,2000,37838,13584,17419,-3835,19659,9668,9991,-6156
2019-12-17,539000,-3000,68773,23009,19290,3719,37091,33262,3829,-7548
2019-12-16,542000,4000,59733,17189,16952,237,34207,22556,11651,-11888
2019-12-13,538000,2000,81844,25799,31508,-5709,40851,32503,8348,-2639
2019-12-12,536000,-9000,152110,60972,73667,-12695,70245,57924,12321,374
2019-12-11,545000,5000,77125,23513,31515,-8002,43331,22821,20510,-12508
2019-12-10,540000,0,66681,14274,25678,-11404,41955,27584,14371,-2967
2019-12-09,540000,1000,68853,18654,17857,797,36482,26356,10126,-10923
2019-12-06,539000,37000,199337,63579,38628,24951,105346,46610,58736,-83687
2019-12-05,502000,2000,118540,22392,23028,-636,75978,63755,12223,-11587
2019-12-04,500000,15000,153060,69630,23902,45728,52101,66713,-14612,-31116
2019-12-03,485000,-2000,109541,31056,34579,-3523,41262,47761,-6499,10022
2019-12-02,487000,-6000,176172,51083,69405,-18322,57594,54092,3502,14820
2019-11-29,493000,-6000,168117,31577,43751,-12174,82089,86490,-4401,16575
2019-11-28,499000,-6000,170595,52654,89611,-36957,59680,32915,26765,10192
2019-11-27,505000,-16000,305519,87304,139068,-51764,91207,81433,9774,41990
2019-11-26,521000,-14000,188666,52905,47456,5449,69701,119787,-50086,44637
2019-11-25,535000,2000,69441,25767,35827,-10060,21686,24529,-2843,12903
2019-11-22,533000,-8000,58118,20093,16679,3414,21949,32174,-10225,6811
2019-11-21,541000,-15000,112569,42186,33715,8471,51600,70223,-18623,10152
2019-11-20,556000,-5000,53708,31461,24487,6974,12927,20980,-8053,1079
2019-11-19,561000,8000,80813,40308,41963,-1655,30605,16796,13809,-12154
2019-11-18,553000,4000,83408,32342,26963,5379,40377,38044,2333,-7712
2019-11-15,549000,23000,90461,44675,31779,12896,30325,11284,19041,-31937
2019-11-14,526000,3000,57581,29826,34682,-4856,17452,13767,3685,1171
2019-11-13,523000,-11000,86729,21853,30892,-9039,20930,43293,-22363,31402
2019-11-12,534000,12000,48897,16358,16417,-59,20405,22576,-2171,2230
2019-11-11,522000,-7000,54526,16073,22574,-6501,23256,25672,-2416,8917
합계,,,28815320,8187031,8461491,-274460,10658480,10956913,-298433,572893
