,Unnamed: 0,날짜,종가,대비,거래량,기관 매수,기관 매도,기관 순매수,외국인 매수,외국인 매도,외국인 순매수,개인 순매수,개인 매수,개인 매도,개인매수비율(%),개인매수비율증가(%p),개인매도비율(%),개인매도비율증가(%p),개인 순매수비율,기관 순매수비율,외국인 순매수비율
0,0,2020-11-11,47250.0,2550.0,3407691,884544,854532,30012,1762715,522588,1240127,-1270139,760432,2030571,22.315168834263435,,59.58788516916586,,-37.272716334902434,0.8807136562558049,36.39200267864663
1,1,2020-11-10,44700.0,1750.0,2913985,1396830,796542,600288,844863,578974,265889,-866177,672292,1538469,23.071223770884203,0.7560549366207674,52.79605076896415,-6.791834400201715,-29.724826998079948,20.60024330941992,9.124583688660032
2,2,2020-11-09,42950.0,300.0,1350713,629356,326852,302504,342785,446503,-103718,-198786,378572,577358,28.027567662412373,4.956343891528171,42.74468373370213,-10.051367035262023,-14.717116071289755,22.395875363604258,-7.678759292314504
3,3,2020-11-06,42650.0,-250.0,1403645,462238,485593,-23355,487379,458247,29132,-5777,454028,459805,32.34635538188075,4.318787719468375,32.75792668374126,-9.986757049960863,-0.41157130186051316,-1.6638822494291647,2.075453551289678
4,4,2020-11-05,42900.0,1350.0,2077254,730164,696842,33322,811022,526355,284667,-317989,536068,854057,25.806569634719683,-6.5397857471610665,41.11471201884796,8.3567853351067,-15.308142384128278,1.6041370000972437,13.704005384031033
5,5,2020-11-04,41550.0,-1100.0,2640754,831033,1423294,-592261,616188,564361,51827,540434,1193533,653099,45.19667488906578,19.390105254346093,24.73153500856195,-16.383177010286012,20.465139880503827,-22.427723294180375,1.9625834136765485
6,6,2020-11-03,42650.0,650.0,1535972,561080,313972,247108,591781,539127,52654,-299762,383111,682873,24.942577078227988,-20.254097810837788,44.45868804900089,19.727153040438946,-19.516110970772903,16.088053688478695,3.4280572822942084
7,7,2020-11-02,42000.0,1900.0,1789683,866684,497246,369438,574651,559173,15478,-384916,348348,733264,19.464229140020887,-5.478347938207103,40.97172516026581,-3.4869628887350785,-21.507496020244925,20.642650122954734,0.8648458972901905
8,8,2020-10-30,40100.0,-900.0,1936145,458729,543965,-85236,558237,842995,-284758,369994,919179,549185,47.47469843425984,28.01046929423895,28.364869366705488,-12.606855793560321,19.10982906755434,-4.402356228484954,-14.707472839069387
9,9,2020-10-29,41000.0,-1050.0,1903504,368936,675072,-306136,556345,791516,-235171,541307,978223,436916,51.390645882540824,3.915947448280996,22.953248325193965,-5.411621041511535,28.437397557346873,-16.082761055400987,-12.354636501945885
10,10,2020-10-28,42050.0,300.0,1186091,376885,506374,-129489,351796,276088,75708,53781,457410,403629,38.564494629838684,-12.826151252702148,34.03018824019405,11.076939915000093,4.534306389644639,-10.917290494574194,6.382984104929554
11,11,2020-10-27,41750.0,-650.0,2088168,567027,747669,-180642,910923,761456,149467,31175,610218,579043,29.222648752399234,-9.341845877439448,27.72971331808552,-6.300474922108531,1.4929354343137142,-8.65074074499753,7.157805310683814
12,12,2020-10-26,42400.0,150.0,2149785,894045,683473,210572,635927,690134,-54207,-156365,619813,776178,28.831394767383717,-0.391253985015517,36.10491281686309,8.375199498777565,-7.2735180494793665,9.79502601422933,-2.521507964749963
13,13,2020-10-23,42250.0,350.0,2912806,1161290,792735,368555,819297,647770,171527,-540082,932219,1472301,32.004156816485555,3.1727620491018307,50.545796733459085,14.440883916595993,-18.54163991697353,12.652919555919619,5.888720361053911
14,14,2020-10-22,41900.0,450.0,2432512,931314,710683,220631,778912,517339,261573,-482204,722286,1204490,29.693008708692908,-2.31114810779264,49.51630248894969,-1.0294942445093866,-19.823293780256787,9.070088862870975,10.753204917385814
15,15,2020-10-21,41450.0,700.0,2378411,1188187,490004,698183,610759,841352,-230593,-467590,579465,1047055,24.363535150148568,-5.3294735585443425,44.02329958951586,-5.493002899433834,-19.65976443936729,29.35501896013767,-9.69525452077038
16,16,2020-10-20,40750.0,50.0,1531385,561009,510248,50761,229510,506632,-277122,226361,740866,514505,48.37882047950058,24.015285329352018,33.597364477254246,-10.425935112261614,14.781456002246333,3.314711845812777,-18.09616784805911
17,17,2020-10-19,40700.0,1300.0,2737109,1225562,559519,666043,736966,403916,333050,-999093,774581,1773674,28.299238356967148,-20.079582122533434,64.80099988710715,31.20363540985291,-36.501761530140016,24.333813523685027,12.167948006454987
18,18,2020-10-16,39400.0,350.0,1459454,441637,400370,41267,527545,403398,124147,-165414,490272,655686,33.592836773204226,5.293598416237078,44.92680139284965,-19.8741984942575,-11.333964619645428,2.8275642808886063,8.506400338756823
19,19,2020-10-15,39050.0,300.0,1506358,448331,400359,47972,512032,736699,-224667,176695,545995,369300,36.246031819793174,2.653195046588941,24.516084489875578,-20.410716902974073,11.72994732991759,3.184634728265127,-14.914582058182717
20,20,2020-10-14,38750.0,-1450.0,2599729,562347,812844,-250497,543081,1224800,-681719,932216,1494301,562085,57.47910647609808,21.233074656304915,21.62090740996465,-2.895177079910926,35.85819906613343,-9.635504316026786,-26.222694750106644
21,21,2020-10-13,40200.0,-550.0,1829831,780327,699391,80936,509128,580313,-71185,-9751,540376,550127,29.53147039262096,-27.947636083477125,30.06436113499007,8.44345372502541,-0.532890742369104,4.423140716273798,-3.890249973904694
22,22,2020-10-12,40750.0,900.0,2172164,1095048,604682,490366,686256,616436,69820,-560186,390860,951046,17.994037282636118,-11.537433109984839,43.78334232590173,13.718981190911665,-25.78930504326561,22.574998941148092,3.21430610211752
23,23,2020-10-08,39850.0,-50.0,1601362,468032,686826,-218794,643101,399324,243777,-24983,490229,515212,30.613252968410638,12.619215685774524,32.17336242523552,-11.609979900666213,-1.560109456824878,-13.662994376037398,15.223103832862275
24,24,2020-10-07,39900.0,900.0,1673843,843608,400291,443317,480736,487322,-6586,-436731,349499,786230,20.880034746389,-9.733218222021645,46.97154990043869,14.798187475203171,-26.09151515404969,26.484980968943923,-0.39346581489422844
25,25,2020-10-06,39000.0,-50.0,1696809,583113,539609,43504,378523,440333,-61810,18306,735173,716867,43.32679753584522,22.446762789456223,42.2479489441652,-4.7236009562734935,1.07884859168003,2.563871360889764,-3.642719952569794
26,26,2020-10-05,39050.0,1500.0,2800737,1076419,435049,641370,1197017,563879,633138,-1274508,527301,1801809,18.827222977380604,-24.499574558464627,64.33338796181148,22.085439017646287,-45.50616498443088,22.90004380989718,22.606121174533705
27,27,2020-09-29,37550.0,-650.0,1950270,473026,361782,111244,569395,1176213,-606818,495574,907849,412275,46.549913601706436,27.72269062432584,21.139380701133692,-43.194007260677786,25.41053290057274,5.704030723951043,-31.114563624523782
28,28,2020-09-28,38200.0,0.0,988581,341778,221293,120485,334194,355103,-20909,-99576,312609,412185,31.62199152118036,-14.927922080526075,41.69461076027154,20.555230059137852,-10.072619239091182,12.187671015323984,-2.1150517762328023
29,29,2020-09-25,38200.0,1000.0,1918648,557147,524981,32166,1001054,328634,672420,-704586,360447,1065033,18.786510084184282,-12.835481436996082,55.50955672953036,13.814945969258835,-36.723046645346095,1.6764930305089834,35.046553614837116
30,30,2020-09-24,37200.0,-350.0,1637655,503178,490423,12755,614361,686446,-72085,59330,520116,460786,31.759802888886853,12.973292804702576,28.136939709523677,-27.372617020006693,3.6228631793631747,0.7788575737869087,-4.401720753150084
31,31,2020-09-23,37550.0,100.0,1596892,545052,500634,44418,595408,519069,76339,-120757,456432,577189,28.5825215481072,-3.1772813407796536,36.14452323638668,8.007583526863005,-7.562001688279483,2.7815281183699336,4.7804735699095495
32,32,2020-09-22,37450.0,-200.0,1538136,335779,594893,-259114,771819,371771,400048,-140934,430538,571472,27.99089287293191,-0.5916286751752864,37.15354168942148,1.0090184530347983,-9.16264881648957,-16.845974608227102,26.00862342471667
33,33,2020-09-21,37650.0,-100.0,1185153,371382,396454,-25072,386677,436098,-49421,74493,427094,352601,36.03703488072848,8.046142007796565,29.751517314642072,-7.402024374779407,6.285517566086404,-2.1155074492491686,-4.170010116837235
34,34,2020-09-18,37750.0,-200.0,1158360,372444,323077,49367,417217,601473,-184256,134889,368699,233810,31.829396733312613,-4.207638147415864,20.18457129044511,-9.566946024196964,11.644825442867502,4.261801167167374,-15.906626610034877
35,35,2020-09-17,37950.0,50.0,1128497,338966,497737,-158771,299255,293358,5897,152874,490276,337402,43.445042388238505,11.615645654925899,29.898351524195448,9.713780233750343,13.54669086404306,-14.06924431345409,0.5225534494110308
36,36,2020-09-16,37900.0,-450.0,1243553,256985,496734,-239749,300340,430480,-130140,369889,686228,316339,55.18285107269253,11.737808684454002,25.43832068275337,-4.460030841442086,29.74453038993915,-19.279355202391855,-10.465175187547294
37,37,2020-09-15,38350.0,50.0,1494998,383488,579628,-196140,428464,315204,113260,82880,683046,600166,45.68875677425656,-9.49409429843596,40.144936648744675,14.706615965991306,5.543820125511874,-13.11974999297658,7.575929867464706
38,38,2020-09-14,38300.0,1150.0,1794696,443529,379664,63865,916755,253050,663705,-727570,434412,1161982,24.20532502440525,-21.483431749851302,64.74533848629518,24.60040183755049,-40.54001346188993,3.5585413908539385,36.98147207103599
39,39,2020-09-11,37150.0,-400.0,1453185,310274,376035,-65761,266457,746059,-479602,545363,876454,331091,60.3126236508084,36.10729862640315,22.78381623812522,-41.96152224816995,37.52880741268318,-4.525301320891696,-33.00350609179148
40,40,2020-09-10,37550.0,50.0,1649298,623511,801952,-178441,529369,481487,47882,130559,496418,365859,30.098745041829915,-30.213878608978487,22.182710462269398,-0.6011057758558174,7.916034579560516,-10.81920914231388,2.903174562753365
41,41,2020-09-09,37500.0,-300.0,1325683,350502,553291,-202789,360339,332215,28124,174665,614842,440177,46.37926261406385,16.280517572233926,33.203790046338376,11.021079584068975,13.175472567725468,-15.296945046440213,2.1214724787147454
42,42,2020-09-08,37800.0,-450.0,1861721,482096,768346,-286250,257366,323411,-66045,352295,1122259,769964,60.28072949706213,13.901466882998285,41.35764703733803,8.153856990999657,18.923082459724093,-15.375558421482058,-3.547524038242035
43,43,2020-09-07,38250.0,1300.0,2246561,631904,596131,35773,741257,364410,376847,-412620,873400,1286020,38.877199417242615,-21.403530079819504,57.243938624413055,15.886291587075016,-18.366739207170426,1.5923449218605683,16.774394285309857
44,44,2020-09-04,36950.0,-450.0,1622570,367056,963310,-596254,277728,205315,72413,523841,977786,453945,60.26156036411372,21.384360946871094,27.976913168615216,-29.267025455797828,32.2846471954985,-36.7475055005331,4.462858305034605
45,45,2020-09-03,37400.0,-300.0,1493906,425088,600237,-175149,370514,407005,-36491,211640,698304,486664,46.743503272628935,-13.518057091484785,32.57661459288603,4.599701424270812,14.166888679742902,-11.724231645096813,-2.4426570346460887
46,46,2020-09-02,37700.0,300.0,1363294,475636,460768,14868,478399,423220,55179,-70047,409259,479306,30.01986365376801,-16.723639618860926,35.15793365187553,2.5813190589895,-5.138069998107525,1.090593811753004,4.047476186354521
47,47,2020-09-01,37400.0,550.0,1747651,559502,622765,-63263,740696,530155,210541,-147278,447453,594731,25.603109545326838,-4.416754108441168,34.030306966322215,-1.1276266855533097,-8.427197420995382,-3.619887494700029,12.047084915695411
48,48,2020-08-31,36850.0,-1150.0,3473865,808139,965458,-157319,1055119,1880789,-825670,982989,1610607,627618,46.363546079079065,20.760436533752227,18.06685061163862,-15.963456354683599,28.296695467440443,-4.528644607663223,-23.768050859777222
49,49,2020-08-28,38000.0,1050.0,3094558,1047289,662963,384326,1054727,602037,452690,-837016,992542,1829558,32.07378889004504,-14.289757189034027,59.12178734410536,41.054936732466736,-27.04799845406032,12.419414985920445,14.628583468139876
50,50,2020-08-27,36950.0,-150.0,1518005,259737,631948,-372211,475567,212885,262682,109529,782701,673172,51.56116086574155,19.48737197569651,44.3458354880254,-14.775951856079955,7.215325377716147,-24.519747958669438,17.30442258095329
51,51,2020-08-26,37100.0,-850.0,2118673,385859,961942,-576083,387614,716083,-328469,904552,1345200,440648,63.49257294542385,11.931412079682305,20.798301578393648,-23.547533909631753,42.69427136703021,-27.190746283168757,-15.503525083861454
52,52,2020-08-25,37950.0,1000.0,1577837,599470,697899,-98429,210291,146421,63870,34559,768076,733517,48.67904606115841,-14.813526884265444,46.4887691187366,25.69046754034295,2.190276942421809,-6.2382235934383585,4.04794665101655
53,53,2020-08-24,36950.0,200.0,1254718,397359,580454,-183095,368494,228616,139878,43217,488865,445648,38.9621412939003,-9.716904767258107,35.51778168480886,-10.970987433927741,3.4443596090914452,-14.592521985019742,11.148162375928296
54,54,2020-08-21,36750.0,300.0,1682480,503093,927495,-424402,182315,168128,14187,410215,997072,586857,59.262041747895964,20.299900453995658,34.880474062098806,-0.6373076227100539,24.381567685797158,-25.224787218867387,0.8432195330702297
55,55,2020-08-20,36450.0,-1550.0,2376891,578589,1077270,-498681,368072,266066,102006,396675,1430230,1033555,60.172300707100156,0.9102589592041924,43.48348325606853,8.603009193969733,16.68881745103162,-20.980389929534,4.291572478502379
56,56,2020-08-19,38000.0,-150.0,1283988,456569,478609,-22040,120492,231110,-110618,132658,706927,574269,55.05713449035349,-5.115166216746665,44.72541799456069,1.241934738492155,10.331716495792795,-1.7165269457346954,-8.6151895500581
57,57,2020-08-18,38150.0,-1650.0,2848865,813687,814926,-1239,942887,543420,399467,-398228,1092291,1490519,38.341269242312286,-16.715865248041204,52.3197483910259,7.594330396465202,-13.97847914871361,-0.04349100431224365,14.021970153025855
58,58,2020-08-14,39800.0,-1700.0,2859261,692770,673386,19384,666047,962998,-296951,277567,1500444,1222877,52.47663644557108,14.135367203258795,42.768988210590074,-9.550760180435816,9.707648234980997,0.6779374111002808,-10.385585646081278
59,59,2020-08-13,41500.0,1150.0,4253152,971247,1152137,-180890,1873734,734848,1138886,-957996,1408171,2366167,33.10888019050342,-19.36775625506766,55.633257405331385,12.864269194741304,-22.524377214827968,-4.253081009096313,26.77745822392428
60,60,2020-08-12,40350.0,1550.0,5024954,1401157,1418190,-17033,1097136,655814,441322,-424289,2526661,2950950,50.282271240691955,17.173391050188535,58.72591072475489,3.092653319423505,-8.443639484062938,-0.33896827712253685,8.782607761185476
61,61,2020-08-11,38800.0,1650.0,4668361,1498803,1131948,366855,1194269,484740,709529,-1076384,1975289,3051673,42.3122590562298,-7.970012184462156,65.36925914683975,6.643348422084862,-23.05700009060996,7.858325437985623,15.198674652624337
62,62,2020-08-10,37150.0,1000.0,2482203,773819,573073,200746,431173,162498,268675,-469421,1277211,1746632,51.454735974454955,9.14247691822515,70.36620292538525,4.996943778545487,-18.911466950930283,8.087412673338966,10.824054277591317
63,63,2020-08-07,36150.0,-400.0,1831365,328703,749946,-421243,646771,493773,152998,268245,855891,587646,46.73514018232303,-4.719595792131926,32.087868884684376,-38.27833404070086,14.647271297638646,-23.001586248508627,8.354314950869979
64,64,2020-08-06,36550.0,1050.0,3369375,1073137,877262,195875,1079363,423475,655888,-851763,1216875,2068638,36.11574846967168,-10.619391712651343,61.39530328324985,29.307434398565483,-25.279554813578187,5.813392691522909,19.466162122055277
65,65,2020-08-05,35500.0,0.0,1272456,300007,565008,-265001,391110,245747,145363,119638,581339,461701,45.68637343845288,9.570624968781203,36.28424086962536,-25.111062413624506,9.402132568827527,-20.82594604449977,11.423813475672244
66,66,2020-08-04,35500.0,250.0,1345023,459722,557018,-97296,351662,202492,149170,-51874,533639,585513,39.67508362310533,-6.011289815347553,43.53182064544622,7.247579775820853,-3.856737022340882,-7.233779645403834,11.090516667744716
67,67,2020-08-03,35250.0,0.0,1056472,296841,489843,-193002,234806,240117,-5311,198313,524825,326512,49.67713294815197,10.002049325046633,30.90588297654836,-12.625937668897851,18.771249971603602,-18.268539062085885,-0.5027109095177156
68,68,2020-07-31,35250.0,-700.0,1893355,312510,583030,-270520,604269,939336,-335067,605587,976576,370989,51.57912805575289,1.901995107600925,19.59426520647211,-11.311617770076252,31.984862849280773,-14.287864663520576,-17.696998185760197
69,69,2020-07-30,35950.0,-250.0,1773544,513409,596210,-82801,248792,567523,-318731,401532,1011343,609811,57.023846039342686,5.444717983589804,34.38375365933972,14.789488452867609,22.640092380002976,-4.668674698795181,-17.971417681207797
70,70,2020-07-29,36200.0,500.0,1543911,579216,601192,-21976,441382,289009,152373,-130397,523313,653710,33.89528282394516,-23.12856321539753,42.341171220361794,7.957417561022076,-8.445888396416633,-1.4233981103833058,9.869286506799938
71,71,2020-07-28,35700.0,250.0,1739731,521492,926484,-404992,499729,280556,219173,185819,718510,532691,41.30006305572528,7.404780231780123,30.61915893893941,-11.722012281422383,10.680904116785872,-23.27900117891789,12.59809706213202
72,72,2020-07-27,35450.0,50.0,1154928,456135,437543,18592,308583,244550,64033,-82625,390210,472835,33.786521757200454,-7.513541298524835,40.94064738234764,10.321488443408233,-7.154125625147195,1.6097973206987795,5.544328304448416
73,73,2020-07-24,35400.0,-450.0,1583429,372306,547222,-174916,395852,494869,-99017,273933,815271,541338,51.48768905962945,17.701167302429,34.18770276406457,-6.752944618283074,17.299986295564878,-11.046658865032786,-6.253327430532092
74,74,2020-07-23,35850.0,-350.0,1829737,428538,863971,-435433,429647,495861,-66214,501647,971552,469905,53.09790423432439,1.6102151746949431,25.681559699563376,-8.506143064501192,27.416344534761006,-23.797573093838075,-3.6187714409229303
75,75,2020-07-22,36200.0,-500.0,3174680,905649,1179185,-273536,756909,748222,8687,264849,1512122,1247273,47.63069033729384,-5.467213897030554,39.28814872680081,13.60658902723743,8.342541610493026,-8.616175488553177,0.27363387806015094
76,76,2020-07-21,36700.0,-200.0,2060791,887356,701654,185702,183633,514777,-331144,145442,989802,844360,48.03019811324874,0.39950777595490905,40.97261682528699,1.6844680984861853,7.057581287961758,9.01120006832328,-16.068781356285037
77,77,2020-07-20,36900.0,1250.0,2428100,1085562,540760,544802,565637,364235,201402,-746204,776901,1523105,31.996252213665013,-16.033945899583742,62.72826489848029,21.755648073193303,-30.732012684815288,22.43737902063342,8.294633664181871
78,78,2020-07-17,35650.0,-300.0,1595399,465253,533028,-67775,429602,465984,-36382,104157,700544,596387,43.910269468640756,11.914017254975755,37.38168320275994,-25.346581695720353,6.528586265880824,-4.248153596686471,-2.280432669194352
79,79,2020-07-16,35950.0,300.0,1721130,671699,513444,158255,286432,392043,-105611,-52644,762999,815643,44.33128235519688,0.4210128865561131,47.389970542608644,10.0082873398487,-3.0586881874117586,9.194831302690675,-6.136143115278916
80,80,2020-07-15,35650.0,550.0,2786466,1341544,802239,539305,510716,719013,-208297,-331008,934206,1265214,33.5265529886243,-10.804729366572573,45.40568591183241,-1.98428463077623,-11.879132923208106,19.354443944408438,-7.475311021200331
81,81,2020-07-14,35100.0,-250.0,973577,380318,519179,-138861,257257,212619,44638,94223,336002,241779,34.51211357704629,0.9855605884219898,24.83409119155445,-20.57159472027796,9.67802238549185,-14.26297046869431,4.584948083202459
82,82,2020-07-13,35350.0,1400.0,1765624,646839,445600,201239,620590,292406,328184,-529423,498195,1027618,28.216369963253783,-6.29574361379251,58.201406414955855,33.367315223401405,-29.98503645170206,11.39761353493156,18.587422916770503
83,83,2020-07-10,33950.0,-750.0,1914633,461756,813196,-351440,617241,702471,-85230,436670,835636,398966,43.64470893377478,15.42833897052099,20.83772712577293,-37.36367928918292,22.806981808001847,-18.35547595805567,-4.4515058499461775
84,84,2020-07-09,34700.0,-350.0,1962294,720297,916814,-196517,807211,691029,116182,80335,434786,354451,22.157026419078893,-21.487682514695877,18.063093501789233,-2.7746336239836964,4.093932917289662,-10.014656315516431,5.9207233982267695
85,85,2020-07-08,35050.0,-750.0,1613501,491402,589873,-98471,638644,719060,-80416,178887,483455,304568,29.96310507399748,7.806078654918579,18.876220095308284,0.8131265935190441,11.086884978689199,-6.102940128329639,-4.98394485035956
86,86,2020-07-07,35800.0,50.0,1837584,679263,707896,-28633,669455,412189,257266,-228633,488866,717499,26.60373621015421,-3.359368863843269,39.0457796759223,20.169559580614017,-12.442043465768096,-1.5581872719832128,14.000230737751309
87,87,2020-07-06,35750.0,950.0,2081699,566722,460993,105729,1057296,623327,433969,-539698,457681,997379,21.98593552670199,-4.6178006834522165,47.911777831473245,8.86599815555094,-25.925842304771248,5.078976355371261,20.846865949399984
88,88,2020-07-03,34800.0,350.0,1032764,410562,358389,52173,378698,239696,139002,-191175,243504,434679,23.57789388475973,1.5919583580577417,42.088899303229006,-5.822878528244232,-18.511005418469274,5.051783369675937,13.459222048793334
89,89,2020-07-02,34450.0,50.0,1944623,457446,409510,47936,1138009,1198827,-60818,12882,349168,336286,17.955562594909143,-5.622331289850589,17.293120568871192,-24.795778734357814,0.6624420260379519,2.46505363764596,-3.127495663683912
90,90,2020-07-01,34400.0,450.0,1797943,599190,561804,37386,605122,343540,261582,-298968,593631,892599,33.017231358279986,15.06166876337085,49.64556718427671,32.35244661540551,-16.628335825996707,2.079376264987266,14.548959561009443
91,91,2020-06-30,33950.0,50.0,2139717,427048,773355,-346307,834441,834781,-340,346647,878228,531581,41.0441193858814,8.026888027601416,24.8435190261142,-24.8020481581625,16.200600359767204,-16.184710407965166,-0.015889951802037373
92,92,2020-06-29,33900.0,-900.0,1716673,401004,730236,-329232,430254,611571,-181317,510549,885415,374866,51.57738253004504,10.533263144163627,21.83677380607722,-3.006745220036983,29.740608723967814,-19.178492351193267,-10.562116372774547
93,93,2020-06-26,34800.0,1050.0,1889305,752811,641950,110861,616377,296895,319482,-430343,520117,950460,27.52954128634604,-24.047841243699,50.30738816654802,28.4706143604708,-22.777846880201977,5.867819118670623,16.910027761531357
94,94,2020-06-25,33750.0,-1150.0,1908667,472880,845933,-373053,308779,580483,-271704,644757,1127008,482251,59.0468635964262,31.51732231008016,25.2663770055227,-25.04101116102532,33.78048659090349,-19.545211396225742,-14.235275194677751
95,95,2020-06-24,34900.0,200.0,1373398,565235,417733,147502,314171,464649,-150478,2976,493992,491016,35.96859759516178,-23.078266001264414,35.751908769344354,10.485531763821657,0.2166888258174251,10.73993117799793,-10.956620003815354
96,96,2020-06-23,34700.0,-150.0,1858916,808877,838297,-29420,390784,370618,20166,9254,659255,650001,35.46448575406311,-0.5041118410986627,34.96666874673197,-0.7852400226123848,0.4978170073311543,-1.5826427875170261,1.0848257801858718
97,97,2020-06-22,34850.0,-1150.0,1689143,500283,588224,-87941,152267,572906,-420639,508580,1036593,528013,61.36798364614482,25.903497892081703,31.25922435223068,-3.707444394501284,30.108759293914133,-5.2062495596879605,-24.90250973422617
98,98,2020-06-19,36000.0,750.0,3560935,928707,946809,-18102,1831063,1474886,356177,-338075,801165,1139240,22.498725756016327,-38.869257890128495,31.99272101288005,0.7334966606493579,-9.493995256863718,-0.5083496328913614,10.002344889755078
99,99,2020-06-18,35250.0,250.0,2556965,1024322,932413,91909,913054,606249,306805,-398714,619589,1018303,24.231422800077443,1.7326970440611085,39.8246749564425,7.831953943562458,-15.593252156365066,3.5944567094191746,11.998795446945891
100,100,2020-06-17,35000.0,-700.0,3829768,1172865,1288384,-115519,797307,1484054,-686747,802266,1859596,1057330,48.55636163861623,24.324938838538795,27.608199765625486,-12.216475190817013,20.948161872990738,-3.01634459319729,-17.93181727979345
101,101,2020-06-16,35700.0,2450.0,2255201,955225,637001,318224,484112,303676,180436,-498660,815864,1314524,36.17699708363024,-12.37936455498599,58.28855166346592,30.680351897840428,-22.111554579835676,14.110671288279848,8.00088329155583
102,102,2020-06-15,33250.0,-1400.0,3388071,872134,1251281,-379147,1017677,760736,256941,122206,1498260,1376054,44.221623454762316,8.044626371132068,40.614674249742706,-17.67387741372322,3.6069492050196112,-11.190645060271759,7.583695855252148
103,103,2020-06-12,34650.0,-1700.0,3806558,884842,1459344,-574502,681938,1031222,-349284,923786,2239778,1315992,58.839980896127145,14.618357441364846,34.57170493658575,-6.042969313156946,24.268275959541402,-15.092427331988636,-9.175848627552766
104,104,2020-06-11,36350.0,-1200.0,4278133,812422,1607383,-794961,1059087,1107697,-48610,843571,2406624,1563053,56.25407157748486,-2.5859093186423006,36.53586739823189,1.96416246164614,19.718204179252957,-18.581960869379238,-1.136243309873723
105,105,2020-06-10,37550.0,-950.0,2748853,525963,913931,-387968,1069694,1090471,-20777,408745,1153196,744451,41.951897755172794,-14.302173822312055,27.08224121115244,-9.453626187079458,14.86965654402036,-14.11381401624605,-0.7558425277743117
106,106,2020-06-09,38500.0,300.0,2520713,640080,758785,-118705,936281,521590,414691,-295986,944352,1240338,37.46368586983128,-4.488211885341522,49.20583977628552,22.123598565133086,-11.742153906454245,-4.709183473088765,16.45133737954301
107,107,2020-06-08,38200.0,150.0,2840784,640005,926164,-286159,841073,629687,211386,74773,1359706,1284933,47.86375873702471,10.400072867193435,45.231633239274785,-3.97420653701073,2.632125497749917,-10.073240344918867,7.441114847168951
108,108,2020-06-05,38050.0,1050.0,2412060,894293,517716,376577,491249,285306,205943,-582520,1026518,1609038,42.55773073638301,-5.306028000641703,66.70804208850528,21.476408849230474,-24.15031135212225,15.61225674319876,8.538054608923494
109,109,2020-06-04,37000.0,-1600.0,6220789,1416464,1501776,-85312,1078932,2335772,-1256840,1342152,3725393,2383241,59.88618164030319,17.328450903920178,38.31091200810701,-28.397130080398256,21.57526963219617,-1.371401601951135,-20.203868030245037
110,110,2020-06-03,38600.0,2350.0,5291169,1954451,1095776,858675,961408,1023484,-62076,-796599,2375310,3171909,44.891969997556316,-14.994211642746876,59.947225272902834,21.636313264795817,-15.055255275346525,16.22845537536223,-1.1732001000157055
111,111,2020-06-02,36250.0,1650.0,3992096,1777752,727194,1050558,464677,659104,-194427,-856131,1749667,2605798,43.828279680648954,-1.0636903169073475,65.27393128822553,5.326706015322699,-21.445651607576572,26.31595031782803,-4.870298710251457
112,112,2020-06-01,34600.0,600.0,2643715,737834,468921,268913,772695,664058,108637,-377550,1133186,1510736,42.863394881823496,-0.964884798825466,57.14443500906867,-8.129496279156854,-14.281040127245184,10.171784780129476,4.109255347115706
113,113,2020-05-29,34000.0,-200.0,4473646,839257,576293,262964,2266272,2463716,-197444,-65520,1368117,1433637,30.58170002722612,-12.28169485459738,32.04627724232091,-25.09815776674776,-1.4645772150948018,5.878069029154296,-4.413491814059494
114,114,2020-05-28,34200.0,1100.0,6324651,2109554,1310788,798766,1592309,740452,851857,-1650623,2622788,4273411,41.469292139597904,10.887592112371788,67.56753850923947,35.52126126691857,-26.098246369641583,12.629408326245986,13.468838043395596
115,115,2020-05-27,33100.0,500.0,4885554,1440579,583068,857511,1747084,1722238,24846,-882357,1697891,2580248,34.75329512272303,-6.715997016874873,52.813826231375195,-14.753712277864286,-18.06053110865216,17.55197056464835,0.508560544003812
116,116,2020-05-26,32600.0,1250.0,3224756,853170,389928,463242,1055609,365472,690137,-1153379,1315977,2469356,40.808575904657594,6.055280781934557,76.57497187384102,23.76114564246581,-35.76639596918341,14.365179877175203,21.4012160920082
117,117,2020-05-25,31350.0,250.0,1387582,375086,336952,38134,395391,492049,-96658,58524,617105,558581,44.473407697707245,3.6648317930496495,40.25571101383558,-36.31926086000543,4.217696683871656,2.7482339782441687,-6.965930662115825
118,118,2020-05-22,31100.0,-900.0,2073547,271547,378275,-106728,356572,1032051,-675479,782207,1445428,663221,69.70799311517897,25.234585417471727,31.984854936975147,-8.270856076860436,37.72313817820382,-5.147122298168307,-32.57601588003551
119,119,2020-05-21,32000.0,-50.0,1690229,257904,546002,-288098,624476,542125,82351,205747,807849,602102,47.79523957996224,-21.912753535216726,35.62251032256576,3.6376553855906164,12.172729257396483,-17.044909299272465,4.872180041875983
120,120,2020-05-20,32050.0,100.0,1529458,255133,377339,-122206,674989,509077,165912,-43706,599336,643042,39.186169218115175,-8.609070361847067,42.043782830257506,6.4212725076917545,-2.8576136121423406,-7.990150759288585,10.847764371430925
121,121,2020-05-19,31950.0,950.0,3318803,995758,359710,636048,813429,941749,-128320,-507728,1509616,2017344,45.48676134136314,6.3005921232479585,60.78528915395098,18.741506323693468,-15.298527812587851,19.164982073355965,-3.8664542607681143
122,122,2020-05-18,31000.0,-450.0,2094246,420264,513250,-92986,572017,1100264,-528247,621233,1101965,480732,52.618699044906855,7.131937703543727,22.95489641618033,-37.83039273777065,29.663802628726522,-4.4400705552260815,-25.22373207350044
123,123,2020-05-15,31450.0,500.0,2594683,583076,416971,166105,588695,1184801,-596106,430001,1422912,992911,54.83953145721461,2.2208324123077574,38.26714091856307,15.312244502382741,16.572390538651543,6.401745415528602,-22.974135954180145
124,124,2020-05-14,30950.0,-500.0,2117359,545517,806354,-260837,329046,745656,-416610,677447,1242796,565349,58.695573117265425,3.8560416600507987,26.70066814366388,-11.566472774899195,31.99490497360155,-12.318978501047768,-19.67592647255378
125,125,2020-05-13,31450.0,-100.0,2292087,554493,446116,108377,420384,1249321,-828937,720560,1317210,596650,57.46771392185374,-1.2278591954116749,26.03086183028829,-0.6698063133755809,31.43685209156546,4.728310923625499,-36.165163015190956
126,126,2020-05-12,31550.0,-600.0,1901590,283717,648500,-364783,229654,595909,-366255,731038,1388219,657181,73.00306585541574,15.535351933561985,34.55955279529236,8.528690965004067,38.44351306012337,-19.18305207747201,-19.26046098265136
127,127,2020-05-11,32150.0,-650.0,2124625,375213,505902,-130689,269799,846840,-577041,707730,1479613,771883,69.64113667117725,-3.3619291842384627,36.33031711478496,1.7707643194925993,33.3108195563923,-6.151156086368182,-27.15966347002412
128,128,2020-05-08,32800.0,350.0,1916592,306508,403194,-96686,834540,785704,48836,47850,775544,727694,40.46474158297645,-29.176395088200806,37.96812258425371,1.6378054694687518,2.4966189987227327,-5.044683479843389,2.548064481120656
129,129,2020-05-07,32450.0,-250.0,2057759,655438,473460,181978,314633,1092778,-778145,596167,1087688,491521,52.85789054986518,12.393148966888726,23.88622768749888,-14.081894896754838,28.971662862366294,8.843504025495697,-37.81516688786199
130,130,2020-05-06,32700.0,-300.0,3285676,719212,499895,219317,540870,2077787,-1536917,1317600,2025594,707994,61.64923139104403,8.791340841178856,21.54789455807572,-2.338333129423159,40.101336832968315,6.6749429949879415,-46.77627982795626
131,131,2020-05-04,33000.0,-1750.0,3135974,572127,814682,-242555,388547,1618887,-1230340,1472895,2175300,702405,69.36600877430745,7.716777383263412,22.398304322676143,0.8504097646004247,46.9677044516313,-7.734598564911571,-39.23310588671973
132,132,2020-04-29,34750.0,600.0,2470683,491373,421633,69740,1170929,650730,520199,-589939,808381,1398320,32.7189283287253,-36.64708044558215,56.596495786792566,34.19819146411642,-23.87756745806726,2.8227012530543174,21.054866205012946
133,133,2020-04-28,34150.0,-50.0,3681195,952381,685551,266830,597732,1066105,-468373,201543,2131082,1929539,57.89103810039946,25.172109771674165,52.41610400970337,-4.180391777089191,5.474934090696092,7.24846143711485,-12.723395527810942
134,134,2020-04-27,34200.0,3100.0,6297287,1817637,763364,1054273,2251825,1116581,1135244,-2189517,2227825,4417342,35.3775363898771,-22.513501710522362,70.14674732150527,17.730643311801906,-34.76921093162817,16.74170162484257,18.027509306785603
135,135,2020-04-24,31100.0,-200.0,1674947,447127,501283,-54156,597855,789399,-191544,245700,629965,384265,37.611040826963475,2.233504437086381,22.941919953288075,-47.2048273682172,14.669120873675405,-3.233296337137832,-11.435824536537574
136,136,2020-04-23,31300.0,-200.0,1661682,506847,384987,121860,360290,746109,-385819,263959,794545,530586,47.81570721714504,10.204666390181558,31.93065821258219,8.988738259294118,15.885049004562847,7.33353313088786,-23.218582135450706
137,137,2020-04-22,31500.0,-200.0,1816282,239736,465099,-225363,468629,798875,-330246,555609,1107917,552308,60.999173035905216,13.183465818760176,30.40871406532686,-1.5219441472553328,30.590458970578357,-12.407930046105175,-18.182528924473182
138,138,2020-04-21,31700.0,-200.0,2357333,519922,820173,-300251,721468,580484,140984,159267,1115943,956676,47.339217666744574,-13.659955369160636,40.58298085166585,10.174266786338986,6.7562368150787355,-12.73689376935715,5.980656954278415
139,139,2020-04-20,31900.0,-450.0,2712305,457331,810742,-353411,441907,1261647,-819740,1173151,1813067,639916,66.84598524133533,19.506767574590747,23.59306936351185,-16.989911488153993,43.252915877823476,-13.02991367121323,-30.223002206610246
140,140,2020-04-17,32350.0,450.0,3117460,549274,517185,32089,1062713,1347395,-284682,252593,1505473,1252880,48.29165410301977,-18.554331138315558,40.18912832883181,16.59605896531996,8.10252577418796,1.0293315712150277,-9.131857345402988
141,141,2020-04-16,31900.0,-1300.0,4032094,466156,862450,-396294,1252235,2513286,-1261051,1657345,2313703,656358,57.382169165699025,9.090515062679252,16.27834073312775,-23.910787595704054,41.10382843257126,-9.828491101645945,-31.27533733092532
142,142,2020-04-14,33200.0,650.0,1592187,540145,328213,211932,413203,548468,-135265,-76667,638839,715506,40.12336490625787,-17.25880425944115,44.93856563330815,28.660224900180392,-4.815200727050278,13.310748046554833,-8.495547319504556
143,143,2020-04-13,32550.0,-1100.0,2535276,366581,723077,-356496,362012,877891,-515879,872375,1806683,934308,71.26178767124368,31.13842276498581,36.8523190374539,-8.086246595854233,34.40946863378977,-14.061427631547808,-20.348041002241963
144,144,2020-04-10,33650.0,1150.0,3195991,812786,685207,127579,828717,654132,174585,-302164,1554488,1856652,48.63868515274292,-22.62310251850076,58.093154830536136,21.24083579308222,-9.45446967779321,3.991844783042255,5.462624894750955
145,145,2020-04-09,32500.0,400.0,1758854,495429,801140,-305711,449081,468673,-19592,325303,814344,489041,46.299692868197134,-2.338992284545789,27.804524991841284,-30.288629838694852,18.495167876355854,-17.381260752740136,-1.1139071236157179
146,146,2020-04-08,32100.0,-1000.0,2328277,525516,890684,-365168,397707,875463,-477756,842924,1405054,562130,60.347372756763896,14.047679888566767,24.143604906117268,-3.660920085724012,36.203767850646635,-15.684044467217603,-20.519723383429035
147,147,2020-04-07,33100.0,250.0,2588831,668621,789808,-121187,439446,968577,-529131,650318,1480764,830446,57.198171684439814,-3.149201072324089,32.07803058600581,7.93442567988854,25.120141098434004,-4.681147591325969,-20.438993507108034
148,148,2020-04-06,32850.0,1700.0,1998703,842839,448746,394093,507201,652518,-145317,-248776,648663,897439,32.45419654646038,-24.743975137979437,44.901068342820324,12.823037756814516,-12.44687179635994,19.717436757737392,-7.2705649613774535
149,149,2020-04-03,31150.0,-550.0,2312886,607914,866722,-258808,689488,922722,-233234,492042,1015484,523442,43.90549296420144,11.451296417741055,22.631552095520487,-22.269516247299837,21.273940868680945,-11.18982950305376,-10.084111365627185
150,150,2020-04-02,31700.0,100.0,2356609,846994,907884,-60890,532188,857211,-325023,385913,977427,591514,41.47599368414532,-2.4294992800561204,25.10021815243853,2.468666056918039,16.375775531706786,-2.5837973121548803,-13.791978219551908
151,151,2020-04-01,31600.0,-2950.0,2918796,618484,1143583,-525099,701039,1269419,-568380,1093479,1599273,505794,54.79221569441646,13.316222010271153,17.32885751522203,-7.771360637216496,37.46335817919444,-17.990260367631038,-19.4730978115634
152,152,2020-03-31,34550.0,-200.0,2227158,789193,870737,-81544,654174,811274,-157100,238644,783791,545147,35.19242909573546,-19.59978659868101,24.47724858317192,7.148391067949888,10.715180512563546,-3.6613477804448538,-7.053832732118691
153,153,2020-03-30,34750.0,-1000.0,2529780,1035624,741086,294538,839773,1296726,-456953,162415,654383,491968,25.86719003233483,-9.325239063400634,19.447066543335787,-5.030182039836133,6.420123488999043,11.642830601870518,-18.06295409086956
154,154,2020-03-27,35750.0,2850.0,3789110,1249671,1162194,87477,1885646,1543878,341768,-429245,653793,1083038,17.25452678861263,-8.612663243722201,28.58291261008522,9.135846066749435,-11.328385821472589,2.3086423988746696,9.01974342259792
155,155,2020-03-26,32900.0,900.0,4079253,1444118,1379061,65057,1612523,1429885,182638,-247695,1022612,1270307,25.068609375294933,7.814082586682308,31.140676981790534,2.5577643717053182,-6.072067606495601,1.5948263076597602,4.477241298835841
156,156,2020-03-25,32000.0,2850.0,4002728,1502207,1338824,163383,1200673,1204336,-3663,-159720,1299848,1459568,32.474052696061285,7.405443320766349,36.46433132603564,5.323654344245104,-3.9902786299743576,4.081791218389059,-0.09151258841470117
157,157,2020-03-24,29150.0,1500.0,2766834,1049009,948454,100555,877552,1021560,-144008,43453,840273,796820,30.369476448532872,-2.104576247528413,28.79898107367482,-7.665350252360817,1.5704953748580508,3.634298262924339,-5.204793637782389
158,158,2020-03-23,27650.0,-3200.0,2779005,956731,1091108,-134377,789734,1137642,-347908,482285,1032540,550255,37.15502490999477,6.785548461461892,19.8004321690677,-8.99854890460712,17.354592740927057,-4.835435704505749,-12.519157036421309
159,159,2020-03-20,30850.0,4800.0,2772947,1070150,979812,90338,1121581,1130433,-8852,-81486,581216,662702,20.96022751246237,-16.19479739753239,23.89883398420525,4.098401815137547,-2.9386064717428786,3.2578336333150255,-0.31922716157214687
160,160,2020-03-19,26050.0,-3000.0,3226552,1318596,1267048,51548,1228290,1467218,-238928,187380,679666,492286,21.064777508622207,0.1045499961598324,15.257339723643069,-8.64149426056218,5.807437784979135,1.5976187583525696,-7.405056543331705
161,161,2020-03-18,29050.0,-800.0,3437402,831892,934300,-102408,1889339,1892207,-2868,105276,716171,610895,20.834659431745255,-0.230118076876952,17.771997572585338,2.514657848942271,3.062661859159912,-2.979226753228165,-0.08343510593174729
162,162,2020-03-17,29850.0,-2250.0,2376047,791506,802274,-10768,567656,1176001,-608345,619113,1016885,397772,42.797343655239146,21.96268422349389,16.74091463678959,-1.0310829357957516,26.056429018449553,-0.45318968858780995,-25.60323932986174
163,163,2020-03-16,32100.0,-800.0,2158001,439431,982068,-542637,1331196,924129,407067,135570,387374,251804,17.950594091476322,-24.84674956376282,11.66839125653788,-5.072523380251711,6.282202834938445,-25.145354427546604,18.86315159260816
164,164,2020-03-13,32900.0,-550.0,3157352,1093524,1069732,23792,1662513,1586899,75614,-99406,401315,500721,12.710492843370016,-5.240101248106312,15.858890614666974,4.190499358129095,-3.14839777129696,0.7535428422298179,2.3948549290671424
165,165,2020-03-12,33450.0,-1850.0,2428039,898247,967943,-69696,1038357,1156513,-118156,187852,491435,303583,20.23999614503721,7.529503301667197,12.503217617179955,-3.3556729974870194,7.736778527857254,-2.8704646012687607,-4.866313926588494
166,166,2020-03-11,35300.0,150.0,1840394,648744,747677,-98933,914172,850508,63664,35269,277478,242209,15.077097621487573,-5.162898523549638,13.160714499177894,0.6574968819979397,1.9163831223096794,-5.375642389618744,3.4592592673090654
167,167,2020-03-10,35150.0,0.0,2183412,717718,521033,196685,1194170,1386664,-192494,-4191,271524,275715,12.435765673175744,-2.6413319483118265,12.627712955685869,-0.5330015434920234,-0.19194728251012635,9.008148714031067,-8.816201431520941
168,168,2020-03-09,35150.0,-2300.0,2015102,387047,568742,-181695,935964,1225605,-289641,471336,692091,220755,34.34520932439152,21.909443651215774,10.955028579198473,-1.6726843764873982,23.390180745193046,-9.016665161366522,-14.373515583826526
169,169,2020-03-06,37450.0,-1250.0,1624871,391845,614404,-222559,641511,826059,-184548,407107,591515,184408,36.403812979615005,2.0586036552234788,11.349085558176618,0.3940569789781456,25.05472742143838,-13.697025794663084,-11.357701626775295
170,170,2020-03-05,38700.0,-250.0,1192190,548978,767065,-218087,333800,323442,10358,207729,309412,101683,25.95324570747951,-10.450567272135487,8.529093516972965,-2.8199920412036534,17.424152190506547,-18.292973435442338,0.8688212449357904
171,171,2020-03-04,38950.0,850.0,1601011,445031,659763,-214732,955465,704528,250937,-36205,200515,236720,12.524273724540306,-13.428971982939204,14.785657312785485,6.256563795812517,-2.2613835882451774,-13.412275118659396,15.673658706904575
172,172,2020-03-03,38100.0,-300.0,1830298,502597,815093,-312496,939702,870630,69072,243424,387999,144575,21.198679122197586,8.67440539765728,7.898986940924374,-6.8866703718611095,13.299692181273214,-17.073503877510657,3.7738116962374435
173,173,2020-03-02,38400.0,-500.0,1696505,745596,703480,42116,669216,877188,-207972,165856,281693,115837,16.60431298463606,-4.594366137561527,6.827978697380793,-1.0710082435435817,9.776334287255269,2.4825155245637354,-12.258849811819005
174,174,2020-02-28,38900.0,-500.0,2342074,961150,772655,188495,1208058,1400142,-192084,3589,172866,169277,7.380894028113544,-9.223418956522517,7.227653780367316,0.3996750829865237,0.15324024774622835,8.0482085536153,-8.201448801361527
175,175,2020-02-27,39400.0,350.0,1667870,800096,680448,119648,711530,823925,-112395,-7253,156244,163497,9.367876393244078,1.9869823651305343,9.80274241997278,2.575088639605463,-0.4348660267287019,7.173700588175337,-6.738834561446636
176,176,2020-02-26,39050.0,-200.0,2439040,901982,773910,128072,1284769,1522447,-237678,109606,252289,142683,10.343782799790082,0.975906406546004,5.849965560220414,-3.952776859752365,4.493817239569667,5.2509183941222775,-9.744735633691944
177,177,2020-02-25,39250.0,200.0,1779148,729888,657045,72843,779124,895128,-116004,43161,270136,226975,15.183447357948866,4.8396645581587805,12.757510898475001,6.907545338254585,2.4259364594738604,4.094263096718205,-6.520199556192065
178,178,2020-02-24,39050.0,-2100.0,1872964,671032,641593,29439,776703,1056308,-279605,250166,425229,175063,22.703533009710807,7.5200856517619465,9.34684275832317,-3.4106681401518286,13.35669025138764,1.5717867508398453,-14.928477002227485
179,179,2020-02-21,41150.0,-1050.0,1476170,452755,599326,-146571,786914,692315,94599,51972,236501,184529,16.02125771421991,-6.682275295490904,12.50052500728236,3.153682248959189,3.520732706937548,-9.92914095260031,6.408408245662763
180,180,2020-02-20,42200.0,400.0,1471921,384263,636645,-252382,993977,703314,290663,-38281,93681,131962,6.364539944738882,-9.656717769481023,8.965290936130403,-3.5352340711519563,-2.600750991391522,-17.146436527503855,19.747187518895377
181,181,2020-02-19,41800.0,50.0,1808110,510366,515098,-4732,1145341,1193490,-48149,52881,152403,99522,8.428856651420544,2.064316706681661,5.504200518773747,-3.4610904173566563,2.924656132646797,-0.26170974111088374,-2.6629463915359133
182,182,2020-02-18,41750.0,-650.0,1530494,440452,498169,-57717,829659,868254,-38595,96312,260383,164071,17.01300364457489,8.584146993154349,10.72013349937994,5.215932980606191,6.29287014519495,-3.7711353327749078,-2.5217348124200423
183,183,2020-02-17,42400.0,-350.0,994095,275573,351524,-75951,490124,562336,-72212,148163,228398,80235,22.97547015124309,5.962466506668201,8.071160200986826,-2.6489732983931127,14.904309950256263,-7.640215472364312,-7.264094477891952
184,184,2020-02-14,42750.0,0.0,1304244,370993,402239,-31246,793606,814540,-20934,52180,139645,87465,10.7069689413944,-12.26850120984869,6.706183812231452,-1.3649763887553732,4.000785129162948,-2.395717365768982,-1.605067763393966
185,185,2020-02-13,42750.0,-750.0,1585289,366300,535058,-168758,759265,948526,-189261,358019,459724,101705,28.99938118538639,18.292412243991986,6.4155494676365,-0.2906343445949533,22.583831717749888,-10.645251433650268,-11.938580284099618
186,186,2020-02-12,43500.0,400.0,2163450,512695,462553,50142,1485341,1507824,-22483,-27659,165414,193073,7.645843444498371,-21.35353774088801,8.924310707434882,2.5087612397983845,-1.2784672629365135,2.3176870276641477,-1.039219764727634
187,187,2020-02-11,43100.0,-150.0,1505386,453568,351020,102548,756997,1059984,-302987,200439,294821,94382,19.584412237127218,11.938568792628848,6.2696212134296445,-2.6546894940052392,13.314791023697577,6.812073448271739,-20.126864471969316
188,188,2020-02-10,43250.0,-1150.0,1392007,449876,507176,-57300,498135,839361,-341226,398526,443996,45470,31.896103970741525,12.311691733614303,3.2665065621078058,-3.00311465132184,28.62959740863372,-4.11635861026561,-24.51323879836811
189,189,2020-02-07,44400.0,-850.0,1152443,435976,623891,-187915,370854,414197,-43343,231258,345613,114355,29.989596014726978,-1.9065079560145468,9.92283349371726,6.656326931609454,20.066762521009714,-16.30579560117073,-3.7609669198389857
190,190,2020-02-06,45250.0,1050.0,1087184,635858,412762,223096,327900,458765,-130865,-92231,123426,215657,11.352816082650225,-18.636779932076763,19.836292660671976,9.913459166954716,-8.483476578021751,20.520537461919968,-12.037060883898217
191,191,2020-02-05,44200.0,700.0,1414093,448321,743555,-295234,788104,505979,282125,13109,177668,164559,12.564095855081662,1.2112797724314426,11.637070546279487,-8.199222114392487,0.9270253088021793,-20.87797620099951,19.95095089219733
192,192,2020-02-04,43500.0,-350.0,1350137,382301,708320,-326019,711611,591657,119954,206065,256225,50160,18.97770374413856,6.413607889056893,3.715178533733984,-7.921892012545503,15.262525210404574,-24.147105071559405,8.884579861154831
193,193,2020-02-03,43850.0,-100.0,1438211,560994,685897,-124903,768781,653354,115427,9476,108436,98960,7.539644739193346,-11.438059004945213,6.88077062406003,3.1655920903260464,0.658874115133315,-8.684608864763238,8.025734749629923
194,194,2020-01-31,43950.0,150.0,1043074,502647,492915,9732,489591,442403,47188,-56920,50836,107756,4.873671474890563,-2.6659732643027807,10.330618920613494,3.449848296553464,-5.45694744572293,0.9330114641914188,4.523935981531512
195,195,2020-01-30,43800.0,-450.0,1451247,422843,572816,-149973,842364,795428,46936,103037,186040,83003,12.81932021220371,7.945648737313147,5.719426121122043,-4.6111927994914526,7.09989409108167,-10.334078209980795,3.234184118899126
196,196,2020-01-29,44250.0,-250.0,1357149,435212,678175,-242963,731652,613492,118160,124803,190285,65482,14.020936536813569,1.2016163246098586,4.824967634357023,-0.8944584867650187,9.195968902456547,-17.90245580993686,8.706486907480313
197,197,2020-01-28,44500.0,-2200.0,1494047,654640,890987,-236347,543905,456045,87860,148487,295502,147015,19.778628115447503,5.757691578633934,9.840051885917912,5.015084251560889,9.938576229529593,-15.819247988851757,5.880671759322163
198,198,2020-01-23,46700.0,-850.0,892831,369177,572407,-203230,378960,261377,117583,85647,144694,59047,16.206202517609718,-3.572425597837785,6.61345764203976,-3.2265942438781527,9.592744875569956,-22.76242648384745,13.169681608277491
199,199,2020-01-22,47550.0,200.0,827162,289460,248294,41166,504933,517519,-12586,-28580,32769,61349,3.961618159441561,-12.244584358168158,7.416805897756425,0.8033482557166653,-3.4551877383148644,4.976776012437709,-1.5215882741228441
200,200,2020-01-21,47350.0,-950.0,543206,306584,181513,125071,154233,320588,-166355,41284,82389,41105,15.167174147560965,11.205555988119404,7.567110819836304,0.15030492207988022,7.600063327724657,23.024598402815876,-30.62466173054053
201,201,2020-01-20,48300.0,400.0,1039883,477004,482238,-5234,471778,353715,118063,-112829,91101,203930,8.760697116887188,-6.406477030673775,19.61086006791149,12.043749248075185,-10.850162951024299,-0.5033258549279102,11.353488805952209
202,202,2020-01-17,47900.0,-100.0,1067206,492865,488399,4466,475780,478442,-2662,-1804,98561,100365,9.235424088695153,0.4747269718079643,9.404463618083108,-10.20639644982838,-0.16903952938795322,0.41847590811895735,-0.24943637873100413
203,203,2020-01-16,48000.0,100.0,1063894,424055,515573,-91518,554550,470925,83625,7893,85289,77396,8.016682113067656,-1.2187419756274966,7.274784893983799,-2.1296787240993087,0.7418972190838561,-8.60217277285143,7.860275553767575
204,204,2020-01-15,47900.0,50.0,1051882,352308,387062,-34754,643008,581227,61781,-27027,56566,83593,5.377599388524568,-2.639082724543088,7.946994054466186,0.6722091604823871,-2.569394665941617,-3.3039827661277594,5.873377432069376
205,205,2020-01-14,47850.0,1150.0,1230507,449734,565591,-115857,702839,444752,258087,-142230,77934,220164,6.333486928558718,0.9558875400341488,17.89213714347013,9.945143089003944,-11.558650214911415,-9.415387315960007,20.97403753087142
206,206,2020-01-13,46700.0,-100.0,723834,434761,314995,119766,197844,321208,-123364,3598,91229,87631,12.603580378926662,6.270093450367942,12.106505082657074,-5.7856320608130565,0.4970752962695867,16.54605890300815,-17.043134199277734
207,207,2020-01-10,46800.0,300.0,1223959,453817,636208,-182391,680402,479082,201320,-18929,89740,108669,7.331944942600202,-5.2716354363264575,8.878483674698254,-3.2280214079588205,-1.5465387320980524,-14.901724649273383,16.448263381371437
208,208,2020-01-09,46500.0,350.0,1371428,683800,656675,27125,567172,631240,-64068,36943,120456,83513,8.783253659689025,1.4513087170888233,6.089492120621718,-2.788991554076537,2.693761539067308,1.9778654074439197,-4.6716269465112275
209,209,2020-01-08,46150.0,-850.0,1197780,468996,667761,-198765,592590,393175,199415,-650,136194,136844,11.370535490657716,2.587281830968692,11.424802551386733,5.335310430765016,-0.05426706072901535,-16.594449732004207,16.64871679273322
210,210,2020-01-07,47000.0,400.0,817477,431894,392345,39549,324430,352982,-28552,-10997,61153,72150,7.480699762806783,-3.889835727850936,8.825936387201109,-2.5988661641856243,-1.3452366243943255,4.837934278273273,-3.492697653878947
211,211,2020-01-06,46600.0,-550.0,698224,279052,481984,-202932,346435,148744,197691,5241,72737,67496,10.417430509406724,2.9367307465999426,9.66681179678728,0.8408754095861699,0.7506187126194459,-29.064025298471552,28.313406585852103
212,212,2020-01-03,47150.0,600.0,1123490,438873,757350,-318477,624877,207988,416889,-98412,59740,158152,5.317359300038273,-5.100071209368451,14.076849816197742,4.410038019410463,-8.759490516159467,-28.347114794079165,37.106605310238635
213,213,2020-01-02,46550.0,-1100.0,1033855,372252,683100,-310848,432329,263237,169092,141756,229274,87518,22.176610840011417,16.85925153997314,8.465210305120157,-5.611639511077584,13.711400534891256,-30.066885588404563,16.355485053513306
214,214,2019-12-30,47650.0,-400.0,955663,281926,444044,-162118,549573,447300,102273,59845,124164,64319,12.992446081934741,-9.18416475807667,6.7303013719271325,-1.734908933193024,6.2621447100076075,-16.963929753480045,10.701785043472437
215,215,2019-12-27,48050.0,-1350.0,1278193,471358,755521,-284163,561446,387648,173798,110365,245389,135024,19.19811796810028,6.205671886165536,10.563662921014275,3.8333615490871424,8.634455047086004,-22.231619168623205,13.597164121537201
216,216,2019-12-26,49400.0,-50.0,717331,478720,289316,189404,69579,228109,-158530,-30874,169032,199906,23.56401716920083,4.365899201100554,27.86802745176216,17.304364530747886,-4.304010282561328,26.403989232306984,-22.099978949745655
217,217,2019-12-24,49450.0,-450.0,602123,426741,312981,113760,82073,228664,-146591,32831,93309,60478,15.496667624389035,-8.067349544811794,10.044127196602687,-17.82390025515947,5.452540427786349,18.893149738508576,-24.345690166294926
218,218,2019-12-23,49900.0,850.0,878027,407668,321940,85728,403433,332400,71033,-156761,66926,223687,7.6223168535819505,-7.874350770807086,25.47609583759953,15.43196864099684,-17.853778984017577,9.763708860889244,8.090070123128331
219,219,2019-12-20,49050.0,-350.0,1014948,396863,314461,82402,497380,620153,-122773,40371,120705,80334,11.892727509192591,4.270410655610639,7.915085304862909,-17.561010532736617,3.9776422043296797,8.11883958587041,-12.09648179020009
220,220,2019-12-19,49400.0,0.0,1000540,517400,403320,114080,402255,515308,-113053,-1027,80885,81912,8.08413456733364,-3.8085929418589486,8.186779139264798,0.2716938344018871,-0.10264457193115717,11.40184300477742,-11.299198432846262
221,221,2019-12-18,49400.0,1450.0,1315621,385251,617913,-232662,851629,449326,402303,-169641,78741,248382,5.985082329941526,-2.099052237392115,18.87944932469153,10.692670185426737,-12.894366994750008,-17.684576333153696,30.578943327903705
222,222,2019-12-17,47950.0,-1100.0,2272935,830212,1004819,-174607,963460,1040188,-76728,251335,479263,227928,21.085644772067834,15.100562442126307,10.027915448528004,-8.851533876163527,11.057729323539828,-7.68200586466397,-3.375723458875859
223,223,2019-12-16,49050.0,-950.0,2082488,546052,865934,-319882,1398904,1024115,374789,-54907,137532,192439,6.604215726573215,-14.481429045494616,9.240821555754463,-0.7870938927735427,-2.6366058291812484,-15.36056870435748,17.99717453353873
224,224,2019-12-13,50000.0,1650.0,1211381,490379,392859,97520,660134,414082,246052,-343572,60868,404440,5.024678445509712,-1.579537281063503,33.38668841594841,24.145866860193944,-28.3620099704387,8.050316126800734,20.311693843637965
225,225,2019-12-12,48350.0,350.0,1715262,1178197,921667,256530,497914,655023,-157109,-99421,39151,138572,2.2825084447740345,-2.742170000735677,8.078765809538135,-25.307922606410276,-5.7962573647641005,14.955732710221529,-9.159475345457428
226,226,2019-12-11,48000.0,-300.0,973843,404554,302790,101764,511931,620798,-108867,7103,57358,50255,5.889861096706554,3.6073526519325183,5.160482747219008,-2.918283062319128,0.7293783494875458,10.449733683971646,-11.179112033459193
227,227,2019-12-10,48300.0,250.0,813927,222574,275631,-53057,546790,415996,130794,-77737,44563,122300,5.475061031271847,-0.4148000654347079,15.025917557717092,9.865434810498083,-9.550856526445246,-6.518643563857692,16.069500090302938
228,228,2019-12-09,48050.0,1050.0,1066373,370361,395788,-25427,607017,400018,206999,-181572,88995,270567,8.345578892188755,2.87051786091691,25.372641655405754,10.346724097688664,-17.027062763217,-2.3844377155085508,19.41150047872555
229,229,2019-12-06,47000.0,350.0,783218,299225,208205,91020,450187,458261,-8074,-82946,33806,116752,4.316295080041572,-4.0292838121471855,14.906705412796947,-10.465936242608807,-10.590410332755376,11.62128551693143,-1.030875184176053
230,230,2019-12-05,46650.0,600.0,1123928,286193,351002,-64809,783323,648725,134598,-69789,54412,124201,4.841235381625869,0.524940301584297,11.05061890085486,-3.856086511942088,-6.2093835192289895,-5.766294638090696,11.975678157319686
231,231,2019-12-04,46050.0,200.0,924902,319110,390411,-71301,583298,478044,105254,-33953,22494,56447,2.432041448715648,-2.4091939329102208,6.103024969131866,-4.947593931722994,-3.670983520416217,-7.709032957005174,11.380016477421393
232,232,2019-12-03,45850.0,-100.0,932941,367688,502523,-134835,533617,399145,134472,363,31636,31273,3.39099685832223,0.9589554096065824,3.3520876454138047,-2.7509373237180603,0.03890921290842615,-14.452682431150523,14.413773218242097
233,233,2019-12-02,45950.0,-100.0,698866,462492,296187,166305,203226,379616,-176390,10085,33148,23063,4.743112413538504,1.3521155552162738,3.3000603835356133,-0.0520272618781914,1.4430520300028904,23.79640732271995,-25.23945935272284
234,234,2019-11-29,46050.0,-500.0,844993,371873,393800,-21927,433549,386682,46867,-24940,39571,64511,4.682997373942743,-0.060115039595761026,7.634501114210414,4.3344407306748005,-2.951503740267671,-2.5949327390877794,5.54643647935545
235,235,2019-11-28,46550.0,450.0,540476,269059,277931,-8872,257078,149639,107439,-98567,14339,112906,2.653031771993576,-2.0299656019491668,20.890104278450845,13.255603164240432,-18.23707250645727,-1.641515997010043,19.878588503467313
236,236,2019-11-27,46100.0,250.0,753439,352456,251451,101005,366574,432783,-66209,-34796,34409,69205,4.5669257896126965,1.9138940176191204,9.185216055977989,-11.704888222472857,-4.618290266365293,13.405862982935579,-8.787572716570287
237,237,2019-11-26,45850.0,-200.0,2137333,692513,307450,385063,1332350,1758492,-426142,41079,112470,71391,5.262165511878589,0.6952397222658924,3.340190789175108,-5.8450252668028835,1.9219747227034814,18.01605084467418,-19.93802556737766
238,238,2019-11-25,46050.0,-150.0,1217858,549904,429987,119917,620967,666005,-45038,-74879,46987,121866,3.858167372550823,-1.4039981393277663,10.006585332608564,6.666394543433458,-6.148417960057741,9.846550254627386,-3.698132294569646
239,239,2019-11-22,46200.0,550.0,1097164,432276,422477,9799,640940,507744,133196,-142995,23948,166943,2.182718353865056,-1.675449018685767,15.215865631756053,5.209280299147489,-13.033147277890999,0.893120809651064,12.140026468239935
240,240,2019-11-21,45650.0,-300.0,1686894,674360,539160,135200,948844,1008079,-59235,-75965,63690,139655,3.7755780742595566,1.5928597203945007,8.278824869849558,-6.937040761906495,-4.503246795590002,8.014730030458345,-3.511483234868344
241,241,2019-11-20,45950.0,1050.0,2402413,735840,970307,-234467,1594360,938511,655849,-421382,72213,493595,3.0058528654315477,-0.7697252088280093,20.545801242334267,12.26697637248471,-17.53994837690272,-9.759645822762364,27.299594199665087
242,242,2019-11-19,44900.0,900.0,1834999,357557,447270,-89713,1427301,1033912,393389,-303676,50141,353817,2.73248105312319,-0.2733718123083575,19.281590889150348,-1.2642103531839195,-16.54910983602716,-4.8889944899152535,21.438104325942412
243,243,2019-11-18,44000.0,300.0,738224,329829,270150,59679,368426,311423,57003,-116682,39969,156651,5.414210320986585,2.681729267863394,21.219982010880166,1.9383911217298184,-15.805771689893582,8.08413164567936,7.721640044214222
244,244,2019-11-15,43700.0,0.0,1154688,619375,364522,254853,379282,577877,-198595,-56258,156031,212289,13.512827707571224,8.098617386584639,18.38496632856668,-2.835015682313489,-4.872138620995455,22.07115688393748,-17.199018262942023
245,245,2019-11-14,43700.0,300.0,908957,599304,390390,208914,271635,370792,-99157,-109757,38018,147775,4.182596096405,-9.330231611166225,16.257644751071833,-2.1273215774948437,-12.075048654666832,22.9839255322309,-10.908876877564065
246,246,2019-11-13,43400.0,-150.0,786626,298028,319088,-21060,449326,409472,39854,-18794,39272,58066,4.9924614747033536,0.8098653782983538,7.381652780355594,-8.875991970716237,-2.389191305652241,-2.677257044643833,5.066448350296074
247,247,2019-11-12,43550.0,550.0,619591,278691,360790,-82099,279234,199146,80088,2011,61666,59655,9.952694600147515,4.960233125444163,9.62812565063082,2.246472870275224,0.3245689495166973,-13.250515259259737,12.92594630974304
248,248,2019-11-11,43000.0,-300.0,882908,296307,309975,-13668,520333,538319,-17986,31654,66268,34614,7.505651777988193,-2.4470428221593226,3.920453773213064,-5.707671877417757,3.5851980047751293,-1.5480661631789496,-2.03713184159618
249,249,합계,,,499184806,155836906,159952208,-4115302,169501035,174163396,-4662361,8777663,173846865,165069202,34.826153142169154,27.32050136418096,33.06775366876852,29.14729989555545,1.7583994734006387,-0.824404499202646,-0.9339949741979927
