,Unnamed: 0,날짜,종가,대비,거래량,기관 매수,기관 매도,기관 순매수,외국인 매수,외국인 매도,외국인 순매수,개인 순매수,개인 매수,개인 매도,개인매수비율(%),개인매수비율증가(%p),개인매도비율(%),개인매도비율증가(%p),개인 순매수비율,기관 순매수비율,외국인 순매수비율
0,0,2020-11-11,238500.0,1500.0,394571,227139,111880,115259,107648,163668,-56020,-59239,59784,119023,15.151645711418226,,30.16516672538022,,-15.013521013961999,29.21121927359081,-14.197698259628812
1,1,2020-11-10,237000.0,3000.0,465479,195634,149026,46608,180384,112899,67485,-114093,89461,203554,19.21912696383725,4.067481252419027,43.730007153921015,13.564840428540794,-24.510880190083764,10.012911431020518,14.497968759063244
2,2,2020-11-09,234000.0,6000.0,346313,162017,137702,24315,110782,49086,61696,-86011,73514,159525,21.227617790842388,2.0084908270051365,46.06382087880039,2.333813724879377,-24.836203087958005,7.021105185193741,17.81509790276426
3,3,2020-11-06,228000.0,1000.0,292212,133812,114342,19470,97092,83437,13655,-33125,61308,94433,20.98065787852655,-0.2469599123158375,32.316605751988284,-13.747215126812108,-11.335947873461734,6.662970719888301,4.672977153573433
4,4,2020-11-05,227000.0,8000.0,492058,196742,162481,34261,203502,117928,85574,-119835,91814,211649,18.65918245410094,-2.3214754244256106,43.01301879046779,10.696413038479506,-24.35383633636685,6.96279706863825,17.3910392677286
5,5,2020-11-04,219000.0,-1500.0,317582,168511,149228,19283,78307,77217,1090,-20373,70764,91137,22.282119263686234,3.6229368095852905,28.697155380342718,-14.315863410125074,-6.415036116656486,6.071817672286213,0.3432184443702729
6,6,2020-11-03,220500.0,4500.0,317709,160203,67084,93119,114884,87019,27865,-120984,42622,163606,13.4154210299362,-8.86669823375003,51.49555096015536,22.798395579812656,-38.080129930219165,29.309525383291,8.770604546928164
7,7,2020-11-02,216000.0,8000.0,442086,220150,153415,66735,160468,140618,19850,-86585,61468,148053,13.904082011192394,0.4886609812561922,33.489637762788234,-18.005913197367136,-19.585555751595844,15.095479160163407,4.4900765914324365
8,8,2020-10-30,208000.0,-4000.0,369989,136121,122416,13705,150225,162935,-12710,-995,83643,84638,22.60688831289579,8.702806301703399,22.875815226939178,-10.613822535849057,-0.2689269140433905,3.704164177853936,-3.4352372638105457
9,9,2020-10-29,212000.0,-4000.0,450580,119218,127973,-8755,202421,171727,30694,-21939,128941,150880,28.616671845177326,6.009783532281535,33.485729504194595,10.609914277255417,-4.869057659017266,-1.943051178481069,6.812108837498336
10,10,2020-10-28,216000.0,-4000.0,298845,117391,92678,24713,77766,142334,-64568,39855,103688,63833,34.696247218457735,6.079575373280402,21.35990229048503,-12.125827213709565,13.336344927972695,8.269504258060199,-21.605849186032895
11,11,2020-10-27,220000.0,2000.0,511872,132221,139788,-7567,309849,276042,33807,-26240,69802,96042,13.63661227806952,-21.059634940388207,18.762893848462113,-2.5970084420229185,-5.126281570392599,-1.4782992623155788,6.604580832708177
12,12,2020-10-26,218000.0,-2000.0,600037,255318,230084,25234,126552,212003,-85451,60217,218167,157950,36.35892453298713,22.722312254917608,26.32337672510195,7.560482876639843,10.03554780788518,4.205407333214452,-14.240955141099633
13,13,2020-10-23,220000.0,10000.0,903396,534850,290407,244443,147669,141915,5754,-250197,220877,471074,24.449632276432485,-11.909292256554648,52.14479585918025,25.821419134078287,-27.695163582747764,27.058233598554786,0.6369299841929785
14,14,2020-10-22,210000.0,3000.0,463459,177434,88887,88547,221941,231187,-9246,-79301,64084,143385,13.827328846780407,-10.622303429652078,30.938011776662012,-21.20678408251824,-17.11068292988161,19.10568140871145,-1.9949984788298425
15,15,2020-10-21,207000.0,500.0,249347,129874,96424,33450,54688,109652,-54964,21514,64785,43271,25.981864630414638,12.154535783634234,17.35372793737242,-13.584283839289592,8.628136693042226,13.41504008470124,-22.043176777743465
16,16,2020-10-20,206500.0,-2000.0,350583,173734,87259,86475,66696,185119,-118423,31948,110153,78205,31.41994905628625,5.4380844258716055,22.307128411816887,4.953400474444468,9.112820644469355,24.666056254866895,-33.77887689933625
17,17,2020-10-19,208500.0,6500.0,424316,314458,119946,194512,54841,100861,-46020,-148492,55017,203509,12.966044174624571,-18.45390488166167,47.96166064913885,25.654532237321963,-34.99561647451428,45.8413069504803,-10.845690475966025
18,18,2020-10-16,202000.0,-3000.0,269441,127199,82693,44506,59970,122503,-62533,18027,82272,64245,30.534328480075413,17.568284305450845,23.84380996210673,-24.117850687032124,6.690518517968683,16.51790187833329,-23.208420396301975
19,19,2020-10-15,205000.0,4500.0,309713,162520,76567,85953,87927,82234,5693,-91646,59266,150912,19.13578054521444,-11.398547934860975,48.726401539489785,24.88259157738305,-29.590620994275344,27.752467607107224,1.8381533871681202
20,20,2020-10-14,200500.0,-4500.0,300335,108160,91917,16243,94652,143804,-49152,32909,97523,64614,32.471406928929355,13.335626383714919,21.513976060066263,-27.212425479423533,10.957430868863103,5.408294071620024,-16.365724940483126
21,21,2020-10-13,205000.0,-2000.0,190587,96168,89063,7105,39775,54465,-14690,7585,54644,47059,28.671420401181607,-3.799986527747748,24.69161065550116,3.1776345954349026,3.97980974568045,3.727956261444904,-7.707766007125355
22,22,2020-10-12,207000.0,-1000.0,269502,107167,92296,14871,43446,125090,-81644,66773,118889,52116,44.11432939273177,15.442908991550162,19.337889885789345,-5.353720769711816,24.776439506942435,5.517955339849055,-30.29439484679149
23,23,2020-10-08,208000.0,3000.0,554481,231012,191163,39849,188621,102132,86489,-126338,134848,261186,24.319679123360405,-19.79465026937137,47.104589697392704,27.766699811603356,-22.784910574032292,7.186720554897282,15.59819001913501
24,24,2020-10-07,205000.0,3000.0,294582,163965,92323,71642,59297,83368,-24071,-47571,71320,118891,24.210576342071143,-0.1091027812892662,40.35922086210292,-6.745368835289781,-16.148644520031773,24.319883767507857,-8.171239247476084
25,25,2020-10-06,202000.0,-3000.0,277292,128713,71303,57410,68749,118412,-49663,-7747,79830,87577,28.789146459328073,4.578570117256933,31.5829522669244,-8.776268595178518,-2.7938058075963244,20.703806817362203,-17.910001009765878
26,26,2020-10-05,205000.0,9000.0,723156,306726,137718,169008,316501,146203,170298,-339306,99929,439235,13.818456875141742,-14.970689584186331,60.73862347819835,29.155671211273948,-46.9201666030566,23.3708909280985,23.5492756749581
27,27,2020-09-29,196000.0,2000.0,351353,156918,59115,97803,132358,178156,-45798,-52005,62077,114082,17.667986327141076,3.8495294519993375,32.46933995155869,-28.269283526639647,-14.801353624417608,27.836107845955492,-13.034754221537884
28,28,2020-09-28,194000.0,0.0,243804,141706,79732,61974,51918,73027,-21109,-40865,50180,91045,20.58210693836032,2.9141206112192433,37.34352184541681,4.874181893858122,-16.761414907056487,25.41959935029778,-8.658184443241293
29,29,2020-09-25,194000.0,6000.0,348033,173804,87919,85885,111413,135846,-24433,-61452,62816,124268,18.048863182514307,-2.5332437558460192,35.70580950656978,-1.637712338847031,-17.65694632405548,24.67725761637546,-7.020311292319981
30,30,2020-09-24,188000.0,-7000.0,369215,133096,138528,-5432,50300,140729,-90429,95861,185819,89958,50.328128597158845,32.279265414644534,24.3646655742589,-11.341143932310876,25.963463022899937,-1.4712295004265807,-24.492233522473356
31,31,2020-09-23,195000.0,500.0,450482,250183,166359,83824,60123,159471,-99348,15524,140176,124652,31.1168925728442,-19.21123602431464,27.670805936752192,3.3061403624932915,3.446086636092008,18.607624721964473,-22.053711358056482
32,32,2020-09-22,194500.0,3500.0,953120,560929,236146,324783,191354,319066,-127712,-197071,200837,397908,21.071533490011753,-10.045359082832444,41.747943595769684,14.077137659017492,-20.67641010575793,34.0757722007722,-13.399362095014268
33,33,2020-09-21,191000.0,-1000.0,358087,180838,93713,87125,79868,137800,-57932,-29193,97381,126574,27.194787858816433,6.12325436880468,35.34727594132153,-6.400667654448164,-8.152488082505089,24.330679415896135,-16.178191333391048
34,34,2020-09-18,192000.0,2000.0,522946,214227,123910,90317,172457,195403,-22946,-67371,136262,203633,26.056610051515836,-1.1381778073006004,38.93958458425918,3.59230864293766,-12.882974532743342,17.27080807578603,-4.387833543042685
35,35,2020-09-17,190000.0,1000.0,299058,101598,95783,5815,120893,114219,6674,-12489,76567,89056,25.60272589263621,-0.4538841588796174,29.778838887439896,-9.160745696819284,-4.176112994803684,1.9444388713894964,2.2316741234141872
36,36,2020-09-16,189000.0,-500.0,200188,90520,83080,7440,38111,63442,-25331,17891,71557,53666,35.74489979419346,10.142173901557245,26.80780066737267,-2.971038220067225,8.937099126820788,3.716506483905129,-12.653605610725918
37,37,2020-09-15,189500.0,-500.0,276837,101023,100121,902,77895,94868,-16973,16071,97919,81848,35.37063326072743,-0.37426653346602734,29.565412137828396,2.7576114704557253,5.8052211228990345,0.325823499026503,-6.131044621925537
38,38,2020-09-14,190000.0,4500.0,258053,108808,76850,31958,85258,72352,12906,-44864,63987,108851,24.796069024580227,-10.574564236147207,42.181644855901695,12.6162327180733,-17.38557583132147,12.384277648390059,5.001298182931413
39,39,2020-09-11,185500.0,0.0,202517,76386,73297,3089,47833,86753,-38920,35831,78298,42467,38.66243327720636,13.866364252626138,20.969597614027464,-21.21204724187423,17.692835663178894,1.5253040485490108,-19.218139711727904
40,40,2020-09-10,185500.0,500.0,412264,212633,182367,30266,103997,159370,-55373,25107,95634,70527,23.197271651174976,-15.465161626031385,17.10724196146159,-3.8623556525658733,6.090029689713387,7.341412298915258,-13.431441988628645
41,41,2020-09-09,185000.0,-2000.0,326016,81670,116233,-34563,83629,152863,-69234,103797,160717,56920,49.29727375343542,26.100002102260447,17.45926580290538,0.35202384144379195,31.838007950530034,-10.60162691401649,-21.236381036513546
42,42,2020-09-08,187000.0,-1000.0,268589,101311,96939,4372,45702,115188,-69486,65114,121576,56462,45.26469810751743,-4.032575645917986,21.021709749840838,3.5624439469354563,24.242988357676598,1.6277658429794222,-25.87075420065602
43,43,2020-09-07,188000.0,2000.0,316466,170537,110158,60379,59823,108457,-48634,-11745,86106,97851,27.20861008765555,-18.056088019861892,30.919909247754887,9.898199497914057,-3.711299160099347,19.07914278311098,-15.367843623011634
44,44,2020-09-04,186000.0,-3000.0,285469,79413,112046,-32633,106043,98584,7459,25174,100013,74839,35.034627227474786,7.826017139819242,26.2161565704157,-4.703752677339196,8.818470657059086,-11.431363825844487,2.6128931687854022
45,45,2020-09-03,189000.0,1000.0,263157,106720,109818,-3098,62184,88893,-26709,29807,94253,64446,35.816261775290045,0.7816345478152513,24.4895632645151,-1.7265933059006002,11.326698510774937,-1.177244002629609,-10.149454508145327
46,46,2020-09-02,188000.0,1500.0,220654,93049,69088,23961,51409,106715,-55306,31345,76196,44851,34.531891558729946,-1.2843702165600843,20.32639335792689,-4.163169906588209,14.205498200803067,10.859082545523762,-25.06458074632683
47,47,2020-09-01,186500.0,2000.0,323816,126505,121383,5122,122904,154911,-32007,26885,74407,47522,22.97817278948539,-11.553718769244563,14.675618252340836,-5.650775105586053,8.302554537144552,1.5817624823974108,-9.884317019541962
48,48,2020-08-31,184500.0,-5000.0,542851,176099,146039,30060,201931,333960,-132029,101969,164821,62852,30.362106729102457,7.383933939617072,11.57813101569307,-3.097487236647765,18.78397571340939,5.537431081456974,-24.321406794866363
49,49,2020-08-28,189500.0,1000.0,377563,176365,116318,60047,122242,173130,-50888,-9159,78956,88115,20.912006737948367,-9.450099991154094,23.337827064622324,11.759696048929255,-2.425820326673959,15.903835916125256,-13.478015589451298
50,50,2020-08-27,188500.0,-4500.0,432450,82647,158741,-76094,69334,132453,-63119,139213,280469,141256,64.85582148225228,43.94381474430392,32.664123020002314,9.326295955379988,32.191698462249974,-17.596022661579372,-14.595675800670598
51,51,2020-08-26,193000.0,-7500.0,512515,91281,172092,-80811,88285,239586,-151301,232112,332949,100837,64.96375715832707,0.10793567607478848,19.67493634332654,-12.989186676675775,45.288820815000534,-15.767538511067968,-29.52128230393257
52,52,2020-08-25,200500.0,1500.0,223434,81948,95513,-13565,68446,66218,2228,11337,73040,61703,32.689742832335284,-32.274014325991786,27.61576125388257,7.940824910556035,5.073981578452697,-6.07114405148724,0.9971624730345426
53,53,2020-08-24,199000.0,0.0,205330,96934,91032,5902,48707,52565,-3858,-2044,59689,61733,29.06979009399504,-3.619952738340242,30.06526079968831,2.449499545805736,-0.9954707056932742,2.8743973116446697,-1.8789266059513954
54,54,2020-08-21,199000.0,4000.0,257961,136195,102417,33778,73725,53372,20353,-54131,48041,102172,18.62335779439527,-10.44643229959976,39.60753757350918,9.54227677382086,-20.984179779113898,13.09422742197464,7.889952357139258
55,55,2020-08-20,195000.0,-6000.0,373768,167954,216706,-48752,87557,31487,56070,-7318,118257,125575,31.639145138160572,13.015787343765291,33.59704415573297,-6.010493417776202,-1.9578990175723978,-13.04338520151538,15.001284219087776
56,56,2020-08-19,201000.0,-2000.0,220589,99909,91012,8897,24039,41840,-17801,8904,96641,87737,43.81043479049273,12.17128965233216,39.77396878357488,6.176924627841912,4.036466006917843,4.03329268458536,-8.069758691503203
57,57,2020-08-18,203000.0,-7500.0,437588,195006,148793,46213,121561,120982,579,-46792,121021,167813,27.65637997385669,-16.15405481663604,38.349543406126315,-1.4244253774485642,-10.693163432269623,10.560847189593865,0.13231624267575892
58,58,2020-08-14,210500.0,4500.0,438014,216456,145955,70501,63532,77662,-14130,-56371,158026,214397,36.077842260749655,8.421462286892968,48.947522225317,10.59797881919068,-12.869679964567343,16.095604250092464,-3.22592428552512
59,59,2020-08-13,206000.0,-2500.0,397625,189699,145740,43959,82286,138126,-55840,11881,125640,113759,31.59761081420937,-4.480231446540284,28.609619616472806,-20.337902608844182,2.987991197736561,11.055391386356492,-14.043382584093052
60,60,2020-08-12,208500.0,1500.0,360782,138381,101323,37058,55616,86835,-31219,-5839,166785,172624,46.22874755392454,14.631136739715163,47.847176411240035,19.23755679476722,-1.618428857315498,10.271576741633451,-8.653147884317955
61,61,2020-08-11,207000.0,8500.0,655895,241066,183133,57933,190717,59602,131115,-189048,224112,413160,34.168883739013104,-12.059863814911429,62.991789844411066,15.144613433171045,-28.82290610539797,8.832663764779424,19.990242340618543
62,62,2020-08-10,198500.0,1500.0,302994,135469,128990,6479,46851,57053,-10202,3723,120674,116951,39.82719129751744,5.658307558504339,38.59845409480055,-24.393335749610518,1.2287372027168855,2.1383261714753425,-3.3670633741922282
63,63,2020-08-07,197000.0,-4000.0,335833,84282,128775,-44493,71648,85236,-13588,58081,179903,121822,53.56918468405427,13.741993386536825,36.27457694747092,-2.3238771473296325,17.294607736583362,-13.248549130073577,-4.046058606509783
64,64,2020-08-06,201000.0,7000.0,384949,129352,96622,32730,167763,58272,109491,-142221,87834,230055,22.817048492137925,-30.75213619191635,59.762462040426136,23.487885092955214,-36.945413548288215,8.502424996557986,28.442988551730227
65,65,2020-08-05,194000.0,0.0,196344,66814,103657,-36843,50836,33122,17714,19129,78694,59565,40.07965611375953,17.262607621621605,30.33706148392617,-29.425400556499966,9.742594629833354,-18.764515340422932,9.021920710589578
66,66,2020-08-04,194000.0,2000.0,226337,77984,87237,-9253,81893,74603,7290,1963,66460,64497,29.363294556347387,-10.716361557412137,28.49600374662561,-1.8410577373005632,0.8672908097217865,-4.088151738337081,3.220860928615295
67,67,2020-08-03,192000.0,-1500.0,240285,79641,116687,-37046,83923,68362,15561,21485,76721,55236,31.929167446990032,2.565872890642641,22.987702103751797,-5.508301642873813,8.941465343238239,-15.41752502236927,6.476059679131032
68,68,2020-07-31,193500.0,-5500.0,379886,102319,157656,-55337,136573,139297,-2724,58061,140994,82933,37.114818656123155,5.185651209133123,21.831022991107854,-1.1566791126439355,15.283795665015294,-14.566738442585407,-0.7170572224298869
69,69,2020-07-30,199000.0,-2500.0,361731,97029,140178,-43149,146476,145831,645,42504,118226,75722,32.683402860136404,-4.431415795986752,20.93323491765981,-0.8977880734480514,11.750167942476592,-11.928477238611013,0.17830929613442034
70,70,2020-07-29,201500.0,-500.0,333000,96347,119851,-23504,158994,95059,63935,-40431,77659,118090,23.321021021021018,-9.362381839115383,35.46246246246246,14.529227544802653,-12.141441441441442,-7.058258258258259,19.1996996996997
71,71,2020-07-28,202000.0,6000.0,466607,90037,126581,-36544,287558,114292,173266,-136722,89012,225734,19.076439058993973,-4.244581962027048,48.377756870342715,12.915294407880245,-29.30131781134874,-7.831858501908458,37.133176313257195
72,72,2020-07-27,196000.0,2000.0,243664,87853,89505,-1652,90000,57588,32412,-30760,65811,96571,27.00891391424257,7.932474855248593,39.63285507912535,-8.744901791217359,-12.623941164882789,-0.6779827959813514,13.30192396086414
73,73,2020-07-24,194000.0,-1500.0,327478,116476,124909,-8433,132165,70514,61651,-53218,78837,132055,24.073983595844606,-2.93493031839796,40.324846249213685,0.6919911700883361,-16.250862653369083,-2.5751348182167964,18.82599747158588
74,74,2020-07-23,195500.0,-2000.0,444433,151378,213942,-62564,166962,112414,54548,8016,126093,118077,28.37165557013093,4.2976719742863265,26.568009126234998,-13.756837122978688,1.8036464438959303,-14.077262489509105,12.273616045613174
75,75,2020-07-22,197500.0,6000.0,810125,253874,198117,55757,354220,134235,219985,-275742,202031,477773,24.93825027002006,-3.433405300110873,58.97521987347631,32.407210747241315,-34.03696960345626,6.882518129918222,27.154451473538035
76,76,2020-07-21,191500.0,4000.0,461232,172869,126195,46674,154487,100234,54253,-100927,133876,234803,29.025739757865885,4.0874894878458266,50.90778610330593,-8.067433770170382,-21.88204634544004,10.11941929441149,11.76262705102855
77,77,2020-07-20,187500.0,1000.0,198370,77218,84412,-7194,51039,38000,13039,-5845,70113,75958,35.34455814891365,6.318818391047762,38.29107223874578,-12.616713864560154,-2.946514089832132,-3.6265564349448,6.573070524776932
78,78,2020-07-17,186500.0,0.0,222271,64778,82572,-17794,90996,65643,25353,-7559,66497,74056,29.91708320023755,-5.4274749486761,33.317886723864106,-4.9731855148816715,-3.400803523626564,-8.005542783359052,11.406346306985617
79,79,2020-07-16,186500.0,0.0,267345,120310,94776,25534,89888,101921,-12033,-13501,57147,70648,21.375750434831396,-8.541332765406151,26.425779423591237,-6.8921073002728654,-5.050028988759842,9.550954758832221,-4.500925770072379
80,80,2020-07-15,186500.0,2000.0,471306,195337,138198,57139,122901,129998,-7097,-50042,153068,203110,32.47741382456408,11.101663389732686,43.09514413141356,16.66936470782232,-10.617730306849477,12.123546061369895,-1.5058157545204178
81,81,2020-07-14,184500.0,-2500.0,188702,76688,85731,-9043,54129,66497,-12368,21411,57885,36474,30.67535055272334,-1.8020632718407408,19.32888893599432,-23.766255195419244,11.346461616729023,-4.792212059225657,-6.554249557503365
82,82,2020-07-13,187000.0,5000.0,261632,108311,72230,36081,82762,58723,24039,-60120,70559,130679,26.968795865949122,-3.7065546867742216,49.94763637475538,30.618747438761066,-22.97884050880626,13.79074425146771,9.188096257338552
83,83,2020-07-10,182000.0,-6500.0,327123,97841,174341,-76500,38511,81114,-42603,119103,190771,71668,58.317819291214626,31.349023425265514,21.908578730324678,-28.039057644430706,36.40924056088994,-23.385698957272954,-13.023541603616987
84,84,2020-07-09,188500.0,-2000.0,375630,164991,198306,-33315,126721,90665,36056,-2741,83918,86659,22.340601123445946,-35.977218167768676,23.070308548305512,1.1617298179808344,-0.7297074248595693,-8.869099912147592,9.59880733700716
85,85,2020-07-08,190500.0,5500.0,537845,173733,158021,15712,275811,106191,169620,-185332,88301,273633,16.41755524361108,-5.923045879834862,50.875809945244434,27.80550139693893,-34.45825470163337,2.921287731595534,31.536966970037835
86,86,2020-07-07,185000.0,2000.0,358072,112384,127825,-15441,185443,93977,91466,-76025,60245,136270,16.824828526106483,0.4072732824953995,38.05659197032999,-12.819217974914453,-21.231763444223507,-4.312261221206908,25.544024665430417
87,87,2020-07-06,183000.0,1500.0,190812,97539,76997,20542,56482,34919,21563,-42105,36791,78896,19.281282099658306,2.4564535735518227,41.347504349831254,3.2909123795012576,-22.066222250172945,10.765570299561873,11.300651950611073
88,88,2020-07-03,181500.0,500.0,189200,84823,86289,-1466,62139,42171,19968,-18502,42238,60740,22.324524312896404,3.0432422132381056,32.10359408033827,-9.24391026949298,-9.779069767441861,-0.7748414376321353,10.553911205073996
89,89,2020-07-02,181000.0,2500.0,252859,85221,144825,-59604,113062,57927,55135,4469,54576,50107,21.58357029016171,-0.740954022734698,19.81618214103512,-12.287411939303148,1.7673881491265884,-23.57203026192463,21.804642112798042
90,90,2020-07-01,178500.0,4500.0,473226,183645,242535,-58890,229491,47382,182109,-123219,60090,183309,12.69794981678944,-8.88562047337227,38.73603732677409,18.919855185738975,-26.03808750998466,-12.444371188396241,38.4824586983809
91,91,2020-06-30,174000.0,-1500.0,415286,119095,187079,-67984,133092,159095,-26003,93987,163099,69112,39.27389798837428,26.57594817158484,16.642025014086677,-22.094012312687422,22.6318729742876,-16.370404973921588,-6.261468000366013
92,92,2020-06-29,175500.0,-7500.0,371334,105323,237197,-131874,65645,74150,-8505,140379,200366,59987,53.958430954342994,14.684532965968714,16.154459327721135,-0.4875656863655422,37.80397162662185,-35.51358076556416,-2.2903908610577
93,93,2020-06-26,183000.0,3000.0,290441,79681,137732,-58051,117134,83260,33874,24177,93626,69449,32.23580692808522,-21.722624026257773,23.911568958927976,7.75710963120684,8.324237969157247,-19.987191890952037,11.662953921794788
94,94,2020-06-25,180000.0,-5000.0,321621,39684,139511,-99827,125734,114518,11216,88611,156203,67592,48.56741319752131,16.331606269436094,21.01604061923817,-2.8955283396898035,27.551372578283136,-31.03870704960186,3.487334471318726
95,95,2020-06-24,185000.0,2000.0,284129,98401,134457,-36056,109489,53453,56036,-19980,76239,96219,26.83253029433813,-21.734882903183173,33.86454744147905,12.848506822240875,-7.032017147140912,-12.690010523389024,19.722027670529936
96,96,2020-06-23,183000.0,-3000.0,277109,94574,139472,-44898,53272,61548,-8276,53174,129263,76089,46.646987286591205,19.814456992253067,27.458148237697078,-6.4063992037819695,19.188839048894117,-16.202288630105844,-2.9865504187882745
97,97,2020-06-22,186000.0,-4500.0,212866,62397,82120,-19723,68469,82740,-14271,33994,82000,48006,38.5218870087285,-8.1251002778627,22.552215948061217,-4.905932289635857,15.969671060667274,-9.265453383818928,-6.704217676848346
98,98,2020-06-19,190500.0,4000.0,363079,117827,133106,-15279,189166,132960,56206,-40927,56086,97013,15.447326890291095,-23.074560118437404,26.719529358624435,4.167313410563214,-11.272202468333338,-4.208175080354414,15.480377548687752
99,99,2020-06-18,186500.0,-500.0,205015,98843,90634,8209,56203,48825,7378,-15587,49969,65556,24.37333853620467,8.926011645913572,31.976196863644123,5.2566675050196885,-7.602858327439455,4.004097261176011,3.598761066263444
100,100,2020-06-17,187000.0,-500.0,360457,111016,166012,-54996,158962,93780,65182,-10186,90479,100665,25.101190988106765,0.7278524519020984,27.927048163858657,-4.049148699785466,-2.8258571757518927,-15.25729837400855,18.08315554976044
101,101,2020-06-16,187500.0,12500.0,409758,166765,160231,6534,131925,79713,52212,-58746,111068,169814,27.105755104232248,2.00456411612549,41.44250996929895,13.515461805440294,-14.336754865066698,1.594599739358353,12.742155125708345
102,102,2020-06-15,175000.0,-11500.0,467754,146335,198561,-52226,81926,121788,-39862,92088,239493,147405,51.200631100963314,24.094875996731066,31.51335958644929,-9.929150382849668,19.68727151451404,-11.165270633709172,-8.522000880804868
103,103,2020-06-12,186500.0,-7000.0,473608,164887,187467,-22580,83403,99622,-16219,38799,225318,186519,47.574787588047506,-3.6258435129158215,39.382569551190024,7.8692099647407305,8.192218036857486,-4.767655951757572,-3.4245620850999137
104,104,2020-06-11,193500.0,-4500.0,637625,284561,376210,-91649,85791,128743,-42952,134601,267273,132672,41.9169574593217,-5.6578301287257995,20.80721427171143,-18.575355279478586,21.109743187610274,-14.373495393060184,-6.7362477945500885
105,105,2020-06-10,198000.0,-500.0,357615,127924,166701,-38777,110967,72623,38344,433,118724,118291,33.19883114522601,-8.718126314095691,33.07775121289655,12.270536941185119,0.12107993232946046,-10.843225256211289,10.722145323881827
106,106,2020-06-09,198500.0,-4000.0,662411,182186,261733,-79547,155377,122711,32666,46881,324848,277967,49.040248425826256,15.841417280600258,41.9629203017462,8.885169088849645,7.077328124080065,-12.008707584868004,4.93137946078794
107,107,2020-06-08,202500.0,2000.0,390712,125458,174919,-49461,127961,38255,89706,-40245,137293,177538,35.13918180142919,-13.901066624397075,45.43960769057516,3.476687388828964,-10.30042588914597,-12.659196543745777,22.959622432891745
108,108,2020-06-05,200500.0,-2500.0,404474,176432,145345,31087,74152,131580,-57428,26341,153890,127549,38.04694492105797,2.9077631196287825,31.534536212463593,-13.905071478111566,6.512408708594372,7.685784500363435,-14.198193208957807
109,109,2020-06-04,203000.0,500.0,666183,218610,229229,-10619,162820,122023,40797,-30178,284753,314931,42.74396074351942,4.697015822461452,47.27394724872895,15.73941103626536,-4.529986505209529,-1.5940064516806944,6.123992956890224
110,110,2020-06-03,202500.0,13500.0,1148869,473533,248392,225141,221183,110123,111060,-336201,454153,790354,39.5304425482801,-3.213518195239331,68.79409227683922,21.52014502811027,-29.26364972855913,19.596751239697475,9.666898488861655
111,111,2020-06-02,189000.0,6500.0,552966,216061,177471,38590,169845,113887,55958,-94548,167060,261608,30.211622414397997,-9.318820133882099,47.30996119110397,-21.48413108573525,-17.098338776705983,6.978729252793119,10.119609523912862
112,112,2020-06-01,182500.0,1500.0,308421,126901,104510,22391,63459,108429,-44970,22579,118061,95482,38.27917035480723,8.067547940409234,30.958332928043166,-16.35162826306081,7.320837426764066,7.259881784962762,-14.580719211726828
113,113,2020-05-29,181000.0,-3500.0,842257,124117,146929,-22812,559614,564363,-4749,27561,158526,130965,18.82157108815955,-19.45759926664768,15.549291961954609,-15.409040966088554,3.272279126204947,-2.708436973512835,-0.5638421526921118
114,114,2020-05-28,184500.0,2000.0,898715,250135,247298,2837,418656,204618,214038,-216875,229924,446799,25.58363886215319,6.762067773993636,49.71531575638551,34.1660237944309,-24.13167689423232,0.3156729330210356,23.816003961211283
115,115,2020-05-27,182500.0,6500.0,803853,300485,195758,104727,234374,84983,149391,-254118,268994,523112,33.463083424456954,7.879444562303767,65.07557973908165,15.36026398269614,-31.61249631462469,13.028128277185008,18.58436803743968
116,116,2020-05-26,176000.0,4000.0,460196,172883,151069,21814,148101,102236,45865,-67679,139212,206891,30.250588879520897,-3.212494544936053,44.95714869316552,-20.118431045916125,-14.70655981364462,4.740154195169015,9.966405618475607
117,117,2020-05-25,172000.0,0.0,245045,96379,124182,-27803,51992,59205,-7213,35016,96674,61658,39.45152931094289,9.200940431421987,25.16190903711563,-19.79523965604989,14.289620273827257,-11.346079291558693,-2.943540982268563
118,118,2020-05-22,172000.0,-5000.0,441297,110176,209211,-99035,76754,115546,-38792,137827,254367,116540,57.64077254094181,18.189243229998922,26.40851852607201,1.2466094889563806,31.232254014869802,-22.441802232963287,-8.790451781906517
119,119,2020-05-21,177000.0,2500.0,362478,126553,150979,-24426,118412,100614,17798,6628,117513,110885,32.419346829324816,-25.221425711616998,30.590822063683863,4.182303537611856,1.8285247656409493,-6.738615860824657,4.910091095183708
120,120,2020-05-20,174500.0,-3500.0,383809,113110,143137,-30027,66824,133875,-67051,97078,203875,106797,53.11886902078898,20.699522191464172,27.825559067140173,-2.7652629965437012,25.29330995364882,-7.823422587797577,-17.469887365851243
121,121,2020-05-19,178000.0,9000.0,724613,408588,129671,278917,181438,163133,18305,-297222,134587,431809,18.573638618131334,-34.545230402657644,59.591671692337854,31.766112625197678,-41.01803307420651,38.49185703265053,2.5261760415559755
122,122,2020-05-18,169000.0,1000.0,332808,166087,104785,61302,80579,154144,-73565,12263,86142,73879,25.88339222614841,7.3097536080170755,22.19868512776135,-37.39298656457649,3.684707098387058,18.419629335833275,-22.104336434220333
123,123,2020-05-15,168000.0,0.0,311479,112227,92180,20047,74409,137657,-63248,43201,124843,81642,40.08071170127039,14.19731947512198,26.211076830219692,4.012391702458341,13.869634871050696,6.4360679211118565,-20.305702792162553
124,124,2020-05-14,168000.0,-5000.0,469714,190039,247716,-57677,69093,157514,-88421,146098,210582,64484,44.83196157661896,4.75124987534857,13.728353849363653,-12.482722980856035,31.10360772725531,-12.27917413575069,-18.82443359150462
125,125,2020-05-13,173000.0,3000.0,347924,136815,132775,4040,78652,110018,-31366,27326,132457,105131,38.070670606224354,-6.7612909703946125,30.216656511192102,16.488302661828445,7.854014095032248,1.1611731297639714,-9.01518722479622
126,126,2020-05-12,170000.0,-6000.0,552954,152808,220791,-67983,88622,177217,-88595,156578,311524,154946,56.33814024313053,18.26746963690618,28.021499075872498,-2.195157435319601,28.316641167258037,-12.29451274427891,-16.022128422979126
127,127,2020-05-11,176000.0,-4000.0,323982,95900,153092,-57192,65065,52586,12479,44713,163017,118304,50.316684260236684,-6.021455982893856,36.515608891852004,8.494109815979513,13.801075368384664,-17.652832564772115,3.8517571963874535
128,128,2020-05-08,180000.0,500.0,265401,104327,119176,-14849,28065,58212,-30147,44996,133009,88013,50.11623920030445,-0.20044505993222828,33.162271430778326,-3.3533374610736786,16.953967769526113,-5.594929936209735,-11.359037833316378
129,129,2020-05-07,179500.0,-500.0,288705,87036,87402,-366,83256,125923,-42667,43033,118413,75380,41.015223151659995,-9.101016048644453,26.109696749276942,-7.052574681501388,14.905526402383055,-0.1267730035849743,-14.77875339879808
130,130,2020-05-06,180000.0,1500.0,369838,98536,93211,5325,156586,165845,-9259,3934,114716,110782,31.017905136843694,-9.997318014816297,29.954196161562628,3.8444994122856815,1.0637089752810691,1.4398195966882796,-2.5035285719693485
131,131,2020-05-04,178500.0,-6000.0,635253,143818,226955,-83137,185740,269231,-83491,166628,305695,139067,48.12177195542564,17.10386681858194,21.89159279845983,-8.062603363102799,26.230179156965807,-13.087226664022051,-13.142952492943756
132,132,2020-04-29,184500.0,7000.0,614504,203234,158144,45090,227567,141004,86563,-131653,183703,315356,29.894516553187607,-18.227255402238022,51.318787184460966,29.42719438600114,-21.42427063127335,7.337625141577598,14.086645489695755
133,133,2020-04-28,177500.0,3500.0,419709,136118,106715,29403,95128,93219,1909,-31312,188463,219775,44.90325439768983,15.008737844502216,52.36366148926994,1.044874304808978,-7.460407091580119,7.005568143642381,0.4548389479377378
134,134,2020-04-27,174000.0,1000.0,421809,160010,122164,37846,69696,118704,-49008,11162,192103,180941,45.542650820632076,0.6393964229422551,42.89642942658881,-9.467232062681132,2.6462213940432755,8.9723073713458,-11.618528765389074
135,135,2020-04-24,173000.0,1500.0,387885,106972,135833,-28861,95089,99859,-4770,33631,185824,152193,47.906982739729564,2.3643319190974736,39.23662941335705,-3.65980001323176,8.670353326372508,-7.440607396522165,-1.2297459298503421
136,136,2020-04-23,171500.0,1500.0,339869,124937,117409,7528,66989,74530,-7541,13,147943,147930,43.529418687788535,-4.377564051941029,43.52559368462555,4.288964271268497,0.0038250031629833846,2.214971062379917,-2.2187960655429
137,137,2020-04-22,170000.0,-1000.0,464539,121186,177555,-56369,76268,149321,-73053,129422,267085,137663,57.49463446556694,13.965215777778413,29.634325643272142,-13.891268041353404,27.86030882229479,-12.134395605105276,-15.725913217189515
138,138,2020-04-21,171000.0,-4500.0,560075,166902,193792,-26890,127838,167173,-39335,66225,265335,199110,47.374905146632145,-10.119729318934796,35.55059590233451,5.916270259062362,11.82430924429764,-4.801142704102129,-7.0231665401955095
139,139,2020-04-20,175500.0,-500.0,390955,129679,169160,-39481,81457,99640,-18183,57664,179819,122155,45.994807586550884,-1.3800975600812606,31.24528398409024,-4.305311918244269,14.749523602460641,-10.098604698750496,-4.650918903710146
140,140,2020-04-17,176000.0,0.0,550330,143751,145381,-1630,90425,195396,-104971,106601,316154,209553,57.448076608580315,11.453269022029426,38.07769883524431,6.832414851154066,19.370377773336,-0.2961859248087511,-19.074191848527246
141,141,2020-04-16,176000.0,-7000.0,653004,185501,174569,10932,149808,315000,-165192,154260,317695,163435,48.65130994603402,-8.79676666254629,25.028177469050732,-13.049521366193574,23.623132476983297,1.6741091938181083,-25.297241670801405
142,142,2020-04-14,183000.0,2000.0,602681,234292,166819,67473,105141,163336,-58195,-9278,263248,272526,43.67949213597243,-4.971817810061587,45.21894667328154,20.190769204230822,-1.5394545373091237,11.19547488638268,-9.656020349073556
143,143,2020-04-13,181000.0,3000.0,994277,285191,350547,-65356,194797,183322,11475,53881,514289,460408,51.72492172704387,8.04542959107144,46.30580813998513,1.0868614667035814,5.419113587058737,-6.5732185296451595,1.154104942586422
144,144,2020-04-10,178000.0,13500.0,977632,354919,209728,145191,173515,160975,12540,-157731,449198,606929,45.94755490818631,-5.7773668188575575,62.081539884128176,15.775731744143044,-16.133984975941868,14.851293738339171,1.282691237602697
145,145,2020-04-09,164500.0,3500.0,650779,221364,283356,-61992,174025,126980,47045,14947,255390,240443,39.24373712120397,-6.7038177869823405,36.94695126917125,-25.13458861495693,2.2967858520327176,-9.525814446993527,7.229028594960808
146,146,2020-04-08,161000.0,-500.0,440329,146570,171099,-24529,95905,123500,-27595,52124,197854,145730,44.933220387483,5.6894832662790265,33.095707981986195,-3.851243287185056,11.837512405496799,-5.5706074321700365,-6.2669049733267626
147,147,2020-04-07,161500.0,500.0,643379,144634,174973,-30339,137173,244952,-107779,138118,361572,223454,56.198912305188706,11.265691917705702,34.73131699977773,1.6356090177915377,21.467595305410963,-4.715572003438098,-16.752023301972866
148,148,2020-04-06,161000.0,4000.0,362428,155687,79736,75951,56814,96168,-39354,-36597,149927,186524,41.36738883309236,-14.831523472096336,51.46511858907147,16.733801589293748,-10.097729755979119,20.956162327413995,-10.858432571434879
149,149,2020-04-03,157000.0,1000.0,395194,94505,140377,-45872,159958,143168,16790,29082,140731,111649,35.610611497138116,-5.756777335954246,28.25169410466758,-23.213424484403895,7.358917392470533,-11.607463676067956,4.248546283597423
150,150,2020-04-02,156000.0,1000.0,478869,145105,167245,-22140,164507,199476,-34969,57109,169257,112148,35.34515702624309,-0.2654544708950297,23.419348506585308,-4.832345598082269,11.925808519657776,-4.623393871810453,-7.302414647847324
151,151,2020-04-01,155000.0,-6000.0,396564,95626,187037,-91411,115355,120478,-5123,96534,185583,89049,46.7977426090114,11.452585582768323,22.455139649589977,-0.9642088569953308,24.34260295942143,-23.05075599398836,-1.29184696543307
152,152,2020-03-31,161000.0,1000.0,474039,127952,169089,-41137,161307,175277,-13970,55107,184780,129673,38.979915154660276,-7.817827454351139,27.35492227432764,4.8997826247376635,11.62499288033263,-8.677977972276542,-2.9470149080560883
153,153,2020-03-30,160000.0,-3500.0,501851,210186,216714,-6528,75231,179367,-104136,110664,216434,105770,43.12714331544621,4.14722816078595,21.07597673413025,-6.278945540197392,22.051166581315968,-1.300784495796561,-20.75038208551941
154,154,2020-03-27,163500.0,8000.0,567062,214248,142829,71419,169189,166381,2808,-74227,183625,257852,32.38182068274721,-10.745322632699008,45.471571009871944,24.39559427574169,-13.089750327124724,12.594566378985014,0.4951839481397096
155,155,2020-03-26,155500.0,-5500.0,509091,134966,120778,14188,116249,237716,-121467,107279,257876,150597,50.65420524032049,18.27238455757328,29.581548289009234,-15.890022720862707,21.07265695131126,2.786928073762844,-23.859585025074104
156,156,2020-03-25,161000.0,15500.0,581137,189744,155108,34636,143880,156635,-12755,-21881,247513,269394,42.5911618086613,-8.063043431659196,46.356366915202436,16.774818626193213,-3.7652051065411425,5.960040403553723,-2.1948352970125806
157,157,2020-03-24,145500.0,7500.0,476227,171674,130190,41484,93123,172842,-79719,38235,211430,173195,44.396894758172046,1.8057329495107552,36.36816056208489,-9.988206353117556,8.02873419608716,8.710971868457689,-16.739706064544848
158,158,2020-03-23,138000.0,-6500.0,457989,113159,155564,-42405,61041,163266,-102225,144630,283789,139159,61.96415197744925,17.567257219277195,30.384790901091513,-5.983369660993374,31.579361076357728,-9.258956001126665,-22.320405075231065
159,159,2020-03-20,144500.0,5000.0,636918,206446,234453,-28007,199372,213702,-14330,42337,231100,188763,36.284105646252726,-25.680046331196518,29.636939135022093,-0.7478517660694237,6.647166511230645,-4.397269350214628,-2.2498971610160177
160,160,2020-03-19,139500.0,-8000.0,645668,198294,202023,-3729,227726,189577,38149,-34420,219648,254068,34.018721695979984,-2.2653839502727564,39.34963479683057,9.712695661808482,-5.330913100850592,-0.577541398985237,5.908454499835829
161,161,2020-03-18,147500.0,-8000.0,559707,137357,203497,-66140,230845,172904,57941,8199,191505,183306,34.21522332220251,0.19650162622253475,32.75034973655859,-6.599285060271982,1.4648735856439172,-11.816897055066311,10.352023469422393
162,162,2020-03-17,155500.0,-6500.0,547216,169692,205595,-35903,162956,174526,-11570,47473,214568,167095,39.21084178825181,4.995618466049294,30.535474108944182,-2.214875627614408,8.675367679307623,-6.56102891728312,-2.114338762024502
163,163,2020-03-16,162000.0,-9000.0,506250,128540,174447,-45907,159855,223534,-63679,109586,217855,108269,43.033086419753076,3.8222446315012775,21.386469135802468,-9.149004973141713,21.64661728395062,-9.06804938271605,-12.578567901234567
164,164,2020-03-13,171000.0,-7000.0,784135,298117,261129,36988,297947,377416,-79469,42481,188071,145590,23.98451797203288,-19.048568447720207,18.566955945085983,-2.819513190716481,5.41756202694689,4.717044896605814,-10.134606923552704
165,165,2020-03-12,178000.0,-1500.0,1019659,368424,438020,-69596,487980,418557,69423,173,163255,163082,16.010744768594208,-7.973773203438668,15.993778312161222,-2.5731776329247644,0.01696645643298397,-6.825419086184695,6.808452629751711
166,166,2020-03-11,179500.0,-1000.0,483620,134186,185514,-51328,243889,183456,60433,-9105,105545,114650,21.823952690128614,5.813207921534406,23.706629171663703,7.712850859502481,-1.8826764815350896,-10.61329142715355,12.49596790868864
167,167,2020-03-10,180500.0,0.0,497558,203345,186530,16815,154804,222398,-67594,50779,139409,88630,28.018643052669233,6.194690362540619,17.812998685580375,-5.893630486083327,10.205644367088862,3.3795055048858624,-13.585149871974725
168,168,2020-03-09,180500.0,-11500.0,551277,178935,216859,-37924,95414,231360,-135946,173870,276928,103058,50.23391144560721,22.21526839293797,18.694413153460054,0.8814144678796829,31.53949829214714,-6.879300242890598,-24.660198049256543
169,169,2020-03-06,192000.0,-5000.0,299607,122681,128131,-5450,67729,132228,-64499,69949,109197,39248,36.446745236259495,-13.78716620934771,13.099827440613868,-5.594585712846189,23.34691779564563,-1.8190496216710557,-21.527868173974575
170,170,2020-03-05,197000.0,3000.0,421898,137305,203480,-66175,172879,154632,18247,47928,111714,63786,26.47891196450327,-9.967833271756225,15.118820188766005,2.018992748152135,11.360091775737263,-15.685070799103102,4.324979023365837
171,171,2020-03-04,194000.0,2000.0,363057,107176,169064,-61888,175248,130900,44348,17540,80633,63093,22.209460222499494,-4.269451742003774,17.378262917393133,2.259442728627132,4.831197305106361,-17.046359111654645,12.215161806548283
172,172,2020-03-03,192000.0,500.0,369345,134226,152066,-17840,138414,140823,-2409,20249,96705,76456,26.18283718474597,3.9733769622464727,20.700429138068746,3.322166220675605,5.482408046677226,-4.830172332101423,-0.6522357145758031
173,173,2020-03-02,191500.0,-4000.0,437217,149990,172815,-22825,102828,212207,-109379,132204,184399,52195,42.17562446107997,15.992787276333999,11.938007899967294,-8.76242123810145,30.237616561112674,-5.22051978765693,-25.017096773455744
174,174,2020-02-28,195500.0,-3500.0,538272,186513,140532,45981,226519,252742,-26223,-19758,125240,144998,23.26704714345164,-18.90857731762833,26.937682064086555,14.999674164119265,-3.6706349206349205,8.542335473515248,-4.871700552880328
175,175,2020-02-27,199000.0,-1000.0,305381,144762,104371,40391,90460,114457,-23997,-16394,70159,86553,22.974251836230806,-0.2927953072208318,28.342627733879965,1.4049456697934133,-5.368375897649166,13.226428625225537,-7.858052727576371
176,176,2020-02-26,200000.0,-2000.0,339857,126519,127207,-688,92181,147178,-54997,55685,121157,65472,35.64940548524821,12.675153649017403,19.26457304101431,-9.078054692865663,16.384832444233897,-0.2024380842530829,-16.182394359980815
177,177,2020-02-25,202000.0,-1500.0,306873,126328,134352,-8024,56429,115162,-58733,66757,124116,57359,40.445395978140795,4.795990492892585,18.691445646896273,-0.5731273941180355,21.75395033124452,-2.614762458737002,-19.13918787250752
178,178,2020-02-24,203500.0,-8000.0,337423,165753,147722,18031,37658,106364,-68706,50675,134012,83337,39.71632046422443,-0.7290755139163636,24.698079265491682,6.0066336185954095,15.018241198732747,5.343737682374941,-20.36197888110769
179,179,2020-02-21,211500.0,-4000.0,217235,81245,90134,-8889,51212,72888,-21676,30565,84778,54213,39.02593965060879,-0.69038081361564,24.95592330885907,0.2578440433673883,14.070016341749717,-4.091882063203443,-9.978134278546275
180,180,2020-02-20,215500.0,-1000.0,203605,73115,101910,-28795,68116,60318,7798,20997,62374,41377,30.63480759313376,-8.39113205747503,20.322192480538302,-4.633730828320772,10.312615112595466,-14.142579995579677,3.8299648829842097
181,181,2020-02-19,216500.0,-1000.0,190216,100320,82435,17885,35001,72586,-37585,19700,54895,35195,28.85929679942802,-1.7755107937057415,18.502649619380072,-1.8195428611582256,10.356647180047945,9.40246877234302,-19.759115952390967
182,182,2020-02-18,217500.0,-1000.0,181856,86583,106066,-19483,49150,49551,-401,19884,46123,26239,25.36237462607777,-3.4969221733502422,14.428448882632413,-4.0742007367476605,10.933925743445362,-10.713421608305472,-0.2205041351398909
183,183,2020-02-17,218500.0,-1000.0,281494,124233,116358,7875,71111,114084,-42973,35098,86150,51052,30.604559955096732,5.242185329018955,18.13608815818455,3.707639275552129,12.46847179691219,2.7975729500451165,-15.266044746957306
184,184,2020-02-14,219500.0,-1500.0,217419,68846,98781,-29935,71278,71403,-125,30060,77295,47235,35.55117078084253,4.946610825745793,21.725332192678653,3.5892440344941114,13.825838588163869,-13.768345912730718,-0.057492675433149815
185,185,2020-02-13,221000.0,-1000.0,379379,208072,226886,-18814,88518,103311,-14793,33607,82789,49182,21.82224108345481,-13.728929697387722,12.963817185453069,-8.761515007225585,8.858423898001734,-4.959156938048759,-3.8992669599529757
186,186,2020-02-12,222000.0,0.0,198757,91706,98758,-7052,47058,68199,-21141,28193,59993,31800,30.18409414511187,8.361853061657065,15.999436497834036,3.0356193123809696,14.184657647277831,-3.548051137821561,-10.636606509456271
187,187,2020-02-11,222000.0,1500.0,212646,82148,85248,-3100,78015,78651,-636,3736,52483,48747,24.680925105574524,-5.5031690395373465,22.924014559408594,6.9245780615745565,1.7569105461659285,-1.4578219199984952,-0.2990886261674332
188,188,2020-02-10,220500.0,-2500.0,289609,114289,152151,-37862,62575,96113,-33538,71400,112745,41345,38.93007468690545,14.249149581330926,14.276144733071144,-8.647869826337452,24.653929953834307,-13.07348873826435,-11.580441215569959
189,189,2020-02-07,223000.0,-1000.0,285403,99837,144447,-44610,122851,99557,23294,21316,62715,41399,21.97419088096481,-16.955883805940637,14.505453691797214,0.2293089587260706,7.468737189167598,-15.630529461848685,8.161792272681087
190,190,2020-02-06,224000.0,9500.0,363840,202048,150405,51643,98392,90695,7697,-59340,63400,122740,17.425241864555847,-4.548949016408965,33.734608619173265,19.22915492737605,-16.309366754617415,14.193876429199648,2.115490325417766
191,191,2020-02-05,214500.0,500.0,297540,90635,146887,-56252,120114,116316,3798,52454,86791,34337,29.16952342542179,11.744281560865947,11.540297102910536,-22.194311516262733,17.629226322511258,-18.905693352154334,1.2764670296430731
192,192,2020-02-04,214000.0,-500.0,311725,75278,133490,-58212,107654,135168,-27514,85726,128793,43067,41.31622423610554,12.14670081068375,13.815702943299382,2.2754058403888475,27.50052129280616,-18.674151896703826,-8.826369396102335
193,193,2020-02-03,214500.0,-6500.0,427513,172439,170421,2018,98546,196203,-97657,95639,156528,60889,36.61362344536892,-4.702600790736625,14.242607827130401,0.4269048838310194,22.37101561823851,0.47203242942319884,-22.843048047661707
194,194,2020-01-31,221000.0,-3500.0,359322,158430,131033,27397,96877,181186,-84309,56912,104015,47103,28.947573485620147,-7.666049959748772,13.10885501026934,-1.1337528168610602,15.838718475350799,7.624637511758256,-23.463355987109054
195,195,2020-01-30,224500.0,-2000.0,253901,94481,121275,-26794,111397,63747,47650,-20856,48023,68879,18.91406493081949,-10.033508554800653,27.128290160338093,14.019435150068743,-8.214225229518592,-10.552932048318045,18.76715727783664
196,196,2020-01-29,226500.0,500.0,203199,76645,145190,-68545,55952,31191,24761,43784,70602,26818,34.7452497305597,15.831184799740207,13.197899595962578,-13.930390564375507,21.54735013459712,-33.73294159912204,12.185591464524924
197,197,2020-01-28,226000.0,-14500.0,583981,245018,307527,-62509,97134,186812,-89678,152187,241829,89642,41.41042259936539,6.665172868805691,15.350156940037431,2.1522573440748545,26.060265659327957,-10.703944135168781,-15.356321524159176
198,198,2020-01-23,240500.0,-1000.0,249642,84441,152148,-67707,128364,64962,63402,4305,36837,32532,14.755930492465213,-26.654492106900182,13.031461052226787,-2.3186958878106445,1.7244694402384215,-27.121638185882183,25.39716874564376
199,199,2020-01-22,241500.0,-2500.0,204013,103102,86970,16132,56725,89350,-32625,16493,44186,27693,21.658423727899688,6.902493235434481,13.57413498159431,0.5426739293675222,8.084288746305383,7.907339238185802,-15.991627984491185
200,200,2020-01-21,244000.0,-3000.0,188964,111362,88442,22920,40698,70066,-29368,6448,36904,30456,19.5296458584704,-2.128777869429296,16.117355686797485,2.543220705203174,3.412290171672911,12.129294468787705,-15.541584640460616
201,201,2020-01-20,247000.0,5500.0,371516,167919,165330,2589,156066,55619,100447,-103036,47531,150567,12.793796229502902,-6.735849628967492,40.52772962671863,24.41037393992115,-27.733933397215733,0.6968744280192508,27.037058969196483
202,202,2020-01-17,241500.0,0.0,202782,73634,132927,-59293,91142,43266,47876,11417,38006,26589,18.742294680987467,5.948498451484561,13.11211054235583,-27.415619084362802,5.630184138631634,-29.239774733457605,23.60959059482597
203,203,2020-01-16,241500.0,-500.0,244731,108417,121904,-13487,105298,73248,32050,-18563,31016,49579,12.673506829947984,-6.068787851039478,20.258569613167108,7.1464590708112805,-7.585062783219127,-5.510948755981056,13.096011539200184
204,204,2020-01-15,242000.0,0.0,205004,68355,104793,-36438,117873,65015,52858,-16420,18776,35196,9.158845681059884,-3.514661148888102,17.168445493746464,-3.090124119420647,-8.009599812686583,-17.774287330978908,25.78388714366549
205,205,2020-01-14,242000.0,3500.0,253387,99944,102811,-2867,130761,57443,73318,-70451,22682,93133,8.951524742784752,-0.20732093827512976,36.75524000836665,19.586794514620184,-27.803715265581896,-1.1314708331524506,28.93518609873435
206,206,2020-01-13,238500.0,1000.0,206237,76147,112216,-36069,95837,49969,45868,-9799,34253,44052,16.608561994210547,7.657037251425791,21.359891774996733,-15.395348233369921,-4.7513297807861825,-17.489102343420434,22.240432124206617
207,207,2020-01-10,237500.0,3500.0,248358,93476,149214,-55738,114057,49989,64068,-8330,40825,49155,16.437964551172097,-0.17059744303844582,19.79199381537941,-1.5678979596173193,-3.3540292642073135,-22.442603016613116,25.79663228082043
208,208,2020-01-09,234000.0,6000.0,337466,149224,205541,-56317,163760,75575,88185,-31868,24482,56350,7.254656765422294,-9.183307785749806,16.697978463015534,-3.094015352363876,-9.44332169759324,-16.688199700117938,26.131521397711175
209,209,2020-01-08,228000.0,-4000.0,340244,104663,166762,-62099,137651,104535,33116,28983,97930,68947,28.782285653824896,21.52762888840261,20.263987021078997,3.566008558063458,8.518298632745912,-18.251313763064154,9.733015130318242
210,210,2020-01-07,232000.0,1000.0,138750,51606,73785,-22179,56108,27101,29007,-6828,31036,37864,22.368288288288287,-6.413997365536613,27.289369369369375,7.025382348290377,-4.921081081081081,-15.984864864864864,20.905945945945945
211,211,2020-01-06,231000.0,-6000.0,217886,79866,123145,-43279,61515,55410,6105,37174,76505,39331,35.11239822659556,12.744109938307274,18.05118272858284,-9.238186640786534,17.06121549801272,-19.863139439890585,2.8019239418778628
212,212,2020-01-03,237000.0,1000.0,273831,122445,144031,-21586,105655,77947,27708,-6122,45731,51853,16.700446625838563,-18.411951600757,18.936132139896504,0.8849494113136664,-2.235685514057941,-7.882964310103677,10.118649824161619
213,213,2020-01-02,236000.0,-500.0,213578,95884,113651,-17767,65527,64731,796,16971,52167,35196,24.425268520165936,7.7248218943273725,16.479225388382698,-2.4569067515138063,7.946043131783236,-8.318740694266264,0.37269756248302727
214,214,2019-12-30,236500.0,-2000.0,151194,50755,43302,7453,61303,82940,-21637,14184,39136,24952,25.88462505125865,1.4593565310927126,16.503300395518337,0.024075007135643037,9.381324655740308,4.929428416471553,-14.31075307221186
215,215,2019-12-27,238500.0,-4500.0,201365,62204,87072,-24868,47547,88186,-40639,65507,91614,26107,45.49648647977554,19.611861428516885,12.96501378094505,-3.5382866145732907,32.531472698830484,-12.34971320735977,-20.18175949147071
216,216,2019-12-26,243000.0,3000.0,158756,77363,59796,17567,35525,24764,10761,-28328,45868,74196,28.892136360200556,-16.604350119574974,46.73587140013606,33.770857619191005,-17.8437350399355,11.065408551487819,6.77832648844768
217,217,2019-12-24,240000.0,-3500.0,191559,80149,74849,5300,47101,67173,-20072,14772,64309,49537,33.57138009699361,4.679243736793055,25.859917832103942,-20.87595356803211,7.7114622648896685,2.766771595174333,-10.478233860064002
218,218,2019-12-23,243500.0,-2500.0,142015,69316,51589,17727,37248,58872,-21624,3897,35451,31554,24.96285603633419,-8.608524060659423,22.218779706369048,-3.641138125734901,2.7440763299651447,12.482484244622047,-15.226560574587191
219,219,2019-12-20,246000.0,-500.0,211349,83822,76106,7716,92012,90679,1333,-9049,35515,44564,16.803959327936262,-8.158896708397933,21.08550312516265,-1.1332765812063992,-4.281543797226389,3.65083345556402,0.6307103416623688
220,220,2019-12-19,246500.0,-2000.0,226225,70746,83623,-12877,96474,92873,3601,9276,59005,49729,26.082440048624157,9.2784807206879,21.98209746933363,0.8965943441709818,4.10034257929053,-5.692120676317825,1.591778097027296
221,221,2019-12-18,248500.0,1000.0,256484,38637,77278,-38641,189306,115084,74222,-35581,28541,64122,11.127789647697325,-14.954650400926836,25.000389887868252,3.0182924185346245,-13.872600240170927,-15.065657117013147,28.938257357184074
222,222,2019-12-17,247500.0,5000.0,369447,115563,90252,25311,215628,142134,73494,-98805,38256,137061,10.354935890669028,-0.7728537570282956,37.09896142071799,12.098571532849741,-26.744025530048965,6.851050353636651,19.892975176412314
223,223,2019-12-16,242500.0,-500.0,213258,102289,59131,43158,78592,103704,-25112,-18046,32377,50423,15.182079921972447,4.827144031303419,23.644130583612338,-13.454830837105654,-8.462050661639891,20.237458852657344,-11.775408191017453
224,224,2019-12-13,243000.0,7500.0,419459,198178,127850,70328,175478,79380,96098,-166426,45803,212229,10.919541600013352,-4.262538321959095,50.595886606319105,26.95175602270676,-39.676345006305745,16.76635857139792,22.90998643490782
225,225,2019-12-12,235500.0,4500.0,494257,328092,249487,78605,135909,132151,3758,-82363,30256,112619,6.121511683193157,-4.798029916820195,22.78551441861218,-27.810372187706925,-16.66400273541902,15.903669548433305,0.760333186985718
226,226,2019-12-11,231000.0,-500.0,188402,86593,63657,22936,73905,94178,-20273,-2663,27904,30567,14.810883111644248,8.689371428451093,16.224350059978132,-6.5611643586340485,-1.4134669483338818,12.17396842920988,-10.760501480876
227,227,2019-12-10,231500.0,-1500.0,124541,69373,44522,24851,32865,67448,-34583,9732,22303,12571,17.908158758962916,3.0972756473186625,10.093864671072176,-6.130485388905956,7.814294087890735,19.95407134999719,-27.768365437887926
228,228,2019-12-09,233000.0,2500.0,156065,80967,62456,18511,57180,38853,18327,-36838,17918,54756,11.481113638548038,-6.427045120414872,35.085381091211985,24.991516420139817,-23.604267452663954,11.861083522891104,11.74318392977285
229,229,2019-12-06,230500.0,1500.0,143898,46299,39484,6815,82411,68472,13939,-20754,15188,35942,10.554698466969658,-0.9264151715783822,24.97741455753381,-10.107966533678184,-14.42271609056415,4.735993550987505,9.686722539576644
230,230,2019-12-05,229000.0,2000.0,215791,101708,81868,19840,92600,82679,9921,-29761,21483,51244,9.95546616865393,-0.5992322983157283,23.74705154524517,-1.2303630122886418,-13.79158537659124,9.194081310156587,4.597504066434652
231,231,2019-12-04,227000.0,-4000.0,222937,93748,66372,27376,71323,125363,-54040,26664,57866,31202,25.956211844601842,16.000745675947908,13.99588224475973,-9.751169300485437,11.960329599842108,12.279702337431651,-24.24003193727376
232,232,2019-12-03,231000.0,-1000.0,172673,88402,64704,23698,65086,66915,-1829,-21869,19185,41054,11.110596329478264,-14.845615515123574,23.775575799343272,9.779693554583538,-12.664979469865004,13.724207027155375,-1.0592275572903695
233,233,2019-12-02,232000.0,1500.0,212885,139051,60009,79042,47642,109806,-62164,-16878,26192,43070,12.303356272165725,1.1927599426874609,20.231580430749,-3.5439953685942704,-7.928224158583273,37.12896634333091,-29.200742184747632
234,234,2019-11-29,230500.0,-2000.0,255848,105403,76474,28929,102046,123507,-21461,-7468,48399,55867,18.917091398017572,6.613735125851853,21.83601200712923,1.6044315763802324,-2.91892060911166,11.307104218129515,-8.388183609017855
235,235,2019-11-28,232500.0,-500.0,142160,102545,71830,30715,14755,34900,-20145,-10570,24860,35430,17.48733821046708,-1.429753187550496,24.922622397298824,3.0866103901695894,-7.435284186831739,21.605936972425436,-14.170652785593697
236,236,2019-11-27,233000.0,-500.0,192708,80280,68162,12118,78500,81200,-2700,-9418,33928,43346,17.60591153454968,0.11857332408260035,22.493098366440414,-2.4295240308584027,-4.8871868318907365,6.288270336467609,-1.4010835045768728
237,237,2019-11-26,233500.0,5500.0,587228,171573,130369,41204,352883,298898,53985,-95189,62772,157961,10.689544776475236,-6.916366758074443,26.899432588364316,4.406334221923896,-16.20988781188908,7.01669538918444,9.193192422704639
238,238,2019-11-25,228000.0,8000.0,417534,220470,121549,98921,153447,105677,47770,-146691,43617,190308,10.4463349092529,-0.24320986722233684,45.57904266478898,18.679610076424662,-35.132707755536075,23.691723308760483,11.440984446775593
239,239,2019-11-22,220000.0,-500.0,187398,75338,69177,6161,45898,98343,-52445,46284,66162,19878,35.305606249799894,24.859271340547,10.607370409502769,-34.971672255286215,24.698235840297123,3.287655151068848,-27.98589099136597
240,240,2019-11-21,220500.0,-2000.0,252673,110549,95684,14865,57966,91001,-33035,18170,84158,65988,33.30708069322801,-1.9985255565718845,26.115968069401962,15.508597659899188,7.191112623826052,5.88309791707068,-13.074210540896733
241,241,2019-11-20,222500.0,-3000.0,232747,100479,92340,8139,50498,99819,-49321,41182,81770,40588,35.13256884084435,1.8254881476163405,17.438678049555953,-8.677290019846001,17.693890791288396,3.496930143030845,-21.19082093431924
242,242,2019-11-19,225500.0,-2000.0,215061,72088,99173,-27085,69900,91577,-21677,48762,73073,24311,33.97780164697459,-1.154767193869766,11.304234612505288,-6.1344434370506695,22.67356703446929,-12.594101208494335,-10.079465825974957
243,243,2019-11-18,227500.0,3500.0,207141,78578,69251,9327,69346,59970,9376,-18703,59217,77920,28.58777354555593,-5.3900281014186575,37.61688897900464,26.31265436649934,-9.029115433448714,4.502730024476081,4.526385408972632
244,244,2019-11-15,224000.0,4000.0,204292,124241,51581,72660,54816,67371,-12555,-60105,25235,85340,12.352417128424019,-16.235356417131904,41.77353983513794,4.156650856133304,-29.42112270671392,35.56673780666888,-6.145615099954966
245,245,2019-11-14,220000.0,-1000.0,233679,149391,136885,12506,29909,70684,-40775,28269,54379,26110,23.270811668998928,10.918394540574903,11.173447335875283,-30.600092499262658,12.097364333123643,5.351785997030114,-17.449150330153756
246,246,2019-11-13,221000.0,-2000.0,170995,97691,88371,9320,34866,44663,-9797,477,38438,37961,22.479019854381708,-0.7917918146172163,22.20006432936636,11.026616993491073,0.2789555250153513,5.450451767595544,-5.729407292610895
247,247,2019-11-12,223000.0,-500.0,165285,91789,80829,10960,41696,60545,-18849,7889,31800,23911,19.23949541700699,-3.239524437374719,14.466527513083465,-7.733536816282892,4.772967903923526,6.630970747496748,-11.403938651420274
248,248,2019-11-11,223500.0,-500.0,171486,83138,65888,17250,57749,58808,-1059,-16191,30599,46790,17.84343911456329,-1.3960563024436998,27.285026182895393,12.81849866981193,-9.441587068332108,10.059130191385886,-0.617543123053777
249,249,합계,,,93764326,35474689,34037588,1437101,28406040,29572405,-1166365,-270736,29883597,30154333,31.87096657635016,14.027527461786866,32.15970752032068,4.8746813374252875,-0.2887409439705246,1.5326735244702767,-1.243932580499752
