,Unnamed: 0,날짜,종가,대비,거래량,기관 매수,기관 매도,기관 순매수,외국인 매수,외국인 매도,외국인 순매수,개인 순매수,개인 매수,개인 매도,개인매수비율(%),개인매수비율증가(%p),개인매도비율(%),개인매도비율증가(%p),개인 순매수비율,기관 순매수비율,외국인 순매수비율
0,0,2020-11-11,230500.0,3500.0,353850,126903,87741,39162,120928,96434,24494,-63656,106019,169675,29.96156563515614,,47.95110922707362,,-17.989543591917478,11.067401441288682,6.9221421506287975
1,1,2020-11-10,227000.0,1500.0,485633,73459,91640,-18181,274424,294782,-20358,38539,137750,99211,28.365041090700178,-1.5965245444559637,20.429213006529626,-27.521896220543994,7.935828084170557,-3.7437735903449725,-4.192054493825585
2,2,2020-11-09,225500.0,-1500.0,334885,102508,112636,-10128,67153,156161,-89008,99136,165224,66088,49.33753378025293,20.972492689552745,19.734535736148228,-0.6946772703813942,29.60299804410469,-3.0243217821043045,-26.57867626200039
3,3,2020-11-06,227000.0,4000.0,356362,108490,115981,-7491,149575,69797,79778,-72287,98297,170584,27.583468495518602,-21.754065284734324,47.86817898653617,28.133643250387937,-20.28471049101756,-2.102075978920311,22.38678646993787
4,4,2020-11-05,223000.0,4500.0,409377,104209,154336,-50127,170141,147324,22817,27310,135027,107717,32.98353351556145,5.400065020042851,26.312421069087907,-21.555757917448265,6.671112446473544,-12.24470353732623,5.573591090852686
5,5,2020-11-04,218500.0,-500.0,301637,102251,82446,19805,51038,162899,-111861,92056,148348,56292,49.180969178184384,16.197435662622922,18.662166776622232,-7.6502542924656725,30.51880240156214,6.565839071466697,-37.08464147302884
6,6,2020-11-03,219000.0,4000.0,396439,127159,107656,19503,150988,216080,-65092,45589,118292,72703,29.83863847905983,-19.342330699124545,18.339013063800486,-0.32315371282174965,11.499625415259347,4.919546260584856,-16.419171675844204
7,7,2020-11-02,215000.0,1000.0,291912,86111,75269,10842,74177,160409,-86232,75390,131624,56234,45.09030118665899,15.251662707599161,19.264024774589604,0.9250117107891214,25.82627641206939,3.714133026391515,-29.540409438460905
8,8,2020-10-30,214000.0,-8500.0,507996,76999,96276,-19277,93217,298776,-205559,224836,337780,112944,66.49264954842164,21.402348361762648,22.233245931070318,2.9692211564807174,44.25940361735132,-3.79471491901511,-40.46468869833621
9,9,2020-10-29,222500.0,-7000.0,389701,68829,110243,-41414,27784,197651,-169867,211281,293088,81807,75.2084290263561,8.715779477934461,20.992247902879384,-1.2409980281909334,54.216181123476716,-10.62712181903562,-43.5890593044411
10,10,2020-10-28,229500.0,-3000.0,366158,124285,92376,31909,33895,232089,-198194,166285,207978,41693,56.800069915173225,-18.408359111182865,11.386614521599965,-9.605633381279423,45.413455393573265,8.714543994668968,-54.12799938824224
11,11,2020-10-27,232500.0,-1500.0,198183,92687,74085,18602,15235,77966,-62731,44129,90261,46132,45.544269690134875,-11.255800225038355,23.277475868263174,11.890861346663206,22.266793821871705,9.386274302033979,-31.653068123905683
12,12,2020-10-26,234000.0,-4500.0,150976,82226,40666,41560,12490,50233,-37743,-3817,56260,60077,37.26420093259856,-8.28006875753632,39.79241733785503,16.51494146959185,-2.5282164052564644,27.527554048325563,-24.999337643069097
13,13,2020-10-23,238500.0,0.0,147788,100042,41991,58051,17290,34846,-17556,-40495,30456,70951,20.607897799550713,-16.656303133047846,48.00863398922781,8.21621665137279,-27.400736189677104,39.27991447208163,-11.879178282404526
14,14,2020-10-22,238500.0,500.0,186902,106193,68412,37781,35878,69787,-33909,-3872,44831,48703,23.986367187082,3.3784693875312897,26.058041112454656,-21.950592876773158,-2.071673925372655,20.214336925233546,-18.14266299986089
15,15,2020-10-21,238000.0,5000.0,207784,97913,66078,31835,72898,38635,34263,-66098,36973,103071,17.7939591113849,-6.192408075697099,49.604878142686644,23.54683703023198,-31.810919031301736,15.321198937358025,16.48972009394371
16,16,2020-10-20,233000.0,500.0,193210,104140,60899,43241,34104,71432,-37328,-5913,54966,60879,28.448838051860672,10.654878940475768,31.50923865224367,-18.09563949044297,-3.060400600383003,22.38031157807567,-19.319910977692665
17,17,2020-10-19,232500.0,-2000.0,238800,142368,97668,44700,24225,69336,-45111,411,72207,71796,30.237437185929647,1.7885991340689813,30.065326633165828,-1.4439120190778425,0.1721105527638191,18.718592964824122,-18.89070351758794
18,18,2020-10-16,234500.0,0.0,313341,197295,100920,96375,63069,114637,-51568,-44807,52977,97784,16.90713950616102,-13.330297679768632,31.206896001480818,1.1415693683149897,-14.299756495319796,30.757226152977108,-16.457469657657313
19,19,2020-10-15,234500.0,4000.0,654059,278628,117878,160750,225879,324530,-98651,-62099,149552,211651,22.865215523370214,5.958076017209197,32.35961893346013,1.1527229319793155,-9.494403410089916,24.577293485755874,-15.082890075665956
20,20,2020-10-14,230500.0,-12000.0,860420,239492,176327,63165,110294,337504,-227210,164045,510634,346589,59.347063062225416,36.481847538855206,40.28137421259385,7.921755279133719,19.065688849631574,7.341182213337673,-26.40687106296925
21,21,2020-10-13,242500.0,3000.0,184800,86484,77359,9125,41584,24456,17128,-26253,56732,82985,30.699134199134196,-28.647928863091227,44.90530303030303,4.623928817709178,-14.206168831168831,4.937770562770563,9.268398268398268
22,22,2020-10-12,239500.0,-500.0,189246,94088,86727,7361,42151,51309,-9158,1797,53007,51210,28.00957483909832,-2.6895593600358834,27.06001712057322,-17.84528590972981,0.9495577185250943,3.8896462805026264,-4.8392039990277205
23,23,2020-10-08,240000.0,-1000.0,233062,95588,131509,-35921,68825,45945,22880,13041,68649,55608,29.455252250474125,1.4456774113758082,23.859745475452886,-3.2002716451203383,5.595506775021239,-15.412636980717577,9.817130205696339
24,24,2020-10-07,241000.0,0.0,179764,115551,71955,43596,15677,57720,-42043,-1553,48536,50089,26.999844240226068,-2.4554080102480533,27.863754700607466,4.0040092251545785,-0.863910460381389,24.251796800249217,-23.387886339867826
25,25,2020-10-06,241000.0,500.0,181255,87672,88998,-1326,53064,23152,29912,-28586,40519,69105,22.354693663623074,-4.6451505766029975,38.12584480428127,10.262090103673804,-15.771151140658189,-0.7315660257648064,16.502717166422997
26,26,2020-10-05,240500.0,2500.0,247547,128777,85492,43285,65832,83416,-17584,-25701,52938,78639,21.38502991351137,-0.9696637501116996,31.767300755008137,-6.358544049273129,-10.382270841496766,17.485568397112466,-7.103297555615701
27,27,2020-09-29,238000.0,5000.0,225845,102722,63666,39056,85915,65992,19923,-58979,37208,96187,16.47501605083132,-4.910013862680053,42.589829307711035,10.822528552702906,-26.114813256879717,17.293276362106756,8.821536894772963
28,28,2020-09-28,233000.0,2000.0,108166,58278,33955,24323,16171,29217,-13046,-11277,33717,44994,31.171532644269,14.696516593437677,41.59717471294122,-0.9926545947698244,-10.425642068672227,22.486733354288777,-12.061091285616552
29,29,2020-09-25,231000.0,500.0,162365,85719,57011,28708,18644,34457,-15813,-12895,58002,70897,35.72321621039017,4.5516835661211745,43.66519878052536,2.0680240675841404,-7.941982570135189,17.681150494256766,-9.739167924121578
30,30,2020-09-24,230500.0,-2500.0,237132,86255,74356,11899,83738,52620,31118,-43017,67139,110156,28.312922760319147,-7.4102934500710225,46.453452085758144,2.788253305232786,-18.140529325438997,5.017880336690114,13.122648988748882
31,31,2020-09-23,233000.0,-4500.0,352067,126716,135486,-8770,60765,62286,-1521,10291,164586,154295,46.74848821389111,18.43556545357196,43.8254650393249,-2.6279870464332404,2.9230231745662048,-2.4910031329264033,-0.4320200416398015
32,32,2020-09-22,237500.0,-3000.0,236983,68523,84495,-15972,70181,36723,33458,-17486,98279,115765,41.47090719587481,-5.277581018016292,48.84949553343489,5.0240304941099865,-7.378588337560078,-6.739723946443416,14.118312284003494
33,33,2020-09-21,240500.0,-3500.0,214090,110047,72870,37177,23870,29572,-5702,-31475,80173,111648,37.448269419403054,-4.022637776471761,52.1500303610631,3.300534827628212,-14.70176094166005,17.36512681582512,-2.6633658741650708
34,34,2020-09-18,244000.0,0.0,220441,71797,68994,2803,97293,76358,20935,-23738,51351,75089,23.294668414677854,-14.153601004725205,34.06308263889204,-18.086947722171058,-10.768414224214188,1.271542045263812,9.496872178950376
35,35,2020-09-17,244000.0,1000.0,182401,68201,70435,-2234,48194,20962,27232,-24998,66006,91004,36.187301604706114,12.892633190028265,49.89227032746531,15.82918768857327,-13.704968722759196,-1.2247739869847205,14.929742709743916
36,36,2020-09-16,243000.0,-3000.0,214144,72955,103078,-30123,27299,16295,11004,19119,113890,94771,53.18383891213389,16.99653730742778,44.255734459055596,-5.636535868409723,8.928104453078303,-14.066702779438135,5.1385983263598325
37,37,2020-09-15,246000.0,-2000.0,242579,93672,122187,-28515,11916,27410,-15494,44009,136991,92982,56.47273671669848,3.288897804564584,38.33060569958653,-5.925128759469062,18.14213101711195,-11.754933444362456,-6.387197572749496
38,38,2020-09-14,248000.0,5000.0,280140,87841,72379,15462,99221,29581,69640,-85102,93078,178180,33.22553009209681,-23.247206624601674,63.6039123295495,25.273306629962978,-30.3783822374527,5.519383165560077,24.858999071892626
39,39,2020-09-11,243000.0,3000.0,252239,93013,65914,27099,32629,47768,-15139,-11960,126597,138557,50.189304588108904,16.963774496012086,54.93083940231288,-8.673072927236625,-4.741534814203989,10.743382268404172,-6.001847454200183
40,40,2020-09-10,240000.0,2000.0,307926,102175,171241,-69066,127046,49508,77538,-8472,78705,87177,25.55971239843339,-24.629592189675513,28.311022778199955,-26.61981662411293,-2.7513103797665672,-22.429414859414276,25.18072523918084
41,41,2020-09-09,238000.0,-3500.0,308688,122291,101941,20350,64175,65674,-1499,-18851,122222,141073,39.59402373918001,14.034311340746624,45.700837091172964,17.389814312973012,-6.106813351992951,6.592416938786088,-0.4856035867931374
42,42,2020-09-08,241500.0,-2000.0,295082,84361,124691,-40330,52463,61310,-8847,49177,158258,109081,53.63187181868091,14.037848079500895,36.96633478151836,-8.734502309654609,16.66553703716255,-13.667387370290292,-2.9981496668722594
43,43,2020-09-07,243500.0,6000.0,366779,104330,95858,8472,65062,65349,-287,-8185,197387,205572,53.816330815013956,0.18445899633304208,56.04791986455058,19.08158508303223,-2.231589049536642,2.3098378042363383,-0.07824875469969655
44,44,2020-09-04,237500.0,-3500.0,485708,105511,158675,-53164,143332,153270,-9938,63102,236865,173763,48.766954631177576,-5.0493761838363715,35.775198267271705,-20.272721597278892,12.991756363905886,-10.945671061625504,-2.0460853022803827
45,45,2020-09-03,241000.0,-1500.0,370100,87368,137457,-50089,93265,116016,-22751,72840,189467,116627,51.19346122669549,2.426506595517914,31.51229397460146,-4.262904292670239,19.681167252094028,-13.533909754120508,-6.147257497973521
46,46,2020-09-02,242500.0,500.0,370388,83298,176292,-92994,85464,53170,32294,60700,201626,140926,54.43642882598788,3.2429675992923923,38.04820890525611,6.535914930654652,16.388219920731775,-25.107184897998856,8.718964977267083
47,47,2020-09-01,242000.0,-6000.0,528401,124561,289348,-164787,178078,118819,59259,105528,225762,120234,42.725505818497695,-11.710923007490187,22.754309700397997,-15.293899204858118,19.9711961180997,-31.185974288466525,11.214778170366824
48,48,2020-08-31,248000.0,5500.0,2365827,199472,458695,-259223,1892124,1458260,433864,-174641,274231,448872,11.591337828167484,-31.13416799033021,18.9731539964672,-3.781155703930793,-7.381816168299711,-10.956971917219645,18.338788085519354
49,49,2020-08-28,242500.0,-3000.0,845757,166167,334962,-168795,171324,126036,45288,123507,508266,384759,60.09598501697296,48.50464718880548,45.49285433049919,26.51970033403198,14.603130686473774,-19.957860236450895,5.3547295499771215
50,50,2020-08-27,245500.0,-3000.0,578642,138557,191029,-52472,121090,174929,-53839,106311,318995,212684,55.12821399068854,-4.967771026284417,36.75571424127527,-8.73714008922392,18.372499749413283,-9.068128480131065,-9.304371269282216
51,51,2020-08-26,248500.0,1000.0,494139,118564,172175,-53611,114996,105713,9283,44328,260579,216251,52.733947330609396,-2.394266660079147,43.7631921382445,7.007477896969235,8.970755192364901,-10.849376390044096,1.8786211976791956
52,52,2020-08-25,247500.0,5500.0,632697,162082,202687,-40605,183286,105921,77365,-36760,287329,324089,45.41336532336964,-7.320582007239758,51.22341341906157,7.4602212808170725,-5.8100480956919345,-6.417763953361562,12.227812049053496
53,53,2020-08-24,242000.0,6500.0,537847,146102,184440,-38338,119970,106744,13226,25112,271775,246663,50.5301693604315,5.116804037061861,45.86118357079243,-5.362229848269138,4.668985789639061,-7.128049426695696,2.459063637056635
54,54,2020-08-21,235500.0,8000.0,559220,210853,207819,3034,152145,65816,86329,-89363,196222,285585,35.08851614749115,-15.441653212940352,51.06845248739316,5.207268916600724,-15.979936339902006,0.5425413969457459,15.43739494295626
55,55,2020-08-20,227500.0,-3500.0,673961,188287,266355,-78068,195520,161136,34384,43684,290154,246470,43.052046038272245,7.963529890781096,36.57036534754978,-14.498087139843378,6.4816806907224604,-11.583459577037841,5.101778886315381
56,56,2020-08-19,231000.0,2000.0,436293,161154,176920,-15766,154450,124156,30294,-14528,120689,135217,27.6623736800728,-15.389672358199453,30.992246036493825,-5.578119311055957,-3.329872356421029,-3.61362662247618,6.943498978897209
57,57,2020-08-18,229000.0,-8000.0,735510,202822,266903,-64081,297031,173298,123733,-59652,235657,295309,32.03994507212683,4.377571392054033,40.15023589074248,9.157989854248656,-8.110290818615654,-8.712458022324645,16.8227488409403
58,58,2020-08-14,237000.0,-5000.0,527180,232692,166273,66419,114077,203276,-89199,22780,180411,157631,34.22189764406844,2.181952571941615,29.900792898061386,-10.249442992681091,4.321104746007056,12.59892256914147,-16.920027315148527
59,59,2020-08-13,242000.0,500.0,955607,368965,413271,-44306,367157,218120,149037,-104731,219485,324216,22.968123925421228,-11.253773718647217,33.92775481971145,4.0269619216500665,-10.959630894290227,-4.636424806431933,15.59605570072216
60,60,2020-08-12,241500.0,4500.0,565000,202105,209579,-7474,143247,67500,75747,-68273,219648,287921,38.875752212389386,15.907628286968155,50.95946902654868,17.031714206837222,-12.083716814159292,-1.3228318584070797,13.406548672566371
61,61,2020-08-11,237000.0,-1000.0,530433,190252,170303,19949,105534,172300,-66766,46817,234647,187830,44.236878173115166,5.3611259607257935,35.41069277363965,-15.548776252909024,8.826185399475523,3.7608896882358374,-12.58707508771136
62,62,2020-08-10,238000.0,9000.0,812761,323346,243354,79992,146820,100062,46758,-126750,342595,469345,42.15199794281468,-2.084880230300492,57.74698835204938,22.336295578409725,-15.594990409234695,9.842007675072992,5.752982734161703
63,63,2020-08-07,229000.0,8500.0,858608,279327,212938,66389,251673,178238,73435,-139824,327608,467432,38.15571250209642,-3.996285440718261,54.44067607103591,-3.3063122810134686,-16.284963568939492,7.732166483424334,8.55279708551516
64,64,2020-08-06,220500.0,-6500.0,1057486,353347,446794,-93447,244914,162635,82279,11168,459225,448057,43.426106823163614,5.270394321067201,42.37001719171696,-12.070658879318955,1.0560896314466575,-8.836712731894323,7.780623100447666
65,65,2020-08-05,227000.0,1500.0,631091,249758,131491,118267,76743,258915,-182172,63905,304590,240685,48.26403799135149,4.837931168187865,38.13792305705516,-4.232094134661793,10.126114934296321,18.740086611914922,-28.866201546211244
66,66,2020-08-04,225500.0,6500.0,776036,392922,232217,160705,90935,201551,-110616,-50089,292179,342268,37.650186331561926,-10.613851659789553,44.104654938688405,5.966731881633251,-6.454468607126474,20.708446515367843,-14.253977908241371
67,67,2020-08-03,219000.0,-1500.0,418322,208449,124246,84203,50758,157421,-106663,22460,159115,136655,38.03648863793921,0.3863023063772673,32.667418878280365,-11.437236060408047,5.369069759658827,20.128752492099387,-25.497822251758215
68,68,2020-07-31,220500.0,500.0,730524,375238,183800,191438,184350,316683,-132333,-59105,170936,230041,23.39909434871408,-14.637394289225126,31.489862071608872,-1.1775568066714932,-8.0907677228948,26.20557298596624,-18.11480526307144
69,69,2020-07-30,220000.0,3500.0,733171,345140,183687,161453,132731,215876,-83145,-78308,255300,333608,34.821344543087484,11.422250194373415,45.50207250423161,14.012210432622748,-10.680727961144125,22.021192873149648,-11.34046491200552
70,70,2020-07-29,216500.0,2500.0,420463,153418,115451,37967,143647,157019,-13372,-24595,123398,147993,29.34812337827585,-5.473221164811636,35.19762737743868,-10.304445126792944,-5.8495039991628275,9.029807616841435,-3.180303617678607
71,71,2020-07-28,214000.0,5500.0,418247,151033,113459,37574,162064,124317,37747,-75321,105150,180471,25.14064655574338,-4.207476822532474,43.14938302008144,7.951755642642753,-18.00873646433806,8.98368667318594,9.025049791152119
72,72,2020-07-27,208500.0,500.0,284315,79083,84728,-5645,111011,139693,-28682,34327,94221,59894,33.13965144294181,7.999004887198431,21.06607108312963,-22.083311936951798,12.07358035981218,-1.9854738582206355,-10.088106501591545
73,73,2020-07-24,208000.0,-3500.0,285942,65729,76725,-10996,35122,138107,-102985,113981,185091,71110,64.73025998279371,31.5906085398519,24.86867966230914,3.802608579179513,39.86158032048457,-3.8455351085185105,-36.016045211966066
74,74,2020-07-23,211500.0,-3000.0,378989,107223,138370,-31147,55209,153683,-98474,129621,216557,86936,57.140708569378006,-7.589551413415705,22.9389243487278,-1.9297553135813423,34.201784220650204,-8.218444334795997,-25.983339885854207
75,75,2020-07-22,214500.0,-1000.0,310544,62288,91106,-28818,107770,137857,-30087,58905,140486,81581,45.23867793291772,-11.902030636460287,26.270351383378838,3.3314270346510426,18.968326549538872,-9.279844402081508,-9.688482147457366
76,76,2020-07-21,215500.0,-1000.0,305567,97943,82158,15785,79815,167499,-87684,71899,127809,55910,41.82683339496739,-3.41184453795033,18.297132871023376,-7.973218512355466,23.529700523944012,5.165806517064997,-28.69550704100901
77,77,2020-07-20,216500.0,-500.0,261245,83622,84510,-888,102790,103324,-534,1422,74833,73411,28.644758751363664,-13.182074643603725,28.10044211372467,9.803309242701292,0.5443166376389978,-0.3399108116901759,-0.20440582594882198
78,78,2020-07-17,217000.0,-1000.0,202037,47354,58892,-11538,69267,101061,-31794,43332,85416,42084,42.2774046338047,13.632645882441034,20.829847998138952,-7.270594115585716,21.447556635665745,-5.710835144057771,-15.736721491607973
79,79,2020-07-16,218000.0,0.0,243527,121944,73704,48240,34607,113096,-78489,30249,86976,56727,35.71513630932094,-6.562268324483759,23.293926340816423,2.4640783426774675,12.421209968504519,19.808891827189594,-32.23010179569411
80,80,2020-07-15,218000.0,500.0,301947,116657,102653,14004,41914,147760,-105846,91842,143376,51534,47.48382994366561,11.76869363434467,17.06723365358821,-6.2266926872282085,30.416596290077397,4.637900028813004,-35.0544963188904
81,81,2020-07-14,217500.0,2000.0,375098,200136,153710,46426,76530,104598,-28068,-18358,98432,116790,26.241675508800373,-21.242154434865245,31.135863161093898,14.068629507505689,-4.894187652293534,12.377032135601896,-7.482844483308362
82,82,2020-07-13,215500.0,500.0,221105,83769,47697,36072,43722,114666,-70944,34872,93614,58742,42.33916012754121,16.097484618740847,26.56746794509396,-4.568395215999941,15.771692182447254,16.314420750322245,-32.086112932769495
83,83,2020-07-10,215000.0,-3000.0,283753,76268,94002,-17734,111881,112068,-187,17921,95604,77683,33.69268342537348,-8.646476702167739,27.376979274227928,0.8095113291339757,6.315704151145539,-6.249801764210423,-0.0659023869351161
84,84,2020-07-09,218000.0,-500.0,260664,105818,104447,1371,50174,83037,-32863,31492,104672,73180,40.15590952337108,6.463226097997606,28.074456004665013,0.6974767304370744,12.081453518706073,0.5259644599944756,-12.60741797870055
85,85,2020-07-08,218500.0,500.0,374455,154849,125712,29137,143882,167381,-23499,-5638,75724,81362,20.22245663697908,-19.933452886392,21.728111522078763,-6.346344482586254,-1.5056548850996783,7.7811753081144595,-6.275520423014782
86,86,2020-07-07,218000.0,-7000.0,452166,96477,155672,-59195,123339,172313,-48974,108169,232350,124181,51.385995408765815,31.163538771786733,27.463586381992453,5.735474859913701,23.92240902677335,-13.091431023119828,-10.830978003653525
87,87,2020-07-06,225000.0,4000.0,281508,108011,79273,28738,99414,36766,62648,-91386,74083,165469,26.316481236767693,-25.069514171998115,58.779501825880615,31.315915443888148,-32.46302058911292,10.208590874859684,22.254429714253238
88,88,2020-07-03,221000.0,-4000.0,283845,103474,116275,-12801,40550,56350,-15800,28601,139821,111220,49.25963113671194,22.94314989994425,39.183357113917815,-19.5961447119628,10.07627402279413,-4.509855731120858,-5.566418291673273
89,89,2020-07-02,225000.0,3000.0,447600,222955,77148,145807,100749,100409,340,-146147,123896,270043,27.680071492403933,-21.579559644308,60.33132260947275,21.147965495554946,-32.65125111706881,32.57529043789098,0.07596067917783736
90,90,2020-07-01,222000.0,11000.0,872553,422295,208413,213882,211079,126751,84328,-298210,239179,537389,27.411400797430073,-0.2686706949738671,61.58812129463769,1.256798685164938,-34.17672049720762,24.512207281391504,9.664513215816116
91,91,2020-06-30,211000.0,4000.0,346277,95780,74432,21348,175512,123395,52117,-73465,74985,148450,21.65462909751442,-5.7567716999156495,42.87030325433107,-18.717818040306614,-21.215674156816654,6.1650066276420326,15.05066752917462
92,92,2020-06-29,207000.0,-1500.0,314859,71273,107930,-36657,145151,118746,26405,10252,98435,88183,31.26320035317396,9.608571255659538,28.007139703803922,-14.863163550527148,3.2560606493700357,-11.642354196640401,8.386293547270366
93,93,2020-06-26,208500.0,5500.0,308368,114917,91065,23852,46743,37363,9380,-33232,146708,179940,47.575623929850046,16.31242357667609,58.35235822134592,30.345218517542,-10.776734291495876,7.734914128573652,3.041820162922223
94,94,2020-06-25,203000.0,-2500.0,249665,53263,108495,-55232,24633,56453,-31820,87052,171769,84717,68.79979172090601,21.22416779105597,33.932269240782645,-24.420088980563282,34.86752248012336,-22.12244407506058,-12.745078405062785
95,95,2020-06-24,205500.0,0.0,217711,48562,54793,-6231,29608,110729,-81121,87352,139541,52189,64.09460247759645,-4.705189243309562,23.971687236749638,-9.960582004033007,40.12291524084681,-2.8620510676998405,-37.26086417314697
96,96,2020-06-23,205500.0,-1000.0,290774,67065,86576,-19511,92074,103732,-11658,31169,131635,100466,45.27055376340388,-18.824048714192568,34.55123222846609,10.579544991716453,10.719321534937787,-6.710022216566818,-4.009299318370968
97,97,2020-06-22,206500.0,500.0,238220,67366,54875,12491,71000,77498,-6498,-5993,99854,105847,41.91671564100412,-3.3538381223997646,44.43245739232642,9.881225163860329,-2.5157417513223073,5.243472420451683,-2.727730669129376
98,98,2020-06-19,206000.0,500.0,243216,55051,63979,-8928,82901,111917,-29016,37944,105264,67320,43.28004736530492,1.3633317243007994,27.67910005920663,-16.753357333119787,15.600947306098282,-3.670811130846655,-11.930136175251628
99,99,2020-06-18,205500.0,-1500.0,260278,71434,60588,10846,68594,146956,-78362,67516,120250,52734,46.20060089596508,2.9205535306601647,20.260644387923683,-7.4184556712829455,25.9399565080414,4.16708288829636,-30.10703939633776
100,100,2020-06-17,207000.0,-2000.0,342902,145060,110950,34110,85274,151446,-66172,32062,112568,80506,32.82803833165161,-13.372562564313471,23.477844981948195,3.2172005940245114,9.350193349703414,9.947448542149068,-19.297641891852482
101,101,2020-06-16,209000.0,8000.0,351512,116626,93624,23002,91560,136747,-45187,22185,143326,121141,40.7741414233369,7.946103091685287,34.462834839208895,10.984989857260706,6.311306584127996,6.543731081726939,-12.855037665854935
102,102,2020-06-15,201000.0,-7500.0,421888,61737,108452,-46715,58091,148640,-90549,137264,302060,164796,71.59720115291263,30.82305972957573,39.06155188106796,4.598717041859062,32.53564927184466,-11.072843977548544,-21.462805294296118
103,103,2020-06-12,208500.0,-6500.0,461453,92786,102516,-9730,77339,210176,-132837,142567,291328,148761,63.13275674879132,-8.464444404121316,32.237519313992976,-6.824032567074988,30.895237434798343,-2.1085571011565643,-28.78668033364178
104,104,2020-06-11,215000.0,-4000.0,450027,108351,212699,-104348,71829,119343,-47514,151862,269847,117985,59.962402255864646,-3.17035449292667,26.217315849937894,-6.020203464055082,33.745086405926756,-23.18705322125117,-10.558033184675587
105,105,2020-06-10,219000.0,-2000.0,255142,77056,79142,-2086,48543,113594,-65051,67137,129543,62406,50.772902932484655,-9.189499323379989,24.459320692006802,-1.7579951579310915,26.313582240477853,-0.8175839336526326,-25.495998306825218
106,106,2020-06-09,221000.0,-1500.0,208905,68331,91213,-22882,30690,18629,12061,10821,109884,99063,52.59998563940547,1.8270827069208124,47.42011919293459,22.960798500927787,5.179866446470884,-10.953304133457792,5.773437686986908
107,107,2020-06-08,222500.0,-1000.0,248567,53130,121099,-67969,43746,49311,-5565,73534,151691,78157,61.02620219095858,8.426216551553111,31.44303145630756,-15.977087736627036,29.58317073465102,-27.344337743948312,-2.238832990702708
108,108,2020-06-05,223500.0,-3500.0,309300,95434,88710,6724,31270,139780,-108510,101786,182596,80810,59.035240866472684,-1.9909613244858944,26.12673779502101,-5.316293661286545,32.90850307145166,2.1739411574523118,-35.082444228903974
109,109,2020-06-04,227000.0,-3000.0,350089,134462,126640,7822,101929,115518,-13589,5767,113698,107931,32.47688444938287,-26.55835641708981,30.829589047356528,4.702851252335517,1.647295402026342,2.2342889950841074,-3.881584397110449
110,110,2020-06-03,230000.0,5000.0,366533,130630,117923,12707,128306,77351,50955,-63662,107597,171259,29.355337718568315,-3.1215467308145577,46.72403303386052,15.89444398650399,-17.36869531529221,3.46680926410446,13.901886051187752
111,111,2020-06-02,225000.0,500.0,328734,77566,86458,-8892,123081,123332,-251,9143,128087,118944,38.96372142826724,9.60838370969892,36.18244538137217,-10.541587652488346,2.781276046895058,-2.704922520943985,-0.0763535259510729
112,112,2020-06-01,224500.0,8500.0,424075,108239,87945,20294,172730,80916,91814,-112108,143106,255214,33.74544597064199,-5.218275457625246,60.18133584861168,23.998890467239505,-26.4358898779697,4.785474267523433,21.650415610446267
113,113,2020-05-29,216000.0,4000.0,466946,117044,120656,-3612,223729,136082,87647,-84035,126173,210208,27.02089749135875,-6.7245484792832455,45.0176251643659,-15.163710684245784,-17.996727673007157,-0.7735369828631148,18.77026465587027
114,114,2020-05-28,212000.0,2000.0,277022,97500,99138,-1638,94296,63064,31232,-29594,85226,114820,30.765065590458523,3.7441680990997774,41.447971641241494,-3.5696535231244084,-10.68290605078297,-0.5912887785085661,11.274194829291536
115,115,2020-05-27,210000.0,-2000.0,301224,59621,76851,-17230,112623,157334,-44711,61941,128980,67039,42.81863330943085,12.053567718972332,22.255530767800707,-19.19244087344078,20.563102541630148,-5.719995750670598,-14.84310679095955
116,116,2020-05-26,212000.0,0.0,225724,84762,62918,21844,31518,60590,-29072,7228,109444,102216,48.48576137229537,5.6671280628645215,45.283620704931685,23.028089937130982,3.202140667363683,9.67730502737857,-12.879445694742252
117,117,2020-05-25,212000.0,3500.0,170965,67915,47233,20682,5918,22814,-16896,-3786,97132,100918,56.81396777118124,8.328206398885868,59.02845611674904,13.744835411817355,-2.214488345567806,12.097212879829204,-9.8827245342614
118,118,2020-05-22,208500.0,-4500.0,241670,80541,65122,15419,30289,86923,-56634,41215,130840,89625,54.13994289733935,-2.674024873841894,37.08569536971904,-21.94276074703,17.05424752762031,6.3801878594778,-23.43443538709811
119,119,2020-05-21,213000.0,1500.0,230542,63911,94640,-30729,71816,39917,31899,-1170,94815,95985,41.12699638243791,-13.012946514901435,41.634496100493614,4.54880073077458,-0.5074997180557121,-13.329024646268358,13.83652436432407
120,120,2020-05-20,211500.0,2500.0,246227,103247,73962,29285,47493,61253,-13760,-15525,95487,111012,38.780068798304,-2.3469275841339083,45.08522623432849,3.450730133834867,-6.305157436024482,11.893496651463893,-5.588339215439412
121,121,2020-05-19,209000.0,3500.0,243581,86744,80014,6730,44789,42501,2288,-9018,112048,121066,46.000303800378525,7.220235002074517,49.70256300778797,4.617336773459479,-3.702259207409445,2.762941280313325,0.9393179270961199
122,122,2020-05-18,205500.0,1500.0,239427,86348,63939,22409,50058,113305,-63247,40838,103021,62183,43.02814636611576,-2.972157434262755,25.971590505665606,-23.73097250212236,17.056555860450157,9.359428969999206,-26.415984830449364
123,123,2020-05-15,204000.0,-3000.0,304146,85245,50201,35044,45830,195739,-149909,114865,173071,58206,56.903921143135214,13.875774777019446,19.13751948077568,-6.834071024889929,37.76640166235953,11.522097939805224,-49.28849960216475
124,124,2020-05-14,207000.0,500.0,265261,126209,102844,23365,57256,98609,-41353,17988,81796,63808,30.836044499568352,-26.067876643566862,24.054798858482776,4.917279377707097,6.781245641085572,8.80830578185259,-15.589551422938163
125,125,2020-05-13,206500.0,-3500.0,297218,119991,73885,46106,36024,171680,-135656,89550,141203,51653,47.50822628508367,16.67218178551533,17.378826316037387,-6.675972542445391,30.12939996904629,15.512519430182559,-45.64191939922885
126,126,2020-05-12,210000.0,5000.0,319403,139749,99494,40255,82576,70260,12316,-52571,97078,149649,30.39357801899168,-17.114648266092,46.852722109685885,29.473895793648502,-16.459144090694203,12.603200345644844,3.8559437450493577
127,127,2020-05-11,205000.0,-2000.0,229714,67560,94831,-27271,43043,82444,-39401,66672,119111,52439,51.85186797496017,21.458289955968485,22.82795127854636,-24.02477083113952,29.023916696413803,-11.871718745918837,-17.152197950494962
128,128,2020-05-08,207000.0,0.0,251268,104063,86408,17655,41001,81978,-40977,23322,106204,82882,42.26722065682856,-9.5846473181316,32.985497556393966,10.157546277847608,9.281723100434595,7.026362290462773,-16.308085390897368
129,129,2020-05-07,207000.0,500.0,262232,83618,66858,16760,72512,137096,-64584,47824,106102,58278,40.46111839897495,-1.8061022578536097,22.22383233167577,-10.761665224718204,18.237286067299184,6.391287104548644,-24.62857317184783
130,130,2020-05-06,206500.0,-2000.0,301863,60152,127741,-67589,101014,125668,-24654,92243,140697,48454,46.60955466552708,6.1484362665521255,16.051652570868242,-6.172179760807527,30.557902094658836,-22.390620910810533,-8.167281183848303
131,131,2020-05-04,208500.0,-3000.0,311878,85238,122607,-37369,128262,132336,-4074,41443,98378,56935,31.543744669389955,-15.065809996137126,18.25553581849313,2.2038832476248866,13.288208850896826,-11.981928831145511,-1.306280019751313
132,132,2020-04-29,211500.0,-1500.0,285877,79805,80437,-632,116685,148550,-31865,32497,89387,56890,31.267643077267493,-0.27610159212245833,19.900166854976085,1.6446310364829628,11.367476222291405,-0.22107409830101757,-11.146402123990388
133,133,2020-04-28,213000.0,0.0,230434,64134,55463,8671,111897,127843,-15946,7275,54403,47128,23.60892923787288,-7.658713839394615,20.451843043995247,0.551676189019151,3.15708619387764,3.7628995721117544,-6.919985765989394
134,134,2020-04-27,213000.0,3500.0,239588,75476,59120,16356,106064,92385,13679,-30035,58048,88083,24.22825851044293,0.6193292725700452,36.76436215503281,16.312519111037563,-12.536103644589879,6.826719201295558,5.709384443294322
135,135,2020-04-24,209500.0,-6000.0,290083,65393,64349,1044,92100,140283,-48183,47139,132590,85451,45.70760782258871,21.479349312145782,29.45743114901597,-7.3069310060168355,16.250176673572735,0.35989699499798333,-16.61007366857072
136,136,2020-04-23,215500.0,1000.0,320469,95480,72229,23251,79142,130551,-51409,28158,145847,117689,45.5104861936724,-0.1971216289163067,36.72398890376292,7.266557754746952,8.786497289909477,7.255303945155382,-16.04180123506486
137,137,2020-04-22,214500.0,5000.0,446614,158363,152993,5370,174258,137769,36489,-41859,113993,155852,25.523830421796,-19.9866557718764,34.89635345063075,-1.8276354531321743,-9.372523028834744,1.2023805792026223,8.17014244963212
138,138,2020-04-21,209500.0,6000.0,507880,146699,118645,28054,250494,191512,58982,-87036,110687,197723,21.793927699456567,-3.729902722339435,38.93104670394582,4.034693253315069,-17.13711900448925,5.523745766716547,11.613373237772702
139,139,2020-04-20,203500.0,4500.0,340368,113746,97670,16076,93108,109667,-16559,483,133514,133031,39.22636675598177,17.4324390565252,39.08446152399755,0.15341482005173646,0.14190523198420532,4.723123207822122,-4.865028439806327
140,140,2020-04-17,199000.0,2500.0,279720,60195,89894,-29699,70398,53017,17381,12318,149127,136809,53.312955812955806,14.086589056974043,48.90926640926641,9.824804885268854,4.403689403689404,-10.617403117403118,6.213713713713713
141,141,2020-04-16,196500.0,500.0,400946,106416,82843,23573,135352,199386,-64034,40461,159178,118717,39.70060806193353,-13.612347751022275,29.609224184802944,-19.300042224463468,10.091383877130585,5.879345348251386,-15.970729225381971
142,142,2020-04-14,196000.0,6000.0,270715,91072,60886,30186,93082,81483,11599,-41785,86561,128346,31.97495521119997,-7.725652850733559,47.41000683375506,17.80078264895211,-15.435051622555086,11.150471898491032,4.284579724064052
143,143,2020-04-13,190000.0,-4000.0,240625,104552,96695,7857,34158,84544,-50386,42529,101915,59386,42.354285714285716,10.379330503085749,24.67989610389611,-22.73011072985895,17.67438961038961,3.2652467532467533,-20.939636363636364
144,144,2020-04-10,194000.0,500.0,195673,68410,69834,-1424,31842,44951,-13109,14533,95421,80888,48.7655425122526,6.411256797966871,41.33835531728956,16.658459213393453,7.427187194963025,-0.7277447578357771,-6.699442437127248
145,145,2020-04-09,193500.0,-500.0,379481,88311,158917,-70606,141218,141203,15,70591,149952,79361,39.51502183245011,-9.250520679802475,20.913036489310397,-20.425318827979158,18.60198534313971,-18.605938110208417,0.003952767068706997
146,146,2020-04-08,194000.0,3500.0,536169,178151,157676,20475,242393,228706,13687,-34162,115625,149787,21.565028936771803,-17.949992895678307,27.936527475478808,7.023490986168412,-6.371498538707012,3.818758637668347,2.552739901038665
147,147,2020-04-07,190500.0,0.0,365459,91322,111674,-20352,93600,135952,-42352,62704,180537,117833,49.400069501640395,27.835040564868603,32.24246769131421,4.305940215835399,17.15760181032619,-5.568887344407991,-11.588714465918201
148,148,2020-04-06,190500.0,7500.0,417491,179068,81330,97738,89132,191705,-102573,4835,149291,144456,35.75909420801885,-13.640975293621551,34.60098541046393,2.358517719149724,1.1581087975549174,23.410804065237336,-24.568912862792253
149,149,2020-04-03,183000.0,1000.0,385855,118689,151354,-32665,181608,125029,56579,-23914,85558,109472,22.173614440657765,-13.58547976736109,28.371279366601442,-6.2297060438624925,-6.197664925943683,-8.465615321817781,14.663280247761465
150,150,2020-04-02,182000.0,7000.0,458271,176933,119101,57832,164439,194656,-30217,-27615,116899,144514,25.508705547590836,3.335091106933074,31.53461598050061,3.163336613899176,-6.025910432909785,12.6196071756668,-6.593696742757015
151,151,2020-04-01,175000.0,-2000.0,549624,139205,145239,-6034,211142,231395,-20253,26287,199277,172990,36.25696840021542,10.748262852624583,31.474244210587607,-0.06037176991301507,4.782724189627818,-1.0978414334162991,-3.684882756211519
152,152,2020-03-31,177000.0,1000.0,993798,131895,118011,13884,675722,765892,-90170,76286,186181,109895,18.734290066995502,-17.522678333219915,11.058082225965435,-20.416161984622164,7.6762078410300685,1.3970645946158073,-9.073272435645876
153,153,2020-03-30,176000.0,-500.0,386801,144627,99721,44906,137160,176255,-39095,-5811,105014,110825,27.1493610409487,8.415070973953199,28.6516839408378,17.593601714872356,-1.5023228998890903,11.60958735887446,-10.10726445898537
154,154,2020-03-27,176500.0,3500.0,524568,164770,133004,31766,147383,225360,-77977,46211,212415,166204,40.4933202177792,13.343959176830495,31.683976147992247,3.032292207154459,8.809344069786949,6.05564960119565,-14.8649936709826
155,155,2020-03-26,173000.0,-1500.0,680107,198127,147069,51058,216790,355980,-139190,88132,265190,177058,38.99239384390986,-1.5009263738693406,26.033844674440928,-5.650131473551323,12.958549169468922,7.5073481084594045,-20.465897277928327
156,156,2020-03-25,174500.0,3500.0,690024,242074,220851,21223,157588,308926,-151338,130115,290362,160247,42.07998562368846,3.087591779778592,23.223395128285393,-2.8104495461555388,18.856590495403058,3.0756901209233303,-21.932280616326388
157,157,2020-03-24,171000.0,5500.0,417692,144433,129428,15005,95264,169959,-74695,59690,177995,118305,42.61393562720856,0.5339500035201112,28.323501527441273,5.100106399155879,14.290434099767293,3.592359920707124,-17.882794020474417
158,158,2020-03-23,165500.0,-9500.0,341417,123035,126522,-3487,109531,140096,-30565,34052,108851,74799,31.88212654905877,-10.731809078149787,21.90839940600497,-6.4151021214362975,9.973727143053802,-1.0213316852997947,-8.952395457754008
159,159,2020-03-20,175000.0,2000.0,403851,159787,143385,16402,108720,180726,-72006,55604,135344,79740,33.513350220749736,1.6312236716909607,19.74490591827184,-2.163493487733138,13.768444302477894,4.061398882261032,-17.829843184738927
160,160,2020-03-19,173000.0,-7000.0,575925,222259,215811,6448,228623,191319,37304,-43752,125043,168795,21.711681208490692,-11.801669012259048,29.30850371142076,9.563597793148922,-7.596822502930069,1.1195902244215827,6.477232278508486
161,161,2020-03-18,180000.0,-7500.0,278157,85992,104901,-18909,84447,102708,-18261,37170,107718,70548,38.72561179477778,17.01393058628708,25.362654903525705,-3.9458488078950538,13.362956891252063,-6.797959425791909,-6.564997465460154
162,162,2020-03-17,187500.0,-5500.0,426215,131382,128378,3004,158595,221048,-62453,59449,136238,76789,31.964618795678238,-6.7609929990995274,18.01649402296963,-7.346160880556077,13.94812477270861,0.7048086059852422,-14.652933378693852
163,163,2020-03-16,193000.0,-4000.0,360423,101706,111871,-10165,163181,180129,-16948,27113,95536,68423,26.50663248460836,-5.457986311069881,18.984082591843475,0.9675885688738468,7.52254989276489,-2.8202972618284625,-4.702252630936427
164,164,2020-03-13,197000.0,-14500.0,670552,237752,198479,39273,204042,294552,-90510,51237,228758,177521,34.114878488170945,7.608246003562584,26.473860341927253,7.489777750083772,7.641018146243692,5.856816473591906,-13.497834619835599
165,165,2020-03-12,211500.0,-6000.0,390463,189934,178007,11927,143674,128336,15338,-27265,56855,84120,14.560918704205008,-19.553959783965933,21.543654584429248,-4.930205757497994,-6.982735880224246,3.0545787949178282,3.9281570853064185
166,166,2020-03-11,217500.0,-1000.0,248264,114177,113370,807,107312,102370,4942,-5749,26775,32524,10.784890278091064,-3.776028426113944,13.100570360583891,-8.443084223845357,-2.3156800824928303,0.32505719717719844,1.9906228853156318
167,167,2020-03-10,218500.0,-500.0,207340,122114,90300,31814,64701,73303,-8602,-23212,20525,43737,9.899199382656507,-0.885690895434557,21.094337802643,7.993767442059107,-11.195138419986495,15.343879618018713,-4.1487411980322175
168,168,2020-03-09,219000.0,-3500.0,285073,145813,118780,27033,103933,107105,-3172,-23861,35327,59188,12.392264437530036,2.4930650548735294,20.76240120951476,-0.3319365931282441,-8.37013677198472,9.482834221409954,-1.1126974494252349
169,169,2020-03-06,222500.0,1000.0,390707,151855,146542,5313,219023,180599,38424,-43737,19829,63566,5.075158622701922,-7.317105814828113,16.26948071060923,-4.492920498905527,-11.194322087907306,1.3598425418536142,9.834479546053693
170,170,2020-03-05,221500.0,2000.0,373464,102529,142943,-40414,234611,171645,62966,-22552,36324,58876,9.726238673607094,4.651080050905172,15.764839449049974,-0.5046412615592555,-6.03860077544288,-10.82139108454898,16.85999185999186
171,171,2020-03-04,219500.0,12500.0,353005,127158,151804,-24646,183606,65943,117663,-93017,42241,135258,11.966119460064304,2.23988078645721,38.31617115904874,22.55133170999877,-26.350051698984434,-6.981770796447642,33.33182249543208
172,172,2020-03-03,207000.0,-1000.0,224882,88826,141140,-52314,76471,51470,25001,27313,59585,32272,26.496117964087833,14.529998504023531,14.350637223076992,-23.965533935971752,12.145480741010841,-23.262866747894453,11.11738600688361
173,173,2020-03-02,208000.0,-4500.0,291418,107063,132053,-24990,62791,92319,-29528,54518,121564,67046,41.71465043339808,15.218532469310244,23.006814953091435,8.656177730014441,18.70783548030664,-8.575311065205307,-10.132524415101333
174,174,2020-02-28,212500.0,-4500.0,301784,157214,123700,33514,61904,100850,-38946,5432,82666,77234,27.39243962569255,-14.322210807705526,25.592476738329395,2.5856617852379635,1.7999628873631472,11.105293852556796,-12.905256739919944
175,175,2020-02-27,217000.0,1000.0,168477,98758,84784,13974,43818,52314,-8496,-5478,25901,31379,15.37361182832078,-12.018827797371769,18.625094226511628,-6.967382511817768,-3.251482398190851,8.294307234815435,-5.042824836624583
176,176,2020-02-26,216000.0,-1500.0,226926,84640,92521,-7881,104779,104854,-75,7956,37507,29551,16.52829556771811,1.1546837393973313,13.022306831301833,-5.6027873952097975,3.5059887364162767,-3.4729383146928954,-0.03305042172338119
177,177,2020-02-25,217500.0,0.0,230733,74950,81299,-6349,103521,105167,-1646,7995,52262,44267,22.65042278304361,6.122127215325495,19.185378771133735,6.163071939831902,3.4650440119098698,-2.7516653447924657,-0.713378667117404
178,178,2020-02-24,217500.0,-2000.0,330240,131704,126684,5020,138824,115836,22988,-28008,59712,87720,18.081395348837212,-4.569027434206396,26.5625,7.377121228866264,-8.481104651162791,1.520106589147287,6.960998062015504
179,179,2020-02-21,219500.0,-2500.0,221992,63611,92410,-28799,67880,61626,6254,22545,90501,67956,40.76768532199358,22.68628997315637,30.61191394284479,4.0494139428447875,10.155771379148797,-12.972990017658294,2.817218638509496
180,180,2020-02-20,222000.0,-3000.0,195361,40737,81220,-40483,36978,78708,-41730,82213,117646,35433,60.21979821970608,19.452112897712496,18.137192172439736,-12.474721770405047,42.082606047266346,-20.722150275643553,-21.360455771622792
181,181,2020-02-19,225000.0,-1000.0,171576,55963,62005,-6042,60953,79847,-18894,24936,54660,29724,31.857602461882788,-28.36219575782329,17.324101272905306,-0.813090899534437,14.53350118897748,-3.521471534480347,-11.012029654497132
182,182,2020-02-18,226000.0,-2000.0,164174,58974,54504,4470,38026,75407,-37381,32911,67174,34263,40.9163448536309,9.058742391748119,20.869930683299426,3.5458294103941235,20.046414170331477,2.7227210155079367,-22.769135185839414
183,183,2020-02-17,228000.0,500.0,102123,50924,57619,-6695,16697,16264,433,6262,34502,28240,33.78474976254125,-7.13159509108965,27.65292833152179,6.782997648222366,6.131821431019457,-6.555819942618215,0.42399851159875834
184,184,2020-02-14,227500.0,-1000.0,183907,87705,65977,21728,48549,67924,-19375,-2353,47653,50006,25.911466121463565,-7.873283641077688,27.190917148341278,-0.4620111831805112,-1.2794510268777153,11.814667195919677,-10.535216169041961
185,185,2020-02-13,228500.0,2000.0,400126,146015,208970,-62955,182464,72752,109712,-46757,71647,118404,17.906109575483722,-8.005356545979843,29.59167862123431,2.4007614728930307,-11.685569045750588,-15.733793854935696,27.419362900686284
186,186,2020-02-12,226500.0,3000.0,252165,96933,102779,-5846,103983,89901,14082,-8236,51249,59485,20.3235976443995,2.4174880689157767,23.589713084686608,-6.001965536547698,-3.2661154402871135,-2.318323320048381,5.584438760335495
187,187,2020-02-11,223500.0,-1500.0,306497,77195,144708,-67513,72097,124548,-52451,119964,157205,37241,51.29087723533998,30.967279590940485,12.150526758826349,-11.439186325860266,39.14035047651364,-22.027295536334776,-17.11305494017886
188,188,2020-02-10,225000.0,-3500.0,211696,67874,137866,-69992,45359,43933,1426,68566,98463,29897,46.51150706673722,-4.779370168602775,14.122609780061975,1.9720830212356264,32.38889728667523,-33.06250472375482,0.6736074370795858
189,189,2020-02-07,228500.0,-500.0,219283,75634,125496,-49862,74556,60831,13725,36137,69093,32956,31.50859847776617,-15.002908588971035,15.02898081474624,0.9063710346842644,16.479617663019933,-22.73865279114204,6.259035128122107
190,190,2020-02-06,229000.0,4000.0,252885,111489,112502,-1013,101678,97547,4131,-3118,39718,42836,15.705953298930345,-15.802645178835832,16.938924807718927,1.9099439929726856,-1.2329715087885798,-0.40057733752496194,1.6335488463135417
191,191,2020-02-05,225000.0,-1500.0,211857,65289,163748,-98459,67643,28412,39231,59228,78925,19697,37.253902396427776,21.54794909749743,9.297309033923826,-7.641615773795102,27.956593362503952,-46.47427274057501,18.51767937807106
192,192,2020-02-04,226500.0,0.0,227378,72616,171833,-99217,95899,39157,56742,42475,58863,16388,25.887728804017982,-11.366173592409798,7.2073815408702675,-2.0899274930535574,18.68034726314771,-43.63526814379579,24.954920880648086
193,193,2020-02-03,226500.0,-3000.0,203206,72044,97485,-25441,78350,67968,10382,15059,52812,37753,25.989390077064648,0.10166127304667684,18.57868370028444,11.371302159414169,7.4107063767802135,-12.51980748599943,5.109101109219216
194,194,2020-01-31,229500.0,500.0,220742,87221,104427,-17206,107680,84108,23572,-6366,25841,32207,11.706426506962881,-14.282963570101776,14.590336229625535,-3.988347470658903,-2.883909722662656,-7.794619963577389,10.678529686240045
195,195,2020-01-30,229000.0,-3500.0,279645,73460,132983,-59523,117700,112444,5256,54267,88485,34218,31.641903127179102,19.935476620216214,12.236228074880652,-2.354108154744885,19.40567505229845,-21.285200879686744,1.8795258273882958
196,196,2020-01-29,232500.0,0.0,127679,40421,97046,-56625,48470,11553,36917,19708,38788,19080,30.37931061490143,-1.2625925122776636,14.943726063017412,2.7074979881367582,15.435584551884022,-44.349501484190824,28.9139169323068
197,197,2020-01-28,232500.0,-4500.0,319257,115725,95473,20252,130934,142265,-11331,-8921,72598,81519,22.739673679825344,-7.6396369350760915,25.533974196337123,10.590248133319713,-2.794300516511776,6.34347876475692,-3.5491782482451444
198,198,2020-01-23,237000.0,-1500.0,175821,60248,102516,-42268,88490,48159,40331,1937,27083,25146,15.403734479954045,-7.335939199871298,14.302045830702815,-11.231928365634305,1.101688649251227,-24.040359228988574,22.938670579737348
199,199,2020-01-22,238500.0,2000.0,145035,66027,69693,-3666,63470,19184,44286,-40620,15538,56158,10.713276105767571,-4.6904583741864725,38.72030889095736,24.41826306025454,-28.007032785189782,-2.527665735856862,30.534698521046643
200,200,2020-01-21,236500.0,500.0,90895,41471,46144,-4673,32470,12940,19530,-14857,16954,31811,18.652291105121293,7.93901499935372,34.99752461631553,-3.7227842746418247,-16.345233511194234,-5.141096870014852,21.486330381209086
201,201,2020-01-20,236000.0,1000.0,240407,108851,106997,1854,85830,68225,17605,-19459,45726,65185,19.020244834800984,0.3679537296796909,27.114435103803128,-7.883089512512394,-8.09419026900215,0.7711921865835853,7.322998082418565
202,202,2020-01-17,235000.0,-1000.0,272364,106374,194807,-88433,85938,38636,47302,41131,80052,38921,29.3915495439926,10.371304709191612,14.290067703514412,-12.824367400288722,15.101481840478183,-32.468681617247505,17.367199776769322
203,203,2020-01-16,236000.0,-1500.0,221714,69941,149947,-80006,102787,50032,52755,27251,48986,21735,22.094229502873073,-7.2973200411195265,9.803169849445682,-4.486897854068732,12.29105965342739,-36.08522691395221,23.79416726052482
204,204,2020-01-15,237500.0,1500.0,211141,94516,120522,-26006,90381,52921,37460,-11454,26244,37698,12.429608650143745,-9.664620852729326,17.854419558494087,8.051249709048404,-5.424810908350344,-12.31688776694247,17.741698675292813
205,205,2020-01-14,236000.0,1500.0,240866,87115,107168,-20053,110208,67884,42324,-22271,43543,65814,18.077686348426095,5.648077698282353,27.323906238323378,9.469486679829297,-9.246219889897286,-8.325375935167271,17.57159582506456
206,206,2020-01-13,234500.0,3500.0,164096,71090,85425,-14335,43823,30921,12902,1433,49183,47750,29.972089508580343,11.894403160154244,29.098820202808113,1.7749139644847318,0.8732693057722309,-8.735740054602184,7.862470748829953
207,207,2020-01-10,231000.0,-1000.0,197124,61589,148708,-87119,35855,21355,14500,72619,99680,27061,50.56715569895091,20.595066190370574,13.727907307075748,-15.370912895732365,36.83924839187517,-44.19502445161421,7.355776059739047
208,208,2020-01-09,232000.0,-500.0,534218,179541,246092,-66551,279107,262126,16981,49570,75570,26000,14.145910471006218,-36.421245227944695,4.8669269848638566,-8.86098032221189,9.278983486142362,-12.457648375756714,3.1786648896143523
209,209,2020-01-08,232500.0,-500.0,278235,88625,142537,-53912,142624,65823,76801,-22889,46986,69875,16.887163728502884,2.741253257496666,25.113662910848745,20.246735925984886,-8.226499182345858,-19.376426402142073,27.602925584487934
210,210,2020-01-07,233000.0,1500.0,136767,50878,67263,-16385,66543,44285,22258,-5873,19346,25219,14.145225090847935,-2.741938637654947,18.439389618840803,-6.674273292007943,-4.294164527992864,-11.980229148844385,16.27439367683725
211,211,2020-01-06,231500.0,-2500.0,225461,60576,123740,-63164,93082,58637,34445,28719,71803,43084,31.84719308439153,17.701967993543594,19.109291629150945,0.6699020103101391,12.737901455240596,-28.015488266263343,15.277586811022749
212,212,2020-01-03,234000.0,0.0,262330,82189,199395,-117206,107274,39121,68153,49053,72867,23814,27.776845957381926,-4.070347127009612,9.077879007357144,-10.031412621793796,18.69896695002478,-44.678839629474325,25.97987267944955
213,213,2020-01-02,234000.0,-4000.0,265743,70604,175543,-104939,61472,55298,6174,98765,133667,34902,50.29934937138515,22.522503414003214,13.13374199884851,4.055862991491366,37.16560737253663,-39.48890469363257,2.323297321095946
214,214,2019-12-30,238000.0,500.0,96960,28470,39604,-11134,38862,24857,14005,-2871,29628,32499,30.556930693069305,-19.74241867831584,33.517945544554465,20.38420354570595,-2.9610148514851486,-11.483085808580858,14.444100660066006
215,215,2019-12-27,237500.0,-7000.0,302632,83702,195957,-112255,83667,58721,24946,87309,135263,47954,44.69553781490391,14.138607121834605,15.845647519099105,-17.672298025455355,28.849890295804805,-37.09290491421925,8.243014618414444
216,216,2019-12-26,244500.0,2000.0,254431,96346,92712,3634,30492,41588,-11096,7462,127593,120131,50.148370285067465,5.452832470163556,47.21555156407828,31.369904044979172,2.9328187209891876,1.4282850753249408,-4.361103796314128
217,217,2019-12-24,242500.0,-1500.0,168656,70323,82318,-11995,34272,50889,-16617,28612,64061,35449,37.98323214116308,-12.165138143904386,21.0185229105398,-26.19702865353848,16.96470923062328,-7.112109856749834,-9.852599373873447
218,218,2019-12-23,244000.0,500.0,126535,62613,51847,10766,19689,32364,-12675,1909,44233,42324,34.9571264867428,-3.0261056544202773,33.448452997194444,12.429930086654654,1.5086734895483462,8.508317856719485,-10.016991346267831
219,219,2019-12-20,243500.0,500.0,161679,49132,49740,-608,78767,75866,2901,-2293,33780,36073,20.89325144267345,-14.063875044069354,22.311493762331533,-11.13695923486292,-1.418242319658088,-0.37605378558749125,1.7942961052455793
220,220,2019-12-19,243000.0,1000.0,153313,76721,46385,30336,58595,66090,-7495,-22841,17997,40838,11.738730570793084,-9.15452087188036,26.637010560096012,4.325516797764478,-14.89827998930293,19.78697175060171,-4.888691761298781
221,221,2019-12-18,242000.0,1500.0,160213,70982,81899,-10917,53482,48226,5256,5661,35749,30088,22.313420259279837,10.57468968848675,18.779999126163297,-7.8570114339327155,3.533421133116539,-6.814053790890877,3.280632657774338
222,222,2019-12-17,240500.0,-1000.0,225134,79509,77054,2455,75038,133139,-58101,55646,70587,14941,31.353327351710533,9.039907092430704,6.636492044737801,-12.143507081425495,24.716835306972737,1.0904616805991099,-25.807296987571846
223,223,2019-12-16,241500.0,1000.0,135514,73187,60962,12225,24841,60369,-35528,23303,37486,14183,27.662086574080906,-3.691240777629631,10.466077305665836,3.8295852609280354,17.19600926841507,9.021208140856295,-26.217217409271367
224,224,2019-12-13,240500.0,1000.0,203385,97634,93904,3730,67275,79340,-12065,8335,38476,30141,18.917815964795828,-8.744270609285074,14.819676967327974,4.3535996616621375,4.098138997467856,1.8339602232219683,-5.932099220689825
225,225,2019-12-12,239500.0,-1500.0,355293,207572,202843,4729,95251,134676,-39425,34696,52470,17774,14.768092813536995,-4.149723151258836,5.002631630794865,-9.81704533653311,9.765461182742131,1.3310141207397839,-11.096475303481915
226,226,2019-12-11,241000.0,1000.0,147833,67888,65746,2142,67129,58141,8988,-11130,12816,23946,8.669241644287812,-6.098851169249183,16.198007210839258,11.195375580044393,-7.528765566551447,1.448932241109901,6.0798333254415455
227,227,2019-12-10,240000.0,1000.0,112422,67182,44026,23156,30211,51085,-20874,-2282,15029,17311,13.368379854476881,4.699138210189068,15.398231662841791,-0.7997755479974646,-2.029851808364911,20.597391969543327,-18.567540161178417
228,228,2019-12-09,239000.0,500.0,125986,55324,47858,7466,55182,58151,-2969,-4497,15480,19977,12.287079516771705,-1.0813003377051764,15.856523740733097,0.4582920778913042,-3.5694442239613924,5.926055275983046,-2.356611052021653
229,229,2019-12-06,238500.0,500.0,141523,48424,44830,3594,56026,83923,-27897,24303,37073,12770,26.195742034863592,13.908662518091884,9.023268302678717,-6.8332554380543815,17.172473732184873,2.5395165450138846,-19.71199027719876
230,230,2019-12-05,238000.0,-1000.0,129556,53588,55110,-1522,41946,54901,-12955,14477,34022,19545,26.260458797739968,0.06471676287638317,15.086140356293805,6.062872053615089,11.17431844144617,-1.174781561641298,-9.999536879804872
231,231,2019-12-04,239000.0,-3500.0,986698,69041,81469,-12428,865760,880210,-14450,26878,51897,25019,5.259664051209184,-21.000794746530786,2.53562893610811,-12.550511420185693,2.7240351151010747,-1.2595545952256921,-1.4644805198753823
232,232,2019-12-03,242500.0,500.0,114241,42117,33684,8433,47715,62670,-14955,6522,24409,17887,21.366234539263488,16.106570488054302,15.657250899414393,13.121621963306286,5.708983639849091,7.381763114818673,-13.090746754667764
233,233,2019-12-02,242000.0,-4000.0,300055,63691,57597,6094,182949,224072,-41123,35029,53415,18386,17.801736348336142,-3.5644981909273485,6.127543283731316,-9.52970761568308,11.674193064604822,2.030960990485078,-13.705154055089901
234,234,2019-11-29,246000.0,-500.0,162450,72944,80470,-7526,68377,55769,12608,-5082,21129,26211,13.00646352723915,-4.795272821096988,16.134810710987995,10.00726742725668,-3.1283471837488457,-4.632810095413974,7.761157279162819
235,235,2019-11-28,246500.0,1500.0,77308,44004,37138,6866,27439,18804,8635,-15501,5865,21366,7.586536969007089,-5.419926558232062,27.637501940290786,11.50269122930279,-20.050964971283697,8.881357686138562,11.169607285145133
236,236,2019-11-27,245000.0,1000.0,91720,53163,42693,10470,25889,32193,-6304,-4166,12668,16834,13.811600523331881,6.22506355432479,18.353685128652423,-9.283816811638367,-4.54208460532054,11.415176624509376,-6.873092019188835
237,237,2019-11-26,244000.0,-2000.0,212106,68377,43235,25142,120579,154316,-33737,8595,23150,14555,10.914354143682878,-2.8972463796490047,6.862134970250724,-11.491550158401694,4.052219173432152,11.85350720865982,-15.905726382091974
238,238,2019-11-25,246000.0,1500.0,101864,45256,34413,10843,42707,43813,-1106,-9737,13901,23638,13.646626875049085,2.7322727313662085,23.20545040446085,16.343315434210123,-9.558823529411764,10.64458493677845,-1.085761407366685
239,239,2019-11-22,244500.0,3000.0,127697,59733,46208,13525,57426,42425,15001,-28526,10538,39064,8.252347353500863,-5.394279521548219,30.59116502345396,7.385714618993108,-22.33881766995309,10.591478264955324,11.747339404997769
240,240,2019-11-21,241500.0,-3000.0,158938,80482,57466,23016,41652,61107,-19455,-3561,36804,40365,23.156199272672357,14.903851919171492,25.3966955668248,-5.194469456629161,-2.240496294152437,14.481118423536222,-12.240622129383786
241,241,2019-11-20,244500.0,-1000.0,123530,46270,49568,-3298,51990,53876,-1886,5184,25270,20086,20.45656925443212,-2.699630018240238,16.260017809439002,-9.136677757385796,4.196551444993119,-2.6697968104913787,-1.5267546345017404
242,242,2019-11-19,245500.0,1000.0,150082,79938,65543,14395,47781,40720,7061,-21456,22363,43819,14.90052104849349,-5.556048205938631,29.19670580082888,12.936687991389878,-14.29618475233539,9.591423355232473,4.704761397102917
243,243,2019-11-18,244500.0,1000.0,102730,46401,42481,3920,39148,35090,4058,-7978,17181,25159,16.724423245400565,1.823902196907076,24.49041175897985,-4.7062940418490316,-7.765988513579286,3.8158278983743794,3.950160615204906
244,244,2019-11-15,243500.0,1500.0,109466,73207,30241,42966,22862,44748,-21886,-21080,13397,34477,12.238503279557124,-4.485919965843443,31.49562421208412,7.005212453104267,-19.257120932526995,39.25054354776826,-19.99342261524126
245,245,2019-11-14,242000.0,0.0,207577,162542,138684,23858,21556,49963,-28407,4549,23479,18930,11.310983394113991,-0.9275198854431306,9.119507459882357,-22.376116752201764,2.1914759342316343,11.493566242888182,-13.685042177119815
246,246,2019-11-13,242000.0,-2500.0,127741,61731,45424,16307,33740,59848,-26108,9801,32270,22469,25.2620536867568,13.951070292642806,17.58949749884532,8.469990038962962,7.672556187911477,12.765674294079426,-20.438230481990903
247,247,2019-11-12,244500.0,2000.0,152076,86098,60434,25664,46104,62303,-16199,-9465,19874,29339,13.06846576711644,-12.193587919640356,19.2923275204503,1.7028300216049814,-6.22386175333386,16.87577263999579,-10.651910886661932
248,248,2019-11-11,242500.0,500.0,193224,125684,66816,58868,37041,77559,-40518,-18350,30499,48849,15.784271105038712,2.7158053379222693,25.281020991181222,5.988693470730919,-9.496749886142508,30.466194675609657,-20.969444789467147
249,249,합계,,,82767221,27914240,28066996,-152756,26297414,29341371,-3043957,3196713,28555567,25358854,34.50105809400076,18.716786988962053,30.638764590150966,5.357743598969755,3.862293503849791,-0.18456098701199597,-3.677732516837795
