,Unnamed: 0,날짜,종가,대비,거래량,기관 매수,기관 매도,기관 순매수,외국인 매수,외국인 매도,외국인 순매수,개인 순매수,개인 매수,개인 매도,개인매수비율(%),개인매수비율증가(%p),개인매도비율(%),개인매도비율증가(%p),개인 순매수비율,기관 순매수비율,외국인 순매수비율
0,0,2020-11-11,87000.0,500.0,2638617,967653,808978,158675,1060492,718705,341787,-500462,610472,1110934,23.13605953421812,,42.10288950613143,,-18.966829971913317,6.0135669557196065,12.953263016193711
1,1,2020-11-10,86500.0,500.0,2849783,741434,1324288,-582854,1532873,635836,897037,-314183,575476,889659,20.19367790459835,-2.942381629619767,31.218482249350213,-10.884407256781216,-11.024804344751864,-20.45257481008203,31.477379154833894
2,2,2020-11-09,86000.0,-300.0,2444330,897306,1104587,-207281,692363,473793,218570,-11289,854661,865950,34.965041545126894,14.771363640528538,35.426885895112356,4.2084036457621465,-0.4618443499854766,-8.48007429438742,8.941918644372896
3,3,2020-11-06,86300.0,200.0,2863808,1002988,784804,218184,1022018,356074,665944,-884128,838802,1722930,29.289742887791355,-5.675298657335527,60.16220361141529,24.735317716302923,-30.87246072362393,7.618667173218316,23.253793550405614
4,4,2020-11-05,86100.0,2900.0,4082325,1648680,797836,850844,1720394,825942,894452,-1745296,713251,2458547,17.4716858652851,-11.818057022506261,60.22418597245442,0.061982361039135014,-42.75250010716932,20.84214265155273,21.91035745561659
5,5,2020-11-04,83200.0,1800.0,3782296,1775754,1079128,696626,835365,602790,232575,-929201,1171177,2100378,30.964710324099435,13.493024458814334,55.53182511363468,-4.6923608588197405,-24.567114789535246,18.41807198590486,6.149042803630388
6,6,2020-11-03,81400.0,1800.0,2057723,754274,330793,423481,527335,934520,-407185,-16296,776114,792410,37.71712713518778,6.752416811088345,38.509070462836846,-17.022754650797847,-0.7919433276490567,20.58007807659243,-19.78813474894337
7,7,2020-11-02,79600.0,-300.0,2000394,775729,709152,66577,392042,866336,-474294,407717,832623,424906,41.62295027879508,3.9058231436073,21.241115500246448,-17.267954962590387,20.381834778548626,3.3281943457138943,-23.71002912426252
8,8,2020-10-30,79900.0,-1800.0,2710477,441951,787943,-345992,1026134,1290066,-263932,609924,1242392,632468,45.836655319340466,4.213705040545385,23.334195420215703,2.093079919969252,22.502459899124766,-12.764985646437879,-9.737474252686889
9,9,2020-10-29,81700.0,-1200.0,2637314,564905,1094118,-529213,645393,851689,-206296,735509,1427016,691507,54.108687854385174,8.272032535044715,26.220123959452682,2.885928539236982,27.888563894932496,-20.06636297384384,-7.822200921088653
10,10,2020-10-28,82900.0,300.0,1773556,588973,810988,-222015,616263,471015,145248,76767,568320,491553,32.04409671868269,-22.06459113570249,27.715674046942983,1.4955500874902938,4.328422671739714,-12.518071039200342,8.189648367460627
11,11,2020-10-27,82600.0,-600.0,2265817,537942,1101244,-563302,981536,731928,249608,313694,746339,432645,32.939067894715244,0.8949711760325556,19.094437017640878,-8.621237029302101,13.844630877074362,-24.860877996766728,11.016247119692368
12,12,2020-10-26,83200.0,-700.0,1662847,615584,595041,20543,405744,538490,-132746,112203,641519,529316,38.579556627879775,5.640488733164531,31.83191237678512,12.73747535914424,6.747644251094659,1.235411315653214,-7.983055566747873
13,13,2020-10-23,83900.0,600.0,2609595,970519,691321,279198,855503,835014,20489,-299687,783573,1083260,30.02661332505619,-8.552943302823586,41.510655868056155,9.678743491271039,-11.484042542999967,10.698901553689366,0.7851409893106018
14,14,2020-10-22,83300.0,-500.0,2593975,565375,777731,-212356,908991,1040632,-131641,343997,1119609,775612,43.161904027602425,13.135290702546234,29.900519473009574,-11.610136395046586,13.261384554592855,-8.18650912210025,-5.074875432492603
15,15,2020-10-21,83800.0,-1400.0,4925877,1264016,966516,297500,1408656,2503452,-1094796,797296,2253205,1455909,45.74220996585989,2.58030593825746,29.556340931777225,-0.34417854123234193,16.18586903408266,6.0395336708569864,-22.225402704939647
16,16,2020-10-20,85200.0,-1500.0,6622637,1445052,1545073,-100021,1055246,2213851,-1158605,1258626,4122339,2863713,62.24618682860015,16.50397686274026,43.241279870843,13.684938939065768,19.00490695775716,-1.5102896323624562,-17.494617325394703
17,17,2020-10-19,86700.0,1400.0,3150011,1353805,1126436,227369,1198006,650588,547418,-774787,598200,1372987,18.99040987475917,-43.25577695384098,43.586736681236985,0.34545681039399057,-24.59632680647782,7.218038286215508,17.37828852026231
18,18,2020-10-16,85300.0,-1800.0,2435541,739184,833175,-93991,697975,788359,-90384,184375,998382,814007,40.99220665962922,22.00179678487005,33.42201999473629,-10.164716686500695,7.570186664892933,-3.859142588853975,-3.711044076038958
19,19,2020-10-15,87100.0,600.0,2802900,877296,776051,101245,1295481,1018201,277280,-378525,630123,1008648,22.481108851546608,-18.51109780808261,35.98587177566092,2.563851780924629,-13.50476292411431,3.6121517000249743,9.892611224089336
20,20,2020-10-14,86500.0,-1700.0,3223767,929159,863541,65618,980800,1159949,-179149,113531,1313808,1200277,40.75381378368847,18.272704932141853,37.232126267189905,1.2462544915289868,3.521687516498556,2.035444869309724,-5.55713238580828
21,21,2020-10-13,88200.0,2700.0,6375448,2616518,1005483,1611035,2017161,1418053,599108,-2210143,1741769,3951912,27.31994677079948,-13.433867012888985,61.98642040527975,24.754294138089854,-34.666473634480276,25.269361462912098,9.397112171568178
22,22,2020-10-12,85500.0,2600.0,4464264,1452804,594946,857858,2185110,768795,1416315,-2274173,826350,3100523,18.510330034245285,-8.809616736554194,69.45205301478586,7.465632609506109,-50.941722980540575,19.216112667172013,31.725610313368563
23,23,2020-10-08,82900.0,-500.0,3330824,1223567,1333302,-109735,1277205,1367320,-90115,199850,830052,630202,24.920320016908732,6.409989982663442,18.92030320425216,-50.531749810533704,6.000016812656568,-3.2945301222760492,-2.7054866903805186
24,24,2020-10-07,83400.0,400.0,2254356,987519,629293,358226,816299,1011909,-195610,-162616,450538,613154,19.985219725722114,-4.9351002911866155,27.198632336685073,8.278329132432908,-7.213412610962954,15.890391757113782,-8.67697914615083
25,25,2020-10-06,83000.0,-200.0,2750145,632429,1171729,-539300,1108392,919508,188884,350416,1009324,658908,36.70075577833169,16.715536052609576,23.959027614907576,-3.2396047217774933,12.74172816342411,-19.60987511567572,6.8681469522516085
26,26,2020-10-05,83200.0,-800.0,3396894,789321,1393154,-603833,1487586,1179856,307730,296103,1119987,823884,32.970914017334664,-3.729841760997033,24.254039131041473,0.2950115161338971,8.716874886293184,-17.776033046659684,9.059158160366499
27,27,2020-09-29,84000.0,1500.0,4707898,1688754,1250468,438286,2396006,1336508,1059498,-1497784,623138,2120922,13.236013184652686,-19.734900832681973,45.050296331823674,20.796257200782193,-31.81428314717099,9.309589969876154,22.504693177294836
28,28,2020-09-28,82500.0,-400.0,3154068,943346,1309488,-366142,944780,875223,69557,296585,1265942,969357,40.13680110891712,26.900787924264435,30.73354791336141,-14.316748418462256,9.403253195555708,-11.60856392443029,2.2053107288745837
29,29,2020-09-25,82900.0,-1400.0,3205596,1271142,1144025,127117,605476,731150,-125674,-1443,1328978,1330421,41.45806271283094,1.3212616039138183,41.50307774279728,10.769529829435873,-0.045015029966346355,3.9654716314844416,-3.920456601518095
30,30,2020-09-24,84300.0,700.0,6401560,2892057,1401362,1490695,1966165,1044117,922048,-2412743,1543338,3956081,24.10877973493961,-17.349282977891328,61.79870219134086,20.295624448543574,-37.689922456401256,23.28643330688145,14.403489149519805
31,31,2020-09-23,83600.0,2300.0,4439085,1883651,1423522,460129,1246427,684816,561611,-1021740,1309007,2330747,29.488216603196378,5.379436868256772,52.50512211412938,-9.29358007721148,-23.016905510932997,10.365401878990829,12.651503631942168
32,32,2020-09-22,81300.0,-3200.0,4139983,1143437,1467614,-324177,1142568,1129281,13287,310890,1853978,1543088,44.78226118319809,15.294044580001714,37.2728100574326,-15.232312056696776,7.509451125765493,-7.830394472634308,0.32094334686881565
33,33,2020-09-21,84500.0,800.0,4102947,1475177,1004854,470323,1784734,508095,1276639,-1746962,843036,2589998,20.54708481489037,-24.23517636830773,63.12530968594038,25.852499628507783,-42.578224871050004,11.463053263910062,31.115171607139942
34,34,2020-09-18,83700.0,1500.0,5199334,1571886,873691,698195,2865150,882201,1982949,-2681144,762298,3443442,14.66145471708492,-5.8856300978054525,66.22852080670332,3.103211120762936,-51.5670660896184,13.428546810033748,38.138519279584656
35,35,2020-09-17,82200.0,700.0,4055050,1033519,1247154,-213635,2187501,529948,1657553,-1443918,834030,2277948,20.567687204843345,5.906232487758428,56.17558353164572,-10.052937275057593,-35.60789632680238,-5.268369070664973,40.87626539746736
36,36,2020-09-16,81500.0,-400.0,3119110,968458,797490,170968,997458,698841,298617,-469585,1153194,1622779,36.97189262321624,16.404205418372896,52.02698846786425,-4.148595063781485,-15.055095844647992,5.481307167749775,9.573788676898218
37,37,2020-09-15,81900.0,1900.0,5899410,1809560,1024674,784886,2416319,748338,1667981,-2452867,1673531,4126398,28.367768980287856,-8.604123642928384,69.94594374691707,17.918955279052827,-41.5781747666292,13.304482990671948,28.273691775957257
38,38,2020-09-14,80000.0,1600.0,4099644,1249606,740826,508780,1644004,648575,995429,-1504209,1206034,2710243,29.418017759590825,1.0502487793029722,66.1092280207745,-3.836715726142572,-36.691210261183656,12.41034587393442,24.280864387249235
39,39,2020-09-11,78400.0,1800.0,2831262,682444,684445,-2001,1557025,540123,1016902,-1014901,591793,1606694,20.902092423802532,-8.515925335788303,56.74833342869717,-9.360894592077322,-35.84624100489464,-0.07067519713823729,35.91691620203287
40,40,2020-09-10,76600.0,-700.0,3541520,759141,1745801,-986660,773784,906275,-132491,1119151,2008595,889444,56.71561928211616,35.81352685831363,25.114752987417827,-31.633580441279346,31.60086629469832,-27.859789017145182,-3.741077277553141
41,41,2020-09-09,77300.0,-2100.0,3918435,678129,1439305,-761176,1518502,1051431,467071,294105,1721804,1427699,43.94111424586601,-12.774505036250147,36.43543914853762,11.320686161119788,7.505675097328398,-19.425510439754646,11.91983534242625
42,42,2020-09-08,79400.0,1000.0,3380355,1112603,845831,266772,925298,571655,353643,-620415,1342454,1962869,39.71340288224165,-4.227711363624351,58.06694858971913,21.631509441181507,-18.35354570747747,7.891833845853468,10.461711861624002
43,43,2020-09-07,78400.0,-300.0,2786930,788320,912007,-123687,713364,913904,-200540,324227,1285246,961019,46.1169100049158,6.403507122674142,34.4830691836537,-23.58387940606543,11.633840821262107,-4.438109317420961,-7.195731503841144
44,44,2020-09-04,78700.0,0.0,4582566,1682493,1288384,394109,1275675,1318253,-42578,-351531,1624398,1975929,35.447345439214615,-10.66956456570118,43.118396985444406,8.635327801790702,-7.671051546229776,8.600181644956123,-0.9291300987263468
45,45,2020-09-03,78700.0,3200.0,7002529,2886190,1400946,1485244,1865384,1886912,-21528,-1463716,2250955,3714671,32.14488651171598,-3.302458927498641,53.04756324465061,9.929166259206212,-20.90267673293463,21.210108519364933,-0.30743178643030256
46,46,2020-09-02,75500.0,300.0,2369360,620642,712435,-91793,462350,947297,-484947,576740,1286368,709628,54.29179187628726,22.146905364571282,29.95019752169362,-23.097365722956987,24.341594354593646,-3.8741685518452242,-20.467425802748423
47,47,2020-09-01,75200.0,100.0,2538676,633807,1061456,-427649,728655,812720,-84065,511714,1176214,664500,46.331788696155,-7.960003180132261,26.17506133118208,-3.7751361905115384,20.156727364972923,-16.845355610562358,-3.3113717544105667
48,48,2020-08-31,75100.0,-2700.0,5113128,1392527,1709456,-316929,991357,2337379,-1346022,1662951,2729244,1066293,53.377189070956184,7.045400374801176,20.854025168155378,-5.321036163026701,32.52316390280079,-6.198338864194286,-26.324825038606505
49,49,2020-08-28,77800.0,-1300.0,2511956,795643,876101,-80458,467439,636820,-169381,249839,1248874,999035,49.71719249859472,-3.659996572361458,39.77119822162491,18.917173053469526,9.94599427696982,-3.203001963410187,-6.742992313559633
50,50,2020-08-27,79100.0,300.0,4223450,1416227,1027199,389028,1486378,707375,779003,-1168031,1320845,2488876,31.274076880275608,-18.44311561831912,58.929926955451116,19.158728733826212,-27.655850075175508,9.211142549337627,18.44470752583788
51,51,2020-08-26,78800.0,1800.0,4741965,2004807,986044,1018763,1283610,552272,731338,-1750101,1453548,3203649,30.65286226279612,-0.6212146174794846,67.5595243743891,8.629597418937982,-36.90666211159298,21.483983960235893,15.422678151357085
52,52,2020-08-25,77000.0,1500.0,3473488,926333,962212,-35879,935655,697395,238260,-202381,1611500,1813881,46.394287240952046,15.741424978155921,52.220736043999565,-15.338788330389526,-5.826448803047541,-1.0329386484133527,6.859387451460894
53,53,2020-08-24,75500.0,1000.0,4298619,1179087,1106095,72992,775309,834778,-59469,-13523,2344223,2357746,54.534328350570256,8.140041109618224,54.84891775707501,2.628181713075428,-0.31458940650474027,1.698033717340383,-1.383444310835643
54,54,2020-08-21,74500.0,2700.0,7700029,1585450,1516250,69200,2184974,1178752,1006222,-1075422,3929605,5005027,51.03363896421689,-3.5006893863533723,65.00010584375721,10.151188086682213,-13.966466879540324,0.8986979139948694,13.067768965545454
55,55,2020-08-20,71800.0,-3200.0,7260223,1316369,1747643,-431274,962932,1749031,-786099,1217373,4980922,3763549,68.60563373879837,17.571994774581484,51.83792563947415,-13.162180204283054,16.76770809932422,-5.940230761506912,-10.82747733781731
56,56,2020-08-19,75000.0,-3100.0,8028305,724314,2103079,-1378765,933385,3568643,-2635258,4014023,6370606,2356583,79.35181834770852,10.746184608910141,29.35343139056127,-22.484494248912892,49.99838695714725,-17.173799450818073,-32.824587506329166
57,57,2020-08-18,78100.0,-2100.0,4946279,927626,1191305,-263679,883231,1679333,-796102,1059781,3135422,2075641,63.38950956870811,-15.962308779000402,41.96368623767482,12.610254847113552,21.42582333103329,-5.330855780678768,-16.094967550354518
58,58,2020-08-14,80200.0,-500.0,2589552,738473,910574,-172101,176227,600851,-424624,596725,1674852,1078127,64.67728780885649,1.2877782401483913,41.63372660599208,-0.32995963168274045,23.043561202864435,-6.645975829023707,-16.397585373840727
59,59,2020-08-13,80700.0,-300.0,4049387,1245103,1428022,-182919,560337,1066619,-506282,689201,2243947,1554746,55.4144861926015,-9.262801616255004,38.394601454491756,-3.2391251515003248,17.019884738109745,-4.517202233325686,-12.502682504784058
60,60,2020-08-12,81000.0,-300.0,3595828,875310,1314148,-438838,303556,1087173,-783617,1222455,2416962,1194507,67.21572889470798,11.801242702106476,33.2192474167285,-5.175354037763256,33.99648147797948,-12.204087625993234,-21.792393851986247
61,61,2020-08-11,81300.0,-100.0,3234013,781417,1046208,-264791,414190,475897,-61707,326498,2038406,1711908,63.030235190767634,-4.185493703940345,52.934481092067344,19.715233675338844,10.095754098700283,-8.18769126778402,-1.9080628309162642
62,62,2020-08-10,81400.0,800.0,3277238,985393,904389,81004,461155,326089,135066,-216070,1830690,2046760,55.86075835810521,-7.1694768326624265,62.453810190166244,9.519329098098893,-6.593051832061022,2.471715511659513,4.121336320401509
63,63,2020-08-07,80600.0,-500.0,4946631,362014,1496417,-1134403,1083258,1942274,-859016,1993419,3501359,1507940,70.78270038739498,14.921942029289776,30.484182062498697,-31.969628127667537,40.29851832489628,-22.932840553499947,-17.36567777139633
64,64,2020-08-06,81100.0,400.0,3391939,818957,1103932,-284975,771336,802024,-30688,315663,1801646,1485983,53.115518881678,-17.667181505716986,43.80924892812047,13.325066865621768,9.306269953557537,-8.40153670216357,-0.9047332513939667
65,65,2020-08-05,80700.0,-900.0,4537005,433976,1234881,-800905,798401,2050931,-1252530,2053435,3304628,1251193,72.83721309542308,19.721694213745078,27.57750983302861,-16.23173909509185,45.25970326239447,-17.65272464985161,-27.606978612542857
66,66,2020-08-04,81600.0,-200.0,3005937,533206,1028538,-495332,359064,911194,-552130,1047462,2113667,1066205,70.31641049030635,-2.520802605116728,35.46997159288435,7.892461759855732,34.846438897422004,-16.478455802633256,-18.367983094788748
67,67,2020-08-03,81800.0,-1000.0,3483106,537826,1240186,-702360,597287,875447,-278160,980520,2347993,1367473,67.41089705567387,-2.905513434632482,39.26016032816687,3.79018873528252,28.150736727507002,-20.16476099205709,-7.9859757354499115
68,68,2020-07-31,82800.0,-2500.0,4848989,650197,1509627,-859430,598728,1642705,-1043977,1903407,3600064,1696657,74.24360005766151,6.832703001987639,34.98991233017852,-4.270247997988348,39.25368772748298,-17.72390079664029,-21.529786930842697
69,69,2020-07-30,85300.0,2100.0,6870841,1936798,1764002,172796,1817428,887117,930311,-1103107,3116615,4219722,45.360022157404025,-28.88357790025748,61.41492722652146,26.425014896342944,-16.05490506911745,2.5149177516988095,13.539987317418639
70,70,2020-07-29,83200.0,100.0,3719681,742399,978465,-236066,1467080,1476836,-9756,245822,1510202,1264380,40.60030954267315,-4.75971261473088,33.9916245505999,-27.42330267592156,6.608684992073245,-6.346404436294403,-0.26228055577884235
71,71,2020-07-28,83100.0,300.0,4538720,710359,1357177,-646818,1424135,1536550,-112415,759233,2404226,1644993,52.97145450699757,12.37114496432443,36.243544435435545,2.251919884835644,16.727910071562025,-14.25111044523566,-2.476799626326365
72,72,2020-07-27,82800.0,-900.0,2784652,545108,835150,-290042,584575,1040004,-455429,745471,1654969,909498,59.43180691878196,6.4603524117843785,32.66110092033044,-3.582443515105105,26.77070599845151,-10.415735969880616,-16.354970028570897
73,73,2020-07-24,83700.0,1300.0,3667416,654004,972829,-318825,1985133,946681,1038452,-719627,1028279,1747906,28.038242730031172,-31.393564188750783,47.660423578890416,14.999322658559985,-19.62218084885925,-8.693450647540393,28.315631496399646
74,74,2020-07-23,82400.0,-800.0,3591647,569737,1169806,-600069,556095,1250641,-694546,1294615,2465815,1171200,68.65415782787116,40.615915097839995,32.60899526039168,-15.051428318498745,36.04516256747949,-16.707349023999296,-19.33781354348019
75,75,2020-07-22,83200.0,-900.0,2876295,542271,802448,-260177,596157,1393915,-797758,1057935,1737867,679932,60.420332406794145,-8.233825421077007,23.63916079539825,-8.969834464993431,36.78117161139591,-9.04556034759995,-27.73561126379596
76,76,2020-07-21,84100.0,1900.0,4181015,1143566,957608,185958,1637414,727168,910246,-1096204,1400035,2496239,33.48552923153827,-26.93480317525588,59.70413882753351,36.06497803213526,-26.218609595995233,4.447675982984993,21.77093361301024
77,77,2020-07-20,82200.0,-700.0,2008624,420879,775468,-354589,314646,729199,-414553,769142,1273099,503957,63.381648332390725,29.896119100852452,25.08966337154191,-34.614475455991595,38.29198496084882,-17.653328846015977,-20.63865611483284
78,78,2020-07-17,82900.0,200.0,1579078,445659,605894,-160235,276884,303744,-26860,187095,856535,669440,54.24272898488866,-9.138919347502068,42.394359240012214,17.304695868470294,11.848369744876441,-10.147377140331256,-1.700992604545184
79,79,2020-07-16,82700.0,-300.0,2312310,520298,931640,-411342,669244,746431,-77187,488529,1122768,634239,48.556119205469855,-5.686609779418802,27.428804961272498,-14.96555427873971,21.12731424419736,-17.789223763249737,-3.3380904809476237
80,80,2020-07-15,83000.0,100.0,3024429,965771,907237,58534,617304,1076361,-459057,400523,1441354,1040831,47.65706187845706,-0.8990573270127982,34.41413238664224,6.985327425369738,13.242929491814818,1.935373586220738,-15.178303078035556
81,81,2020-07-14,82900.0,-100.0,2048671,514805,779709,-264904,303704,553506,-249802,514706,1230162,715456,60.04683035977958,12.38976848132252,34.922932964834274,0.5088005781920373,25.12389739494531,-12.930529108871069,-12.193368286074241
82,82,2020-07-13,83000.0,200.0,2080934,569478,618181,-48703,286822,723439,-436617,485320,1224634,739314,58.85020860824996,-1.1966217515296194,35.527988874226665,0.6050559093923908,23.322219734023278,-2.3404394372911397,-20.98178029673214
83,83,2020-07-10,82800.0,-200.0,2201557,560982,1045574,-484592,349428,418977,-69549,554141,1291147,737006,58.64699392293726,-0.2032146853126946,33.476580438298896,-2.051408435927769,25.17041348463837,-22.01133107160069,-3.159082413037682
84,84,2020-07-09,83000.0,-700.0,4002365,724211,1715989,-991778,612957,1324527,-711570,1703348,2665197,961849,66.59055333534049,7.943559412403225,24.03201607049832,-9.444564367800577,42.558537264842165,-24.779798943874436,-17.77873832096773
85,85,2020-07-08,83700.0,-1100.0,3523620,527611,1591194,-1063583,748513,1250932,-502419,1566002,2247496,681494,63.78372242182755,-2.80683091351294,19.340734812493967,-4.691281258004349,44.442987609333585,-30.184384241206487,-14.258603368127096
86,86,2020-07-07,84800.0,-1200.0,3196352,717014,1576293,-859279,866427,585215,281212,578067,1612911,1034844,50.460994283483174,-13.322728138344376,32.375783393068104,13.035048580574125,18.085210890415073,-26.883115501671906,8.797904611256833
87,87,2020-07-06,86000.0,600.0,2561766,990108,597094,393014,378404,649757,-271353,-121661,1193254,1314915,46.57935190021259,-3.881642383270581,51.32845857115756,18.952675178089454,-4.749106670944966,15.341526119091283,-10.592419448146318
88,88,2020-07-03,85400.0,1000.0,2195897,686579,698510,-11931,875778,529057,346721,-334790,633540,968330,28.8510799914568,-17.728271908755797,44.09724135512732,-7.231217216030237,-15.246161363670518,-0.5433314950564622,15.78949285872698
89,89,2020-07-02,84400.0,-900.0,3295340,808849,1345071,-536222,697716,1317129,-619413,1155635,1788775,633140,54.28195573142679,25.430875739970002,19.21319196198268,-24.88404939314464,35.068763769444125,-16.272129734716298,-18.796634034727827
90,90,2020-07-01,85300.0,200.0,2382552,1036962,1068539,-31577,530944,440669,90275,-58698,814646,873344,34.192160338997844,-20.089795392428954,36.65582115311649,17.44262919113381,-2.4636608141186427,-1.3253435811684278,3.7890043952870704
91,91,2020-06-30,85100.0,1500.0,4983607,2123130,1223401,899729,1486487,1150398,336089,-1235818,1373990,2609808,27.570191630279037,-6.6219687087188115,52.36785324364461,15.712032090528119,-24.79766161336558,18.053771093908487,6.743890519457092
92,92,2020-06-29,83600.0,-1000.0,2932433,1199849,1161959,37890,559088,1046313,-487225,449335,1173496,724161,40.01782819931436,12.447636569035325,24.694886464584194,-27.672966779060427,15.322941734730172,1.2921011324043892,-16.61504286713456
93,93,2020-06-26,84600.0,300.0,2889494,878524,1109704,-231180,803210,718628,84582,146598,1207760,1061162,41.79832178229129,1.7804935829769306,36.72483832809482,12.029951863510632,5.073483454196479,-8.000708774615902,2.927225320419423
94,94,2020-06-25,84300.0,-1700.0,3397112,1041257,2064434,-1023177,1314760,697221,617539,405638,1041095,635457,30.646472650886988,-11.151849131404298,18.70580069188181,-18.01903763621301,11.94067195900518,-30.119024630333058,18.178352671327882
95,95,2020-06-24,86000.0,1900.0,4079834,1487369,1346034,141335,1268747,785509,483238,-624573,1323718,1948291,32.44538870944259,1.798916058555598,47.75417333156202,29.04837263968021,-15.308784622119429,3.4642340840338113,11.844550538085619
96,96,2020-06-23,84100.0,-800.0,2955819,1005537,1368579,-363042,856047,762366,93681,269361,1094235,824874,37.019688959303664,4.574300249861075,27.9067831961294,-19.847390135432626,9.112905763174268,-12.282281154563252,3.1693753913889857
97,97,2020-06-22,84900.0,-500.0,2167216,831310,1004900,-173590,694382,522180,172202,1388,641524,640136,29.601294933223084,-7.41839402608058,29.5372496327085,1.630466436579109,0.06404530051457723,-8.009815357583186,7.945770057068608
98,98,2020-06-19,85400.0,-800.0,3216102,892056,1356000,-463944,1295899,1231452,64447,399497,1028147,628650,31.96873109124027,2.367436158017181,19.54695466748256,-9.990294965225946,12.421776423757704,-14.425661872664486,2.0038854489067823
99,99,2020-06-18,86200.0,-600.0,2484147,1159651,1098387,61264,671686,694926,-23240,-38024,652810,690834,26.27904065258618,-5.689690438654085,27.80970691347976,8.262752245997198,-1.5306662608935784,2.466198658936045,-0.9355323980424669
100,100,2020-06-17,86800.0,1400.0,4160612,2122494,1455117,667377,703010,774180,-71170,-596207,1335108,1931315,32.089221489530864,5.810180836944685,46.419012395291844,18.609305481812086,-14.32979090576098,16.04035656292872,-1.7105656571677437
101,101,2020-06-16,85400.0,3400.0,3518785,1727870,1194482,533388,507935,911513,-403578,-129810,1282980,1412790,36.460880673300586,4.371659183769721,40.149938117844655,-6.269074277447188,-3.6890574445440687,15.158300379250225,-11.469242934706156
102,102,2020-06-15,82000.0,-3200.0,4710114,1602598,1920588,-317990,755792,1023780,-267988,585978,2351724,1765746,49.929237381515605,13.468356708215019,37.48839200070317,-2.661546117141484,12.440845380812439,-6.751216637219397,-5.689628743593042
103,103,2020-06-12,85200.0,-3300.0,4742329,1157689,2161385,-1003696,905287,721391,183896,819800,2679353,1859553,56.498673963784455,6.569436582268858,39.211809218634976,1.7234172179318108,17.286864745149483,-21.16462185563254,3.877757110483056
104,104,2020-06-11,88500.0,-2300.0,5467344,1402726,3168142,-1765416,1220848,845229,375619,1389797,2843770,1453973,52.0137382977914,-4.484935665993064,26.593772039952125,-12.618037178682856,25.419966257839274,-32.29019428812235,6.870228030283077
105,105,2020-06-10,90800.0,1000.0,3045250,1308305,1169360,138945,905887,768605,137282,-276227,831058,1107285,27.290304572695174,-24.72343372509622,36.361054100648545,9.767282060696427,-9.07074952795337,4.562679582957064,4.508069944996306
106,106,2020-06-09,89800.0,-1200.0,3410081,1223896,1414787,-190891,481107,728422,-247315,438206,1705078,1266872,50.001099680623426,22.710795107928238,37.15078908682815,0.7897349861795959,12.85031059379528,-5.597843570284694,-7.252467023510585
107,107,2020-06-08,91000.0,600.0,3789382,1492490,1635982,-143492,892371,499341,393030,-249538,1404521,1654059,37.064645369614354,-12.936454311009063,43.649835250180644,6.499046163352488,-6.585189880566277,-3.786686061209981,10.371875941776258
108,108,2020-06-05,90400.0,2700.0,4000557,1766358,1134691,631667,794643,446057,348586,-980253,1439556,2419809,35.98388924342285,-1.0807561261915026,60.486802212791865,16.83696696261123,-24.502912969369014,15.789476315423077,8.713436653945939
109,109,2020-06-04,87700.0,-1000.0,6678244,2736934,2031960,704974,866719,1508574,-641855,-63119,3074591,3137710,46.03891382225627,10.055024578833418,46.98405748577021,-13.502744727021653,-0.9451436635139416,10.556277967681325,-9.611134304167383
110,110,2020-06-03,88700.0,5400.0,11642239,4476574,1966468,2510106,2533409,1632103,901306,-3411412,4632256,8043668,39.78836029736205,-6.250553524894223,69.09038716693584,22.106329681165636,-29.3020268695738,21.56033731999489,7.741689549578909
111,111,2020-06-02,83300.0,-300.0,3114162,1103918,1093309,10609,333801,1008974,-675173,664564,1676443,1011879,53.83287703080315,14.0445167334411,32.49281829268997,-36.597568874245866,21.340058738113175,0.3406694963203584,-21.680728234433534
112,112,2020-06-01,83600.0,2100.0,4205357,1705217,868200,837017,1130621,919821,210800,-1047817,1369519,2417336,32.56605800649029,-21.266819024312845,57.48230174037543,24.989483447685462,-24.91624373388514,19.90358963579073,5.012654098094407
113,113,2020-05-29,81500.0,-2400.0,6815185,1388614,1494035,-105421,2028345,3947787,-1919442,2024863,3398226,1373363,49.86256425907734,17.296506252587044,20.1515145957153,-37.330787144660135,29.711049663362036,-1.5468545608079605,-28.164195102554075
114,114,2020-05-28,83900.0,2500.0,9227823,3297627,1354810,1942817,2334444,1246737,1087707,-3030524,3595752,6626276,38.966417106179854,-10.896147152897477,71.80757584968848,51.656061253973185,-32.84115874350863,21.053904046490704,11.787254697017922
115,115,2020-05-27,81400.0,-500.0,2946278,918864,969283,-50419,505229,731991,-226762,277181,1522185,1245004,51.664676585169495,12.698259478989627,42.25684066473021,-29.55073518495828,9.407835920439279,-1.7112777545092486,-7.696558165930031
116,116,2020-05-26,81900.0,500.0,3040122,1128557,1294312,-165755,503774,584644,-80870,246625,1407791,1161166,46.30705609840658,-5.3576204867629125,38.19471718569189,-4.06212347903832,8.112338912714687,-5.452248297930149,-2.6600906147845382
117,117,2020-05-25,81400.0,100.0,2850294,1019791,1245765,-225974,85626,896388,-810762,1036736,1744877,708141,61.21743932380309,14.910383225396517,24.84448972632297,-13.350227459368925,36.37294959748012,-7.928094435170547,-28.444855162309572
118,118,2020-05-22,81300.0,-2100.0,3471700,914007,1510858,-596851,283566,1095756,-812190,1409041,2274127,865086,65.50470950831006,4.2872701845069665,24.918224500964946,0.07373477464197364,40.586485007345104,-17.191894460926925,-23.394590546418183
119,119,2020-05-21,83400.0,-700.0,2678953,814618,1043750,-229132,724361,589044,135317,93815,1139974,1046159,42.5529675212667,-22.951741987043363,39.051039715889004,14.132815214924063,3.501927805377698,-8.553042923858687,5.051115118480989
120,120,2020-05-20,84100.0,1400.0,3924403,1176853,1012040,164813,2125648,824353,1301295,-1466108,621902,2088010,15.847047308851815,-26.705920212414885,53.20579971017247,14.154759994283467,-37.35875240132066,4.199696106643482,33.15905629467718
121,121,2020-05-19,82700.0,1600.0,4620614,1847585,1115764,731821,1236629,887292,349337,-1081158,1536400,2617558,33.250992184155606,17.403944875303797,56.64957081461468,3.443771104442206,-23.39857863045907,15.838176484770205,7.560402145688863
122,122,2020-05-18,81100.0,-800.0,5294177,1104169,1986434,-882265,1438289,1306144,132145,750120,2751719,2001599,51.976331732014245,18.725339547858628,37.807557246385976,-18.84201356822869,14.168774485628267,-16.66481872442119,2.4960442387929227
123,123,2020-05-15,81900.0,1300.0,4168866,1517302,986705,530597,1132077,1459596,-327519,-203078,1519487,1722565,36.4484490506531,-15.527882681361143,41.319749783274396,3.512192536888413,-4.871300732621293,12.727609858412336,-7.856309125791042
124,124,2020-05-14,80600.0,-3000.0,6409652,1241820,2280764,-1038944,522117,3078907,-2556790,3595734,4645715,1049981,72.47998799310791,36.031538942454794,16.381248155126052,-24.93850162814835,56.098739837981846,-16.20905471935138,-39.88968511863047
125,125,2020-05-13,83600.0,-2100.0,5371416,1608873,1924651,-315778,871305,2384108,-1512803,1828581,2891238,1062657,53.82636533830186,-18.653622654806046,19.783554280658954,3.402306125532906,34.0428110576429,-5.878859503713732,-28.16395155392917
126,126,2020-05-12,85700.0,1200.0,3574409,1937239,985583,951656,666995,665667,1328,-952984,970175,1923159,27.142249250155764,-26.684116088146094,53.80355185990189,34.01999757924293,-26.661302609746116,26.624149614663573,0.037152995082543716
127,127,2020-05-11,84500.0,-500.0,2800047,1081955,1189254,-107299,940175,694921,245254,-137955,777917,915872,27.78228365452437,0.6400344043686133,32.70916523901206,-21.09438662088982,-4.926881584487689,-3.8320428192812477,8.758924403768937
128,128,2020-05-08,85000.0,2600.0,5039635,1838120,1004771,833349,2111561,710971,1400590,-2233939,1089954,3323893,21.62763771582664,-6.154645938697731,65.95503444197843,33.24586920296637,-44.3273967261518,16.53589992132367,27.791496804828128
129,129,2020-05-07,82400.0,0.0,2660512,1297778,867504,430274,678386,753037,-74651,-355623,684348,1039971,25.72241733921892,4.094779623392276,39.08913021253052,-26.86590422944791,-13.366712873311602,16.17260136394799,-2.805888490636389
130,130,2020-05-06,82400.0,1400.0,3351424,1468182,905569,562613,892367,1163763,-271396,-291217,990875,1282092,29.56579054157277,3.84337320235386,38.255141694992936,-0.8339885175375841,-8.689351153420159,16.787282062788833,-8.097930909368674
131,131,2020-05-04,81000.0,-2700.0,5280026,1297892,2134271,-836379,1099054,2305150,-1206096,2042475,2883080,840605,54.603518997823116,25.03772845625034,15.920470846166287,-22.334670848826647,38.68304815165683,-15.840433361502386,-22.842614790154443
132,132,2020-04-29,83700.0,300.0,3750568,1702252,943045,759207,1001097,821275,179822,-939029,1047219,1986248,27.921610806683148,-26.681908191139964,52.95859187195114,37.038121025784854,-25.03698106526798,20.242453942976105,4.794527122291877
133,133,2020-04-28,83400.0,800.0,3205535,1440615,1051325,389290,857914,298732,559182,-948472,907006,1855478,28.29499599910779,0.3733851924246388,57.883567017674125,4.924975145722982,-29.588571018566324,12.144306644600666,17.444264373965655
134,134,2020-04-27,82600.0,1200.0,3235430,1265210,741525,523685,1098580,750847,347733,-871418,871640,1743058,26.940468500322986,-1.3545274987848082,53.87407547064842,-4.009491547025696,-26.933606970325428,16.18594746293383,10.7476595073916
135,135,2020-04-24,81400.0,-1200.0,3193144,454921,1111210,-656289,814232,708148,106084,550205,1923991,1373786,60.253812543374174,33.31334404305119,43.02298925447771,-10.851086216170707,17.23082328889646,-20.55306619432133,3.322242905424873
136,136,2020-04-23,82600.0,-1300.0,6519481,1242091,2537943,-1295852,1158793,1691049,-532256,1828108,4118597,2290489,63.17369434775559,2.9198818043814185,35.13299601609392,-7.889993238383795,28.040698331661677,-19.876612877620165,-8.16408545404151
137,137,2020-04-22,83900.0,2600.0,5335787,2114391,2101517,12874,1535780,1090915,444865,-457739,1685616,2143355,31.59076627309149,-31.58292807466411,40.16942580354126,5.0364297874473385,-8.578659530449773,0.2412764977312625,8.33738303271851
138,138,2020-04-21,81300.0,-700.0,5090721,1753655,1782289,-28634,1054879,1893360,-838481,867115,2282187,1415072,44.8303295348537,13.239563261762225,27.797084145841037,-12.372341657700224,17.033245389012677,-0.5624743528470721,-16.470771036165605
139,139,2020-04-20,82000.0,-2100.0,5027876,1241916,1611772,-369856,481688,1994301,-1512613,1882469,3304272,1421803,65.71904319040486,20.888713655551147,28.278402251765954,0.4813181059249203,37.4406409386389,-7.35610822542163,-30.08453271321727
140,140,2020-04-17,84100.0,2800.0,6205624,2248099,1289193,958906,1112130,1318932,-206802,-752104,2845395,3597499,45.85187565343953,-19.867167536965333,57.97159157564171,29.69318932387576,-12.119715922202182,15.452209157370797,-3.3324932351686147
141,141,2020-04-16,81300.0,-1000.0,4470072,1481148,1344592,136556,1165674,2268289,-1102615,966059,1823250,857191,40.78793361717664,-5.063942036262894,19.17622355971,-38.795368015931714,21.611710057466635,3.0548948652281216,-24.66660492269476
142,142,2020-04-14,82300.0,900.0,3344109,1422281,825182,597099,876934,887095,-10161,-586938,1044894,1631832,31.24581166463175,-9.542121952544887,48.797213248730834,29.620989689020828,-17.551401584099082,17.855249335473214,-0.30384775137413284
143,143,2020-04-13,81400.0,-2700.0,3615318,1018841,2031943,-1013102,290835,692709,-401874,1414976,2305642,890666,63.77425167025418,32.52844000562244,24.635896482688388,-24.161316766042447,39.13835518756579,-28.022486541986073,-11.115868645579726
144,144,2020-04-10,84100.0,-900.0,3675338,1310519,1932499,-621980,395466,624298,-228832,850812,1969353,1118541,53.582908565144216,-10.191343105109963,30.43369072449935,5.797794241810966,23.14921784064486,-16.923069388448084,-6.226148452196777
145,145,2020-04-09,85000.0,500.0,3555538,1428835,1691904,-263069,746667,803613,-56946,320015,1380036,1060021,38.813704142664214,-14.769204422480009,29.813237827861773,-0.6204528966375733,9.000466314802429,-7.3988521568325245,-1.601614157969905
146,146,2020-04-08,84500.0,-1300.0,3749575,1174029,1281444,-107415,1142892,987043,155849,-48434,1432654,1481088,38.20843695618837,-0.6052671864758352,39.50015668442424,9.686918856562462,-1.2917197282358668,-2.864724668795797,4.156444397031664
147,147,2020-04-07,85800.0,2700.0,6188649,1995250,1474610,520640,2258713,1640477,618236,-1138876,1934686,3073562,31.261847294942733,-6.946589661245646,49.66450674452535,10.1643500601011,-18.402659449582615,8.412821602905577,9.989837846677037
148,148,2020-04-06,83100.0,3500.0,5784159,2266060,1107851,1158209,1971387,2072370,-100983,-1057226,1546712,2603938,26.740482064894827,-4.521365230047898,45.018437425388896,-4.646069319136443,-18.277955360494065,20.023809857232486,-1.7458544967384195
149,149,2020-04-03,79600.0,-400.0,3755301,1201864,1528810,-326946,1064507,693747,370760,-43814,1488930,1532744,39.64875252343288,12.908270458538047,40.815476575646,-4.202960849742901,-1.1667240522131248,-8.706252840983986,9.87297689319711
150,150,2020-04-02,80000.0,1600.0,5394371,1717260,1673136,44124,1181637,1436004,-254367,210243,2495474,2285231,46.26070398198418,6.611951458551309,42.36325236065521,1.5477757850092146,3.8974516213289743,0.8179637625962323,-4.715415383925206
151,151,2020-04-01,78400.0,-4900.0,6845675,1465766,3336849,-1871083,1167806,1676629,-508823,2379906,4212103,1832197,61.52940360154404,15.268699619559856,26.764300087281384,-15.598952273373824,34.765103514262655,-27.332337570802004,-7.432765943460653
152,152,2020-03-31,83300.0,-400.0,5333479,1549046,2270154,-721108,1423430,1262404,161026,560082,2361003,1800921,44.26759719125171,-17.26180641029233,33.76634650666104,7.002046419379653,10.501250684590676,-13.520405723918666,3.0191550393279885
153,153,2020-03-30,83700.0,400.0,5270037,1965314,1638139,327175,1254498,1591196,-336698,9523,2050225,2040702,38.90342705373796,-5.364170137513753,38.722726235128896,4.956379728467867,0.1807008186090534,6.208210682391793,-6.388911501000847
154,154,2020-03-27,83300.0,2600.0,8085695,2972927,2792031,180896,2224816,1942679,282137,-463033,2887952,3350985,35.71680603831829,-3.186621015419668,41.443376234201274,2.7206499990723643,-5.726570195882976,2.237235018140061,3.489335177742915
155,155,2020-03-26,80700.0,-3800.0,7895289,2742518,3003975,-261457,1364871,1884017,-519146,780603,3787900,3007297,47.97671117548706,12.259905137168765,38.089764668525746,-3.3536115656755143,9.886946506961303,-3.3115570563661443,-6.575389450595159
156,156,2020-03-25,84500.0,5800.0,8787217,2565736,2459337,106399,2885298,1940671,944627,-1051026,3336183,4387209,37.96632084993463,-10.010390325552427,49.92717261904423,11.837407950518475,-11.960851769109606,1.2108384258633877,10.750013343246218
157,157,2020-03-24,78700.0,9300.0,7247345,2763029,1995407,767622,1534106,1094230,439876,-1207498,2950210,4157708,40.7074590763928,2.7411382264581756,57.368705367275865,7.441532748231643,-16.661246290883074,10.591768433819558,6.069477857063518
158,158,2020-03-23,69400.0,-5400.0,8192363,1909220,2411876,-502656,2491761,3063302,-571541,1074197,3791382,2717185,46.27946784096359,5.572008764570789,33.16729251377167,-24.2014128535042,13.112175327191922,-6.135665619309106,-6.976509707882817
159,159,2020-03-20,74800.0,5800.0,8750101,3404238,2402765,1001473,2485274,2832303,-347029,-654444,2860589,3515033,32.692068354411,-13.587399486552592,40.171342022223506,7.0040495084518435,-7.47927366781252,11.445273603127552,-3.965999935315032
160,160,2020-03-19,69000.0,-4100.0,11140367,3283734,2704401,579333,2449817,3391161,-941344,362011,5406816,5044805,48.5335536971089,15.841485342697899,45.28401084093549,5.112668818711973,3.24954285617341,5.200304442394043,-8.449847298567454
161,161,2020-03-18,73100.0,-7300.0,7949482,2148189,2521399,-373210,1260532,2625195,-1364663,1737873,4540761,2802888,57.12021236100666,8.586658663897765,35.25875019277986,-10.025260648155632,21.86146216822681,-4.694771307111583,-17.166690861115228
162,162,2020-03-17,80400.0,-200.0,7107436,2254275,2082487,171788,1848820,2357732,-508912,337124,3004341,2667217,42.27039117904122,-14.849821181965446,37.527133554209975,2.268383361430125,4.743257624831233,2.417017895060891,-7.160275519892124
163,163,2020-03-16,80600.0,-1900.0,5097762,1828874,1748317,80557,1009509,1632523,-623014,542457,2259379,1716922,44.32099811642835,2.0506069373871227,33.679916794860176,-3.8472167593498057,10.641081321568171,1.5802424671846194,-12.22132378875279
164,164,2020-03-13,82500.0,-300.0,8160758,3043030,2066976,976054,2195518,3105065,-909547,-66507,2922210,2988717,35.808070769896624,-8.512927346531718,36.623031831111774,2.9431150362515908,-0.8149610612151469,11.960335057111116,-11.14537399589597
165,165,2020-03-12,82800.0,-2700.0,8191818,2730884,2390468,340416,2654397,3192031,-537634,197218,2806537,2609319,34.26024601620788,-1.5478247536887435,31.85274624021188,-4.770285590899885,2.407499775996,4.1555610732562664,-6.563060849252266
166,166,2020-03-11,85500.0,-3600.0,5226251,1437953,1859909,-421956,1552944,2023609,-470665,892621,2235354,1342733,42.77165409774617,8.511408081538285,25.692087884795427,-6.160658355416455,17.079566212950738,-8.073779847160038,-9.005786365790698
167,167,2020-03-10,89100.0,2200.0,6579153,2256194,1413468,842726,2374973,3439453,-1064480,221754,1947986,1726232,29.608461757919297,-13.163192339826868,26.23790630800044,0.5458184232050094,3.3705554499188572,12.809034840807016,-16.179590290725873
168,168,2020-03-09,86900.0,-5700.0,6196552,1904851,1472243,432608,1398166,3625590,-2227424,1794816,2893535,1098719,46.69588829400609,17.087426536086788,17.731134992492603,-8.506771315507837,28.964753301513486,6.981430963542305,-35.94618426505579
169,169,2020-03-06,92600.0,-2300.0,3281612,1399686,1209455,190231,861695,1478622,-616927,426696,1020231,593535,31.089324393011733,-15.606563900994365,18.086690321707746,0.3555553292151465,13.002634071303982,5.796876656960055,-18.799510728264035
170,170,2020-03-05,94900.0,600.0,4028776,1469927,1195302,274625,1487728,1773480,-285752,11127,1071121,1059994,26.58675984964168,-4.502564543370049,26.310571746853142,8.223881425145393,0.2761881027885392,6.816586476885287,-7.092774579673827
171,171,2020-03-04,94300.0,1500.0,4984561,1847783,1315020,532763,1845226,2480947,-635721,102958,1291552,1188594,25.91104813442949,-0.6757117152121843,23.84551016629148,-2.465061580561663,2.0655379681380164,10.688263219168148,-12.753801187306165
172,172,2020-03-03,92800.0,700.0,5573006,1618377,1656783,-38406,2159029,2636605,-477576,515982,1795600,1279618,32.219595672425264,6.308547537995771,22.9610016569155,-0.8845085093759799,9.258594015509763,-0.6891433456199402,-8.569450669889822
173,173,2020-03-02,92100.0,4200.0,6382279,2368359,1268745,1099614,2501145,3235908,-734763,-364851,1512775,1877626,23.702740040038986,-8.516855632386276,29.419365715600964,6.4583640586854685,-5.716625675561974,17.229174719563343,-11.512549044001366
174,174,2020-02-28,87900.0,-4900.0,8171939,2335919,1263471,1072448,3541317,4851691,-1310374,237926,2294703,2056777,28.08027568487724,4.377535644838248,25.168775733641677,-4.2505899819592905,2.9114999512355637,13.123543873736699,-16.035043824972263
175,175,2020-02-27,92800.0,-1800.0,4644449,1428284,1207746,220538,1759768,2334352,-574584,354046,1456397,1102351,31.357799385890555,3.277523701013319,23.734806862988485,-1.4339688706531888,7.622992522902071,4.748421179778268,-12.37141370268034
176,176,2020-02-26,94600.0,-3400.0,6405409,1355549,1162626,192923,2758840,4195946,-1437106,1244183,2291020,1046837,35.76695883120032,4.409159445309765,16.34301572311776,-7.391791139870727,19.42394310808256,3.0118763688626284,-22.435819476945188
177,177,2020-02-25,98000.0,-1500.0,6594059,1554511,1113769,440742,2352992,4366419,-2013427,1572685,2686556,1113871,40.74206797361079,4.975109142410466,16.892038727587973,0.5490230044702109,23.85002924602282,6.683925636698125,-30.533954882720945
178,178,2020-02-24,99500.0,-3500.0,5550758,960674,1245666,-284992,3504740,3565008,-60268,345260,1085344,740084,19.553077255394673,-21.18899071821612,13.333025867818412,-3.5590128597695583,6.220051387576255,-5.134289767271425,-1.0857616203048304
179,179,2020-02-21,103000.0,-1000.0,4064719,707632,1357527,-649895,2902611,2253413,649198,697,454476,453779,11.180994307355563,-8.372082948039104,11.163846750537985,-2.1691791172804287,0.017147556817580747,-15.988682120461464,15.971534563643884
180,180,2020-02-20,104000.0,500.0,3093782,1108279,1597769,-489490,1458898,735368,723530,-234040,526605,760645,17.021399697845553,5.840405390489984,24.58625074423473,13.422403993696742,-7.564851046389177,-15.821735338818314,23.38658638520749
181,181,2020-02-19,103500.0,1500.0,2315634,801158,816353,-15195,1105110,994848,110262,-95067,409366,504433,17.678355042290793,0.6569553444452438,21.783796575797385,-2.80245416843734,-4.105441533506591,-0.6561917816027921,4.761633315109383
182,182,2020-02-18,102000.0,-3000.0,2789667,718864,1179642,-460778,1181466,1106352,75114,385664,889337,503673,31.87968313063889,14.2013280883481,18.054950644646837,-3.728845931150552,13.824732485992056,-16.51731192289259,2.6925794369005334
183,183,2020-02-17,105000.0,500.0,1190162,517717,478983,38734,289722,338438,-48716,9982,382723,372741,32.157218933220854,0.2775358025819621,31.318509581048627,13.263558936401793,0.8387093521722253,3.2545149315807427,-4.093224283752968
184,184,2020-02-14,104500.0,2500.0,1893163,648262,562302,85960,754124,453622,300502,-386462,490777,877239,25.923652638468003,-6.233566294752852,46.33721449236015,15.01870491131151,-20.413561853892137,4.540549334632042,15.873012519260095
185,185,2020-02-13,102000.0,2000.0,3519491,1761174,1511507,249667,1256578,511299,745279,-994946,501739,1496685,14.256010315127954,-11.667642323340047,42.52560952705945,-3.811604965300688,-28.2695992119315,7.093838285138391,21.175760926793107
186,186,2020-02-12,100000.0,200.0,2616573,865350,540339,325011,1217624,1532504,-314880,-10131,533599,543730,20.39304846453739,6.137038149409436,20.780234298832863,-21.74537522822659,-0.3871858342954697,12.421247180950044,-12.034061346654575
187,187,2020-02-11,99800.0,1000.0,1820578,803691,538930,264761,650692,583266,67426,-332187,366195,698382,20.114216474108773,-0.2788319904286176,38.36045475667618,17.580220457843314,-18.246238282567404,14.54268918991661,3.7035490926507957
188,188,2020-02-10,98800.0,-500.0,1825648,527699,725836,-198137,751161,809212,-58051,256188,546788,290600,29.950351875060253,9.836135400951484,15.917635820267654,-22.44281893640852,14.0327160547926,-10.852968370682628,-3.1797476841099708
189,189,2020-02-07,99300.0,-1200.0,1827393,485067,809373,-324306,689315,606324,82991,241315,653011,411696,35.73456831672224,5.784216441661982,22.529143977239706,6.611508156972053,13.20542433948253,-17.746921433977256,4.5414970944947255
190,190,2020-02-06,100500.0,2800.0,2861441,1010328,815905,194423,1226570,567661,658909,-853332,624543,1477875,21.826170799957083,-13.908397516765154,51.64792843885301,29.118784461613306,-29.821757638895928,6.794583568209164,23.027174070686762
191,191,2020-02-05,97700.0,600.0,2911995,1052339,1364132,-311793,1164787,864945,299842,11951,694869,682918,23.862300587741395,2.0361297877843114,23.451894663280672,-28.196033775572328,0.41040592446072194,-10.707195582409998,10.296789657949276
192,192,2020-02-04,97100.0,2400.0,3169743,1235944,1497381,-261437,1150738,913036,237702,23735,783061,759326,24.704242583704733,0.8419419959633423,23.955443706319407,0.5035490430387348,0.7487988773853275,-8.247892652495802,7.499093775110474
193,193,2020-02-03,94700.0,1200.0,3725535,1861368,1130945,730423,1096954,1661946,-564992,-165431,767213,932644,20.5933644429592,-4.1108781407455375,25.033827356339426,1.0783836500200188,-4.440462913380226,19.605855266424822,-15.165392353044597
194,194,2020-01-31,93500.0,-500.0,4597139,1681065,1225884,455181,1870639,2100097,-229458,-225723,1045435,1271158,22.740991734206858,2.1476272912476624,27.65106732687439,2.617239970534964,-4.910075592667527,9.901397369102828,-4.9913217764353
195,195,2020-01-30,94000.0,-3900.0,3223436,801638,1486341,-684703,819344,1094564,-275220,959923,1602454,642531,49.71260481051896,26.971613076312103,19.933108645557105,-7.717958681317287,29.77949616496186,-21.2414020318691,-8.538094133092763
196,196,2020-01-29,97900.0,1600.0,2741459,1059115,1188802,-129687,972804,737755,235049,-105362,709540,814902,25.881838831074987,-23.83076597944397,29.72512082070168,9.792012175144578,-3.8432819896266914,-4.730583240529952,8.573865230156644
197,197,2020-01-28,96300.0,-2400.0,3630362,1414884,1059684,355200,1081603,1545748,-464145,108945,1133875,1024930,31.23311118836083,5.3512723572858425,28.23217078627421,-1.4929500344274729,3.000940402086624,9.784148247475045,-12.785088649561668
198,198,2020-01-23,98700.0,-2300.0,2780104,534368,990922,-456554,821477,1425395,-603918,1060472,1424259,363787,51.23042159573886,19.99731040737803,13.085373784577847,-15.146797001696363,38.14504781116102,-16.422191400033956,-21.722856411127065
199,199,2020-01-22,101000.0,1700.0,2257478,821204,535691,285513,828273,986641,-158368,-127145,608001,735146,26.93275416194532,-24.29766743379354,32.564924220745446,19.47955043616761,-5.63217005880013,12.647432223038276,-7.015262164238146
200,200,2020-01-21,99300.0,-600.0,1483291,519267,680109,-160842,476092,439723,36369,124473,487932,363459,32.895230942546,5.962476780600678,24.503553247474702,-8.061370973270751,8.391677695071298,-10.843590367635212,2.4519126725639135
201,201,2020-01-20,99900.0,900.0,1781639,662205,537146,125059,556580,481716,74864,-199923,562854,762777,31.59192182030143,-1.3033091222445776,42.8132186149944,18.309665367519692,-11.221296794692977,7.019323218676735,4.2019735760162416
202,202,2020-01-17,99000.0,-200.0,2246394,683637,947007,-263370,683090,633092,49998,213372,879667,666295,39.1590700473737,7.56714822707228,29.660647241757232,-13.152571373237164,9.498422805616467,-11.72412319477349,2.2257003891570224
203,203,2020-01-16,99200.0,1000.0,2824804,954791,1007269,-52478,766686,1063630,-296944,349422,1103327,753905,39.05853291060193,-0.1005371367717629,26.688754334814025,-2.9718929069432067,12.369778575787914,-1.8577572107657734,-10.51202136502214
204,204,2020-01-15,98200.0,-2300.0,2745625,582926,1473876,-890950,730462,872774,-142312,1033262,1432237,398975,52.16433416799454,13.1058012573926,14.531299795128612,-12.15745453968541,37.63303437286592,-32.449806510357384,-5.183227862508536
205,205,2020-01-14,100500.0,0.0,2913343,644125,1171075,-526950,1153177,896977,256200,270750,1116041,845291,38.30791636961388,-13.856417798380662,29.014468945125927,14.483169149997316,9.293447424487951,-18.087468588490953,8.794021164003002
206,206,2020-01-13,100500.0,1600.0,2242008,758902,880233,-121331,763841,552611,211230,-89899,719265,809164,32.08128606142351,-6.226630308190366,36.09103981787753,7.076570872751617,-4.009753756454036,-5.411711287381668,9.421465043835704
207,207,2020-01-10,98900.0,-100.0,2867925,959892,1348145,-388253,1024018,966250,57768,330485,884015,553530,30.82420216707201,-1.2570838943514993,19.300713930803628,-16.790325887073916,11.523488236268383,-13.537766852340978,2.014278616072596
208,208,2020-01-09,99000.0,1600.0,3586413,1439860,1229647,210213,1149230,1629506,-480276,270063,997323,727260,27.80837009011511,-3.0158320769569045,20.278199973065007,0.9774860422613793,7.5301701170501,5.861371794046029,-13.391541911096128
209,209,2020-01-08,97400.0,3400.0,7014748,2839121,1868224,970897,2767556,2592685,174871,-1145768,1408071,2553839,20.073009037530642,-7.735361052584466,36.406710547549245,16.128510574484242,-16.333701510018606,13.84079656175817,2.4929049482604366
210,210,2020-01-07,94000.0,-300.0,2489429,920021,814985,105036,947575,1307770,-360195,255159,621833,366674,24.978940953929595,4.905931916398952,14.72924112316519,-21.677469424384054,10.249699830764404,4.219280806964167,-14.468980637728572
211,211,2020-01-06,94300.0,-200.0,2577573,1032662,1107935,-75273,1034985,910682,124303,-49030,509926,558956,19.783183638251952,-5.1957573156776435,21.68536060860352,6.956119485438327,-1.9021769703515672,-2.920305263905232,4.822482234256799
212,212,2020-01-03,94500.0,-200.0,3021380,1315777,1414522,-98745,699565,865300,-165735,264480,1006038,741558,33.297301233211314,13.514117594959364,24.543685335839914,2.8583247272363974,8.7536158973714,-3.26820856694623,-5.48540733042517
213,213,2020-01-02,94700.0,600.0,2342070,723532,1414456,-690924,1058523,499911,558612,132312,560015,427703,23.911112819002,-9.386188414209318,18.26175135670582,-6.281933979134095,5.649361462296174,-29.50057000858215,23.851208546285978
214,214,2019-12-30,94100.0,-1900.0,1862634,593812,429090,164722,503066,1122058,-618992,454270,765756,311486,41.11145828971232,17.200345470710314,16.722877387613455,-1.5388739690923643,24.388580902098855,8.84349797115268,-33.23207887325154
215,215,2019-12-27,96000.0,1200.0,2229470,897435,894328,3107,452410,588100,-135690,132583,879625,747042,39.454444329818294,-1.6570139598940088,33.5076049464671,16.784727558853646,5.9468393833512,0.13936047580815172,-6.086199859159351
216,216,2019-12-26,94800.0,1000.0,1559839,844689,340272,504417,325224,247987,77237,-581654,389926,971580,24.99783631515817,-14.456608014660134,62.28719758898193,28.779592642514835,-37.28936127382377,32.33776049964131,4.951600774182464
217,217,2019-12-24,93800.0,-800.0,1464093,685586,487629,197957,384016,401569,-17553,-180404,394491,574895,26.94439492573218,1.946558610574012,39.26628977804006,-23.02090781094187,-12.32189485230788,13.520794102560425,-1.1988992502525455
218,218,2019-12-23,94600.0,-400.0,1720279,696830,609828,87002,585462,484997,100465,-187467,437987,625454,25.46023057887703,-1.4841643468551489,36.35770709286111,-2.908582685178956,-10.897476513984069,5.057435450877445,5.840041063106624
219,219,2019-12-20,95000.0,1400.0,2791176,588925,804255,-215330,1814360,1110084,704276,-488946,387891,876837,13.897045546393349,-11.56318503248368,31.414608036182603,-4.9430990566785065,-17.51756248978925,-7.714669372336248,25.2322318621255
220,220,2019-12-19,93600.0,600.0,4938375,997288,2126092,-1128804,3005601,1574050,1431551,-302747,935486,1238233,18.943194876857266,5.0461493304639164,25.07369326954717,-6.340914766635429,-6.130498392689903,-22.85780241476194,28.988300807451843
221,221,2019-12-18,93000.0,200.0,3434310,912531,1253857,-341326,1771255,1212748,558507,-217181,750524,967705,21.85370569342896,2.91051081657169,28.177566963960732,3.103873694413565,-6.323861270531781,-9.93870675623342,16.2625680267652
222,222,2019-12-17,92800.0,4200.0,5070618,1480333,1335107,145226,2588443,1370938,1217505,-1362731,1001842,2364573,19.757788892793734,-2.09591680063522,46.63283647082071,18.455269506859977,-26.87504757802698,2.8640690345831614,24.010978543443816
223,223,2019-12-16,88600.0,700.0,2652685,1132122,735381,396741,1113964,976718,137246,-533987,406599,940586,15.327828219332488,-4.4299606734612516,35.457885123940464,-11.174951346880254,-20.130056904607972,14.956204751035273,5.1738521535727005
224,224,2019-12-13,87900.0,4500.0,5831965,1832220,1488666,343554,3334888,922815,2412073,-2755627,664857,3420484,11.400222737962249,-3.9276054813702377,58.65062633263402,23.192741208693572,-47.25040359467178,5.890878974753792,41.359524619917984
225,225,2019-12-12,83400.0,2800.0,5247299,2816078,2567101,248977,2179369,928772,1250597,-1499574,251852,1751426,4.799650258161389,-6.600572479800861,33.377667253190644,-25.272959079443392,-28.57801699502925,4.744860165201183,23.83315682982807
226,226,2019-12-11,80600.0,-100.0,2009331,988632,788042,200590,774646,971506,-196860,-3730,246053,249783,12.245518533282967,7.445868275121581,12.431152458206238,-20.9465147949844,-0.1856339249232705,9.982924664975556,-9.797290740052286
227,227,2019-12-10,80700.0,0.0,1831960,915766,698646,217120,633224,854690,-221466,4346,282970,278624,15.446297954103803,3.2007794208208327,15.209065700124462,2.7779132419182204,0.23723225397934453,11.851787156924823,-12.089019410904168
228,228,2019-12-09,80700.0,100.0,2290088,806069,687930,118139,1207815,1147153,60662,-178801,276204,455005,12.060846570088135,-3.3854513840156653,19.868450470025607,4.659384769901148,-7.80760389993747,5.158710058303436,2.6488938416340333
229,229,2019-12-06,80600.0,1800.0,3054204,784527,456500,328027,2043935,1858249,185686,-513713,225742,739455,7.3911893246161675,-4.669657245471968,24.211054664324976,4.342604194299369,-16.81986533970881,10.740179765333291,6.0796855743755165
230,230,2019-12-05,78800.0,1100.0,3667358,701854,624355,77499,2538309,2365748,172561,-250060,427195,677255,11.648576441132828,4.257387116516658,18.467109019626665,-5.7439456446983135,-6.818532578493837,2.1132106546456604,4.705321923848176
231,231,2019-12-04,77700.0,-1000.0,6164549,1087154,699551,387603,3629898,4875565,-1245667,858064,1447497,589433,23.480987822466822,11.832411381333992,9.561656497498843,-8.905452522127819,13.919331324967974,6.287613254432725,-20.206944579400698
232,232,2019-12-03,78700.0,-1800.0,11657151,1324613,556816,767797,8963023,10683470,-1720447,952650,1369515,416865,11.748282234655793,-11.732705587811026,3.57604529614483,-5.985611201354012,8.172236938510961,6.586489271692543,-14.758726210203506
233,233,2019-12-02,80500.0,-400.0,1945991,751053,411532,339521,678434,1353901,-675467,335946,516504,180558,26.541952146746826,14.793669912091033,9.278460177873383,5.7024148817285525,17.263491968873442,17.447202993230697,-34.71069496210414
234,234,2019-11-29,80900.0,-1900.0,2139440,702364,665723,36641,666682,1213933,-547251,510610,770394,259784,36.00914257936657,9.467190432619745,12.142616759525854,2.864156581652473,23.866525819840707,1.712644430318214,-25.57917025015892
235,235,2019-11-28,82800.0,100.0,1413983,549954,528296,21658,689189,469471,219718,-241376,174840,416216,12.365070867188644,-23.64407171217793,29.435714573654703,17.29309781412885,-17.07064370646606,1.5317015833995176,15.538942123066544
236,236,2019-11-27,82700.0,400.0,1326621,614021,422516,191505,448892,564679,-115787,-75718,263708,339426,19.878171685809285,7.513100818620641,25.585755087549487,-3.8499594861052095,-5.7075834017402105,14.43554715325628,-8.72796375151607
237,237,2019-11-26,82300.0,600.0,4521090,1653672,449864,1203808,2220837,3203949,-983112,-220696,646581,867277,14.3014405818066,-5.576731104002687,19.18291827855672,-6.402836808992773,-4.88147769675012,26.626499361879546,-21.74502166512943
238,238,2019-11-25,81700.0,0.0,2602474,1001511,441141,560370,1015309,1805701,-790392,230022,585654,355632,22.503740671376548,8.202300089569945,13.665150929461735,-5.517767349094983,8.83858974191481,21.532203587816824,-30.370793329731633
239,239,2019-11-22,81700.0,800.0,2089767,849815,382943,466872,773064,1272650,-499586,32714,466888,434174,22.34162947352504,-0.1621111978515053,20.776191795544676,7.111040866082937,1.565437677980368,22.340863837930257,-23.906301515910627
240,240,2019-11-21,80900.0,-1800.0,3346746,1076125,951675,124450,1027735,2081965,-1054230,929780,1242886,313106,37.137147545705595,14.795518072180547,9.35553519747241,-11.420656598072267,27.78161234823318,3.71853734941343,-31.50014969764661
241,241,2019-11-20,82700.0,-2600.0,3315169,1066071,1061272,4799,1223249,1944874,-721625,716826,1025849,309023,30.94409364952435,-6.193053896181238,9.321485571323814,-0.034049626148595635,21.62260807820054,0.1447588343158373,-21.767366912516376
242,242,2019-11-19,85300.0,-200.0,2260299,809058,847945,-38887,1192008,977899,214109,-175222,259233,434455,11.46896937086642,-19.47512427865793,19.221129593916558,9.899644022592744,-7.7521602230501365,-1.7204361015954084,9.472596324645545
243,243,2019-11-18,85500.0,300.0,1827506,754995,617407,137588,732376,729098,3278,-140866,340135,481001,18.611977197338888,7.143007826472465,26.320077745298786,7.098948151382227,-7.708100547959897,7.5287304118290175,0.17937013613088001
244,244,2019-11-15,85200.0,1800.0,2394138,1173397,530134,643263,975808,680310,295498,-938761,244933,1183694,10.230529735545737,-8.381447461793147,49.44134381560295,23.121266070304166,-39.210814080057204,26.868250702340468,12.34256337771674
245,245,2019-11-14,83400.0,0.0,1517137,937817,619046,318771,469660,713798,-244138,-74633,109660,184293,7.2280881687019685,-3.002441566843768,12.147419778174285,-37.29392403742867,-4.919331609472315,21.011352303714165,-16.092020694241853
246,246,2019-11-13,83400.0,200.0,1370289,462091,574714,-112623,791416,482065,309351,-196728,116782,313510,8.52243577814607,1.2943476094441009,22.87911528152091,10.73169550334662,-14.356679503374835,-8.21892316146448,22.575602664839316
247,247,2019-11-12,83200.0,1900.0,1555211,617408,498082,119326,752303,524523,227780,-347106,185500,532606,11.927641972696954,3.405206194550882,34.24654275207673,11.367427470555821,-22.318900779379774,7.672656636302084,14.646244143077691
248,248,2019-11-11,81300.0,-1000.0,2174477,669516,679784,-10268,850746,1283789,-433043,443311,654215,210904,30.086085067811712,18.15844309511475,9.699067867813733,-24.547474884263,20.387017199997977,-0.4722055004490735,-19.914811699548903
249,249,합계,,,984237514,308116680,302447576,5669104,300570576,320099265,-19528689,13859585,375550258,361690673,38.156466570121005,8.070381502309289,36.74831205427921,27.049244186465483,1.408154515841793,0.5759894252516776,-1.9841439410934707
