,Unnamed: 0,날짜,종가,대비,거래량,기관 매수,기관 매도,기관 순매수,외국인 매수,외국인 매도,외국인 순매수,개인 순매수,개인 매수,개인 매도,개인매수비율(%),개인매수비율증가(%p),개인매도비율(%),개인매도비율증가(%p),개인 순매수비율,기관 순매수비율,외국인 순매수비율
0,0,2020-11-11,801000.0,4000.0,116090,32253,32343,-90,21385,52488,-31103,31193,62452,31259,53.796192609182526,,26.926522525626662,,26.86967008355586,-0.07752605736928245,-26.79214402618658
1,1,2020-11-10,797000.0,-47000.0,172812,33893,52889,-18996,25203,92504,-67301,86297,113716,27419,65.80330069671088,12.007108087528346,15.866375020253225,-11.060147505373441,49.936925676457655,-10.992292201930422,-38.94463347452723
2,2,2020-11-09,844000.0,-4000.0,71482,26258,25175,1083,22899,27343,-4444,3361,22325,18964,31.2316387342268,-34.571661962484086,26.529755742704463,10.663380722451237,4.701882991522341,1.5150667300858958,-6.216949721608237
3,3,2020-11-06,848000.0,5000.0,91315,25452,24817,635,40445,32131,8314,-8949,25418,34367,27.83551442807863,-3.3961243061481667,37.63565679242184,11.105901049717374,-9.800142364343207,0.695395061052401,9.104747303290807
4,4,2020-11-05,843000.0,6000.0,108701,37300,31764,5536,44880,34181,10699,-16235,26521,42756,24.398119612515067,-3.4373948155635645,39.33358478762845,1.6979279952066193,-14.935465175113384,5.0928694308240035,9.842595744289381
5,5,2020-11-04,837000.0,55000.0,197108,76785,28129,48656,76545,21262,55283,-103939,43778,147717,22.210158897660165,-2.187960714854899,74.94216368691275,35.608578899284296,-52.73200478925259,24.684944294498447,28.047060494754145
6,6,2020-11-03,782000.0,4000.0,48350,25139,13316,11823,7721,23692,-15971,4148,15490,11342,32.037228541882115,9.82706964422195,23.458117890382628,-51.48404579653013,8.579110651499484,24.45294725956567,-33.03205791106515
7,7,2020-11-02,778000.0,2000.0,48696,28815,16874,11941,8546,21217,-12671,730,11335,10605,23.27706587810087,-8.760162663781244,21.777969443075403,-1.6801484473072217,1.499096435025464,24.521521274848038,-26.020617709873502
8,8,2020-10-30,776000.0,-37000.0,92285,29992,21483,8509,28033,52083,-24050,15541,34260,18719,37.12412634772715,13.847060469626276,20.283903126185187,-1.4940663168902188,16.84022322154196,9.220350002708999,-26.060573224250962
9,9,2020-10-29,813000.0,11000.0,88029,45077,21446,23631,27142,28452,-1310,-22321,15810,38131,17.95999045769008,-19.16413589003707,43.316407093117036,23.032503966931852,-25.35641663542696,26.844562587329175,-1.488145951902214
10,10,2020-10-28,802000.0,20000.0,78286,36108,19881,16227,28031,37302,-9271,-6956,14147,21103,18.070919449199085,0.11092899150901303,26.956288480698976,-16.360118612418066,-8.885369031499884,20.72784405896329,-11.842475027463404
11,11,2020-10-27,782000.0,-14000.0,81633,32460,20860,11600,25839,44472,-18633,7033,23334,16301,28.5840285178788,10.513109068679707,19.968640133279433,-6.987648347419545,8.615388384599365,14.209939607756667,-22.825327992356033
12,12,2020-10-26,796000.0,0.0,49132,31654,16809,14845,5230,13194,-7964,-6881,12248,19129,24.928763331433693,-3.65526518644511,38.933892371570465,18.965252238291022,-14.005129040136774,30.214524139053978,-16.209395098917202
13,13,2020-10-23,796000.0,-15000.0,80718,35848,24972,10876,18669,39267,-20598,9722,26201,16479,32.45992219827053,7.531158866836835,20.415520701702217,-18.518371669868237,12.0444014965683,13.474070219777497,-25.518471716345797
14,14,2020-10-22,811000.0,2000.0,85163,39422,13211,26211,28275,32822,-4547,-21664,17466,39130,20.50890644998415,-11.951015748286377,45.9471836360861,25.531662934383874,-25.438277186101946,30.777450301187134,-5.33917311508519
15,15,2020-10-21,809000.0,15000.0,108005,44629,11936,32693,41596,41193,403,-33096,21780,54876,20.16573306791352,-0.3431733820706277,50.80875885375677,4.8615752176706755,-30.64302578584325,30.26989491227258,0.37313087357066804
16,16,2020-10-20,794000.0,23000.0,147983,49328,20712,28616,75761,46669,29092,-57708,22894,80602,15.470695958319535,-4.6950371095939865,54.4670671631201,3.6583083093633135,-38.99637120480055,19.33735631795544,19.65901488684511
17,17,2020-10-19,771000.0,4000.0,105467,30951,15743,15208,54477,41059,13418,-28626,20039,48665,19.000256004247774,3.5295600459282386,46.14239525159529,-8.324671911524797,-27.14213924734751,14.419676296851147,12.722462950496364
18,18,2020-10-16,767000.0,17000.0,135943,29891,25896,3995,82922,37315,45607,-49602,23130,72732,17.014484011681365,-1.9857719925664088,53.5018353280419,7.359440076446611,-36.48735131636053,2.938731674304672,33.54861964205586
19,19,2020-10-15,750000.0,-2000.0,72571,11613,25525,-13912,35800,21493,14307,-395,25158,25553,34.66674015791432,17.652256146232954,35.2110347108349,-18.290800617207,-0.5442945529205881,-19.17019194995246,19.714486502873047
20,20,2020-10-14,752000.0,-2000.0,94309,11449,13192,-1743,60462,62969,-2507,4250,22398,18148,23.749589116627256,-10.917151041287065,19.24312631880308,-15.96790839203182,4.506462797824174,-1.848179919201773,-2.658282878622401
21,21,2020-10-13,754000.0,0.0,77742,11505,22447,-10942,35498,35489,9,10933,30739,19806,39.53975971804172,15.790170601414475,25.47657636798641,6.2334500491833325,14.063183350055311,-14.074760103933524,0.01157675387821255
22,22,2020-10-12,754000.0,3000.0,123601,16311,21852,-5541,67209,63569,3640,1901,40081,38180,32.42773116722357,-7.11202855081816,30.88971772073041,5.413141352743999,1.5380134464931514,-4.482973438726224,2.9449599922330725
23,23,2020-10-08,751000.0,-17000.0,226092,30005,65384,-35379,85927,121787,-35860,71239,110160,38921,48.72352847513402,16.295797307910448,17.214673672664222,-13.675044048066189,31.50885480246979,-15.64805477416273,-15.860800028307061
24,24,2020-10-07,768000.0,-20000.0,172973,30243,64766,-34523,22562,72781,-50219,84742,120168,35426,69.47211414498217,20.748585669848158,20.480653049897963,3.2659793772337413,48.991461095084205,-19.95860625646777,-29.03285483861643
25,25,2020-10-06,788000.0,-1000.0,69582,15827,20736,-4909,27722,35094,-7372,12281,26033,13752,37.41341151447213,-32.05870263051004,19.76373199965508,-0.7169210502428811,17.649679514817052,-7.054985484751803,-10.594694030065247
26,26,2020-10-05,789000.0,-17000.0,111800,29858,20876,8982,44298,70517,-26219,17237,37644,20407,33.67084078711986,-3.742570727352273,18.25313059033989,-1.5106014093151892,15.417710196779964,8.033989266547406,-23.45169946332737
27,27,2020-09-29,806000.0,7000.0,76019,16141,25466,-9325,38990,31070,7920,1405,20888,19483,27.477341191018034,-6.193499596101823,25.62911903603047,7.375988445690575,1.8482221549875688,-12.266670174561623,10.418448019574054
28,28,2020-09-28,799000.0,15000.0,76993,28550,22511,6039,36777,21155,15622,-21661,11666,33327,15.152026807631865,-12.325314383386171,43.28575325029549,17.65663421426502,-28.13372644266362,7.843570194693024,20.290156247970593
29,29,2020-09-25,784000.0,-3000.0,67824,16937,16730,207,33873,32531,1342,-1549,17014,18563,25.085515451757487,9.933488644125628,27.36936777541873,-15.916385474876757,-2.283852323661241,0.3052016985138004,1.9786506251474405
30,30,2020-09-24,787000.0,-18000.0,81161,25951,25997,-46,21168,30484,-9316,9362,34042,24680,41.943790736930296,16.858275285172805,30.408693830780788,3.0393260553620607,11.535096906149505,-0.056677468242136,-11.47841943790737
31,31,2020-09-23,805000.0,18000.0,107700,43370,36249,7121,40930,21428,19502,-26623,23400,50023,21.72701949860724,-20.21677123832305,46.44661095636025,16.037917125579472,-24.71959145775302,6.6118848653667595,18.107706592386258
32,32,2020-09-22,787000.0,-17000.0,101535,20557,34423,-13866,16678,39566,-22888,36754,64300,27546,63.327916482001285,41.600896983394044,27.129561235042104,-19.31704972131816,36.198355246959174,-13.656374649135765,-22.54198059782341
33,33,2020-09-21,804000.0,-17000.0,65547,28245,20492,7753,6192,22338,-16146,8393,31110,22717,47.46212641310815,-15.865790068893125,34.65757395456695,7.5280127195248445,12.804552458541199,11.828153843806733,-24.632706302347934
34,34,2020-09-18,821000.0,16000.0,83953,23187,14261,8926,44728,40393,4335,-13261,16038,29299,19.10354603170822,-28.358580381399932,34.899288887830096,0.24171493326314675,-15.795742856121878,10.632139411337295,5.163603444784582
35,35,2020-09-17,805000.0,-17000.0,91497,18959,25101,-6142,11402,42825,-31423,37565,61136,23571,66.81749128386723,47.71394525215901,25.761500377061537,-9.137788510768557,41.05599090680569,-6.712788397433796,-34.34320250937189
36,36,2020-09-16,822000.0,-2000.0,91741,24234,18598,5636,27057,27342,-285,-5351,40450,45801,44.091518514077684,-22.725972769789553,49.924243250019074,24.16274287295753,-5.8327247359414,6.14338191212217,-0.31065717618076977
37,37,2020-09-15,824000.0,-6000.0,70656,20635,15423,5212,18608,30535,-11927,6715,31413,24698,44.45906929347826,0.36755077940058095,34.955276268115945,-14.968966981903131,9.503793025362318,7.376585144927536,-16.880378170289855
38,38,2020-09-14,830000.0,12000.0,72282,27042,17148,9894,17856,20909,-3053,-6841,27384,34225,37.884950610110394,-6.574118683367858,47.34927091115354,12.393994643037589,-9.464320301043136,13.688055117456628,-4.223734816413492
39,39,2020-09-11,818000.0,-12000.0,99961,25237,20752,4485,21899,45150,-23251,18766,52825,34059,52.84560978781725,14.960659177706852,34.072288192395035,-13.276982718758495,18.773321595422214,4.48674983243465,-23.260071427856865
40,40,2020-09-10,830000.0,39000.0,172103,69313,44565,24748,54693,26318,28375,-53123,48097,101220,27.946636607148047,-24.898973180669213,58.8136174267735,24.741329234378465,-30.866980819625457,14.37976095710127,16.487219862524185
41,41,2020-09-09,791000.0,-20000.0,102424,20764,28899,-8135,10224,46288,-36064,44199,71436,27237,69.7453721783957,41.79873557124765,26.592400218698746,-32.22121720807476,43.15297195969695,-7.942474420057799,-35.21049753963915
42,42,2020-09-08,811000.0,-1000.0,54468,12667,16021,-3354,7506,15798,-8292,11646,34295,22649,62.96357494308585,-6.7817972353098455,41.58221340970845,14.98981319100971,21.381361533377397,-6.157743996474995,-15.2236175369024
43,43,2020-09-07,812000.0,-1000.0,69441,9624,25953,-16329,9969,24833,-14864,31193,49848,18655,71.7846805201538,8.821105577067947,26.864532480811054,-14.7176809288974,44.92014803934275,-23.51492634034648,-21.40522169899627
44,44,2020-09-04,813000.0,-22000.0,123738,16918,31892,-14974,11531,59020,-47489,62463,95289,32826,77.00867962953983,5.223999109386028,26.528633079571353,-0.3358994012397005,50.480046549968485,-12.101375486915902,-38.37867106305258
45,45,2020-09-03,835000.0,-15000.0,70056,13881,21941,-8060,12877,21768,-8891,16951,43298,26347,61.80484184081306,-15.203837788726766,37.60848464085874,11.079851561287393,24.19635719995432,-11.505081648966542,-12.69127555098778
46,46,2020-09-02,850000.0,22000.0,108559,29228,18538,10690,55996,32943,23053,-33743,23335,57078,21.49522379535552,-40.30961804545754,52.57786088670677,14.969376245848034,-31.08263709135125,9.84717987453827,21.23545721681298
47,47,2020-09-01,828000.0,3000.0,98347,21282,25361,-4079,43871,50716,-6845,10924,33194,22270,33.75191922478571,12.256695429430186,22.644310451767726,-29.93355043493905,11.107608773017988,-4.147559152795713,-6.960049620222274
48,48,2020-08-31,825000.0,-31000.0,135345,34565,34312,253,29422,65565,-36143,35890,71358,35468,52.72304111714507,18.971121892359363,26.205622667996607,3.5613122162288815,26.517418449148472,0.18692969817872843,-26.704348147327202
49,49,2020-08-28,856000.0,-7000.0,99519,42485,24195,18290,12244,39660,-27416,9126,44790,35664,45.0064811744491,-7.716559942695973,35.83637295390829,9.630750285911693,9.1701082205408,18.378400104502656,-27.54850832504346
50,50,2020-08-27,863000.0,45000.0,232351,102988,29602,73386,65919,44268,21651,-95037,63444,158481,27.30524077796093,-17.701240396488167,68.20758249372716,32.371209539818864,-40.902341715766234,31.58411196853037,9.318229747235863
51,51,2020-08-26,818000.0,-8000.0,93233,18131,23978,-5847,30275,28505,1770,4077,44827,40750,48.080615232803844,20.775374454842908,43.70770006328231,-24.499882430444853,4.372915169521521,-6.271384595583109,1.8984694260615875
52,52,2020-08-25,826000.0,-15000.0,101156,21871,29575,-7704,21569,29603,-8034,15738,57716,41978,57.05642769583614,8.975812463032296,41.498279884534774,-2.209420178747536,15.558147811301357,-7.61595950808652,-7.942188303214836
53,53,2020-08-24,841000.0,18000.0,106150,26881,23149,3732,51796,38303,13493,-17225,27473,44698,25.881300047103164,-31.175127648732982,42.10833725859632,0.6100573740615474,-16.22703721149317,3.5157795572303345,12.711257654262836
54,54,2020-08-21,823000.0,40000.0,158623,33566,27058,6508,75945,41831,34114,-40622,49112,89734,30.961462083052268,5.080162035949115,56.570610819364155,14.462273560767837,-25.609148736311884,4.1028098069006385,21.506338929411246
55,55,2020-08-20,783000.0,-58000.0,271930,37960,63416,-25456,45363,139454,-94091,119547,188607,69060,69.35865847828485,38.39719639523258,25.396241679844078,-31.174369139520078,43.96241679844078,-9.361232670172472,-34.6011841282683
56,56,2020-08-19,841000.0,7000.0,175606,23594,30850,-7256,91912,103344,-11432,18688,60100,41412,34.22434313178365,-35.1343153465012,23.58233773333485,-1.8139039465092248,10.6420053984488,-4.131977267291551,-6.51002813115725
57,57,2020-08-18,834000.0,-38000.0,170816,60611,34524,26087,31524,77524,-46000,19913,78681,58768,46.06184432371675,11.837501191933091,34.40427126264519,10.821933529310336,11.657573061071563,15.271988572499064,-26.929561633570625
58,58,2020-08-14,872000.0,-25000.0,133502,39300,25599,13701,30069,49356,-19287,5586,64133,58547,48.03898068942787,1.9771363657111247,43.854773711255255,9.450502448610074,4.184206978172612,10.262767598987281,-14.446974577159892
59,59,2020-08-13,897000.0,47000.0,363276,129978,66365,63613,101585,36263,65322,-128935,131713,260648,36.25700569264141,-11.781974996786465,71.7493035598278,27.89452984857253,-35.49229786718638,17.510928329975005,17.981369537211375
60,60,2020-08-12,850000.0,10000.0,94342,23698,24198,-500,20765,19207,1558,-1058,49879,50937,52.87040766572682,16.613401973085413,53.991859405143,-17.757444154684798,-1.1214517394161667,-0.5299866443365627,1.6514383837527293
61,61,2020-08-11,840000.0,-1000.0,113783,29926,30821,-895,32328,26621,5707,-4812,51529,56341,45.287081549967915,-7.583326115758902,49.516184315758935,-4.475675089384055,-4.229102765791024,-0.7865849907279646,5.015687756518988
62,62,2020-08-10,841000.0,-24000.0,112532,30674,34675,-4001,12308,30015,-17707,21708,69550,47842,61.80464223509758,16.517560685129652,42.514129314328365,-7.00205500143057,19.290512920769203,-3.5554331212455126,-15.73507979952369
63,63,2020-08-07,865000.0,11000.0,141611,31782,36497,-4715,26020,25553,467,4248,83809,79561,59.18254937822627,-2.622092856871305,56.182782410970894,13.66865309664253,2.9997669672553684,-3.3295436089004387,0.3297766416450699
64,64,2020-08-06,854000.0,8000.0,98102,22396,24714,-2318,35060,26563,8497,-6179,40646,46825,41.4323866995576,-17.750162678668662,47.73093311043608,-8.451849300534825,-6.2985464108784734,-2.362846832888218,8.661393243766693
65,65,2020-08-05,846000.0,0.0,69372,14896,22402,-7506,13977,18568,-4591,12097,40499,28402,58.379461454189006,16.9470747546314,40.9415902669665,-6.7893428434695755,17.43787118722251,-10.819927348209653,-6.617943839012859
66,66,2020-08-04,846000.0,2000.0,122293,17924,35991,-18067,44461,42998,1463,16604,59908,43304,48.98726828191311,-9.392193172275896,35.410039822393756,-5.531550444572744,13.57722845951935,-14.773535688878349,1.1963072293589985
67,67,2020-08-03,844000.0,33000.0,152000,45622,27581,18041,34552,36970,-2418,-15623,71826,87449,47.25394736842105,-1.7333209134920582,57.532236842105256,22.122197019711507,-10.278289473684211,11.86907894736842,-1.5907894736842105
68,68,2020-07-31,811000.0,-14000.0,101033,13479,25674,-12195,26725,35005,-8280,20475,60829,40354,60.20706105925788,12.953113690836826,39.94140528342225,-17.590831558683018,20.26565577583562,-12.070313659893301,-8.195342115942315
69,69,2020-07-30,825000.0,13000.0,137745,25825,27518,-1693,55286,55489,-203,1896,56634,54738,41.115103996515295,-19.091957062742573,39.738647500816725,-0.2027577826055236,1.3764564956985734,-1.2290827253257832,-0.1473737703727903
70,70,2020-07-29,812000.0,18000.0,179741,46349,37393,8956,41655,62476,-20821,11865,91737,79872,51.0384386422686,9.9233346457533,44.43727363261582,4.698626131799094,6.601165009652778,4.982725143400782,-11.583890153053561
71,71,2020-07-28,794000.0,9000.0,177440,31837,42782,-10945,57164,73673,-16509,27454,88439,60985,49.84163660955815,-1.196802032710444,34.369364292155105,-10.067909340460725,15.472272317403066,-6.1682822362488725,-9.303990081154193
72,72,2020-07-27,785000.0,-17000.0,145319,20977,22841,-1864,51364,65293,-13929,15793,72978,57185,50.21917299183176,0.377536382273604,39.35135804677984,4.981993754624746,10.86781494505192,-1.2826953116935844,-9.585119633358335
73,73,2020-07-24,802000.0,-9000.0,197544,30473,35677,-5204,45594,79148,-33554,38758,121477,82719,61.49364192281214,11.274468930980374,41.87370914834164,2.522351101561796,19.6199327744705,-2.6343498157372536,-16.985582958733243
74,74,2020-07-23,811000.0,-50000.0,339183,39720,92132,-52412,50619,172949,-122330,174742,248844,74102,73.36570523876493,11.872063315952781,21.84720342705855,-20.026505721283087,51.518501811706365,-15.452425386885546,-36.06607642482082
75,75,2020-07-22,861000.0,2000.0,93362,21389,32908,-11519,28791,27088,1703,9816,43182,33366,46.25222253165099,-27.113482707113924,35.738308947965976,13.89110552090743,10.51391358368501,-12.337996186885457,1.8240826032004456
76,76,2020-07-21,859000.0,0.0,127020,22827,30732,-7905,56330,65723,-9393,17298,47863,30565,37.681467485435356,-8.570755046215629,24.06313966304519,-11.675169284920793,13.618327822390174,-6.223429381199811,-7.394898441190364
77,77,2020-07-20,859000.0,-21000.0,117063,16079,33388,-17309,53217,48005,5212,12097,47767,35670,40.80452405969435,3.1230565742589884,30.470772148330393,6.407632485285197,10.333751911363967,-14.786055371893767,4.4523034605298
78,78,2020-07-17,880000.0,1000.0,84865,14671,20161,-5490,29577,29093,484,5006,40617,35611,47.860719967006425,7.056195907312066,41.96193955105167,11.49116740272128,5.898780415954752,-6.469097979143346,0.5703175631885936
79,79,2020-07-16,879000.0,-49000.0,199187,24397,57300,-32903,42167,68897,-26730,59633,132623,72990,66.58215646603442,18.721436499028002,36.64395768800173,-5.317981863049943,29.938198778032703,-16.518648305361292,-13.419550472671409
80,80,2020-07-15,928000.0,-18000.0,110775,30594,38361,-7767,22589,38953,-16364,24131,57592,33461,51.99006996163394,-14.592086504400475,30.206273978785823,-6.437683709215904,21.783795982848115,-7.011509817197021,-14.772286165651094
81,81,2020-07-14,946000.0,-19000.0,91158,26872,33719,-6847,21489,32452,-10963,17810,42797,24987,46.948155949011614,-5.0419140126223345,27.410649641282173,-2.7956243375036536,19.537506307729437,-7.511134513701485,-12.026371794027952
82,82,2020-07-13,965000.0,21000.0,117007,26270,22739,3531,45351,23462,21889,-25420,45386,70806,38.78913227413744,-8.159023674874163,60.51432820258616,33.103678561303994,-21.725195928448727,3.0177681677164614,18.707427760732266
83,83,2020-07-10,944000.0,-3000.0,128027,36194,45350,-9156,27331,32872,-5541,14697,64502,49805,50.38156013965804,11.592427865520596,38.90195036984386,-21.612377832742304,11.47960976981418,-7.151616455903833,-4.327993313910347
84,84,2020-07-09,947000.0,2000.0,130821,45852,38111,7741,32394,57662,-25268,17527,52575,35048,40.188501846033894,-10.193058293624148,26.790805757485423,-12.111144612358439,13.397696088548475,5.917245702142623,-19.314941790691098
85,85,2020-07-08,945000.0,-17000.0,132370,32455,34458,-2003,23434,63268,-39834,41837,76481,34644,57.778197476769655,17.58969563073577,26.172093374631718,-0.6187123828537011,31.606104102137948,-1.5131827453350457,-30.0929213568029
86,86,2020-07-07,962000.0,-33000.0,187793,33305,34868,-1563,42039,124897,-82858,84421,112449,28028,59.879228725245355,2.101031248475685,14.924943954247494,-11.247149420384224,44.95428477099785,-0.8322993934811201,-44.12198537751674
87,87,2020-07-06,995000.0,51000.0,138049,43444,31738,11706,39436,36146,3290,-14996,55169,70165,39.96334634803585,-19.915882377209503,50.82615593014075,35.90121197589325,-10.862809582104905,8.479597823961058,2.3832117581438474
88,88,2020-07-03,944000.0,-20000.0,81378,20951,18657,2294,15991,32909,-16918,14624,44436,29812,54.604438546044385,14.641092198008545,36.633979699673134,-14.192176230467615,17.970458846371255,2.8189436948561037,-20.789402541227357
89,89,2020-07-02,964000.0,71000.0,220292,40047,28420,11627,139359,107185,32174,-43801,40886,84687,18.559911390336467,-36.04452715570793,38.44306647540537,1.8090867757322329,-19.883155085068907,5.277994661630927,14.605160423437983
90,90,2020-07-01,893000.0,2000.0,74232,23738,22025,1713,25407,37667,-12260,10547,25087,14540,33.795398211014124,15.235486820677655,19.587240004310807,-18.85582647109456,14.208158206703308,2.307630132557388,-16.515788339260695
91,91,2020-06-30,891000.0,1000.0,97938,31862,26942,4920,25222,37596,-12374,7454,40854,33400,41.71414568400417,7.9187474729900496,34.10320815209623,14.51596814778542,7.6109375319079415,5.023586350548306,-12.634523882456248
92,92,2020-06-29,890000.0,-19000.0,80756,23343,29053,-5710,21937,27121,-5184,10894,35476,24582,43.92986279657239,2.2157171125682207,30.439843479122292,-3.6633646729739375,13.490019317450097,-7.0706820545841795,-6.419337262865917
93,93,2020-06-26,909000.0,-3000.0,84137,14391,24190,-9799,32936,40790,-7854,17653,36810,19157,43.75007428360888,-0.17978851296351195,22.768817523800468,-7.6710259553218245,20.981256759808407,-11.646481334014762,-9.334775425793646
94,94,2020-06-25,912000.0,-31000.0,88590,16550,40744,-24194,17289,30113,-12824,37018,54751,17733,61.80268653346879,18.052612249859916,20.016931933626815,-2.7518855901736496,41.785754599841965,-27.310080144485834,-14.475674455356135
95,95,2020-06-24,943000.0,23000.0,91604,18594,24152,-5558,35137,33962,1175,4383,37873,33490,41.34426444260075,-20.458422090868027,36.559538884764855,16.542606951138037,4.784725557835903,-6.067420636653421,1.2826950788175189
96,96,2020-06-23,920000.0,32000.0,143448,38722,51102,-12380,41646,25355,16291,-3911,63080,66991,43.97412302715967,2.62985858455891,46.70054653951258,10.141007654747725,-2.7264235123529086,-8.630305058278958,11.356728570631867
97,97,2020-06-22,888000.0,31000.0,113368,31134,27299,3835,45770,24350,21420,-25255,36464,61719,32.1642791616682,-11.809843865491473,54.44128854703267,7.74074200752009,-22.277009385364476,3.3827887940159482,18.894220591348528
98,98,2020-06-19,857000.0,25000.0,99988,26859,32525,-5666,48909,40391,8518,-2852,24220,27072,24.22290674880986,-7.941372412858338,27.07524902988359,-27.366039517149087,-2.852342281073729,-5.666680001600192,8.519022282673921
99,99,2020-06-18,832000.0,-34000.0,115343,22763,27382,-4619,29701,69688,-39987,44606,62879,18273,54.51479500273098,30.291888253921126,15.842313794508552,-11.232935235375033,38.67248120822243,-4.004577651006129,-34.667903557216306
100,100,2020-06-17,866000.0,-9000.0,113585,29694,35175,-5481,40256,50025,-9769,15250,43635,28385,38.41616410617599,-16.098630896554994,24.990095523176475,9.147781728667924,13.426068582999516,-4.825461108421006,-8.60060747457851
101,101,2020-06-16,875000.0,65000.0,149986,51906,44815,7091,63392,42440,20952,-28043,34688,62731,23.127491899243932,-15.288672206932066,41.82457029322737,16.834474770050893,-18.69707839398344,4.7277745922952805,13.969303801688158
102,102,2020-06-15,810000.0,-14000.0,152388,55915,49779,6136,39711,45220,-5509,-627,56762,57389,37.248339764285895,14.120847865041974,37.659789484736336,-4.164780808491032,-0.41144972045042916,4.026563771425572,-3.6151140509751425
103,103,2020-06-12,824000.0,-1000.0,107916,42363,30984,11379,36280,40891,-4611,-6768,29273,36041,27.12572741762111,-10.122612346664788,33.397271952259175,-4.262517532477169,-6.271544534638052,10.544312242855554,-4.272767708217502
104,104,2020-06-11,825000.0,3000.0,131861,56348,56373,-25,41322,43951,-2629,2654,34191,31537,25.929577357975443,-1.196150059645671,23.916851836403485,-9.480420115855683,2.012725521571958,-0.0189593587186507,-1.9937661628533077
105,105,2020-06-10,822000.0,22000.0,127949,40581,28608,11973,51039,25947,25092,-37065,36329,73394,28.393344223088885,2.463766865113442,57.361917639059314,33.44506580265583,-28.968573415970425,9.357634682568836,19.61093873340159
106,106,2020-06-09,800000.0,3000.0,78631,27771,30208,-2437,32321,28804,3517,-1080,18539,19619,23.57721509328382,-4.816129129805066,24.95071918200201,-32.4111984570573,-1.37350408871819,-3.0992865409316934,4.472790629649884
107,107,2020-06-08,797000.0,-8000.0,71804,19999,30106,-10107,27105,26680,425,9682,24700,15018,34.39919781627764,10.821982722993825,20.91526934432622,-4.035449837675792,13.483928471951423,-14.075817503203163,0.5918890312517409
108,108,2020-06-05,805000.0,5000.0,70207,28094,28881,-787,23369,12667,10702,-9915,18744,28659,26.69819248792855,-7.70100532834909,40.8207158830316,19.905446538705387,-14.122523395103052,-1.1209708433631973,15.24349423846625
109,109,2020-06-04,800000.0,8000.0,104491,43476,45730,-2254,34747,27273,7474,-5220,26268,31488,25.13900718722187,-1.5591853007066838,30.134652745212513,-10.686063137819094,-4.99564555799064,-2.157123580021246,7.1527691380118865
110,110,2020-06-03,792000.0,-18000.0,120560,45307,63362,-18055,19210,28486,-9276,27331,56043,28712,46.48556735235567,21.346560165133805,23.81552753815528,-6.319125207057233,22.670039814200397,-14.975945587259456,-7.694094226940942
111,111,2020-06-02,810000.0,-6000.0,67525,22605,33191,-10586,15341,20873,-5532,16118,29579,13461,43.804516845612724,-2.6810505067429418,19.93483894853758,-3.8806885896176984,23.869677897075157,-15.677156608663458,-8.1925212884117
112,112,2020-06-01,816000.0,26000.0,84776,26186,23584,2602,35080,12650,22430,-25032,23510,48542,27.73190525620459,-16.072611589408144,57.259129942436545,37.32429099389896,-29.527224686231953,3.0692648862885723,26.45795979994338
113,113,2020-05-29,790000.0,-2000.0,106253,20744,32785,-12041,61181,46484,14697,-2656,24328,26984,22.89629469285573,-4.8356105633488555,25.395988819139234,-31.86314112329731,-2.4996941262834933,-11.332385909103744,13.832080035387236
114,114,2020-05-28,792000.0,5000.0,111114,37068,39442,-2374,34468,33809,659,1715,39578,37863,35.61927389887863,12.722979206022902,34.07581402883525,8.67982520969602,1.5434598700433788,-2.1365444498443042,0.5930845798009252
115,115,2020-05-27,787000.0,-14000.0,93977,20397,36444,-16047,27148,26678,470,15577,46432,30855,49.40783383168221,13.788559932803588,32.832501569532965,-1.2433124593022742,16.57533226214925,-17.075454632516468,0.5001223703672175
116,116,2020-05-26,801000.0,-11000.0,114011,34410,39398,-4988,15028,35179,-20151,25139,64573,39434,56.63751743252844,7.229683600846223,34.58789064213102,1.7553890725980494,22.04962679039742,-4.375016445781547,-17.67461034461587
117,117,2020-05-25,812000.0,22000.0,103070,36585,25946,10639,11085,17146,-6061,-4578,55400,59978,53.74987872319783,-2.8876387093306093,58.19152032599205,23.603629683861023,-4.441641602794218,10.322111186572233,-5.880469583778015
118,118,2020-05-22,790000.0,-2000.0,93494,27685,35651,-7966,30696,24178,6518,1448,35113,33665,37.55642073288126,-16.193457990316574,36.0076582454489,-22.183862080543147,1.5487624874323487,-8.520332855584316,6.971570368151967
119,119,2020-05-21,792000.0,42000.0,208754,43352,56938,-13586,99594,53726,45868,-32282,65808,98090,31.52418636289604,-6.032234369985218,46.98832118186957,10.980662936420664,-15.464134818973529,-6.508138766203282,21.97227358517681
120,120,2020-05-20,750000.0,18000.0,89022,22064,19562,2502,46193,28923,17270,-19772,20765,40537,23.32569477207881,-8.198491590817227,45.5359349374312,-1.4523862444383653,-22.210240165352385,2.8105412145312396,19.399698950821147
121,121,2020-05-19,732000.0,5000.0,111353,29848,43861,-14013,54946,29105,25841,-11828,26559,38387,23.851175989870054,0.5254812177912385,34.47325173098165,-11.062683206449547,-10.6220757411116,-12.584303970256752,23.206379711368353
122,122,2020-05-18,727000.0,-18000.0,110727,27939,31965,-4026,29312,46246,-16934,20960,53476,32516,48.2953570493195,24.44418105944945,29.365917978451506,-5.1073337525301445,18.92943907086799,-3.6359695467230213,-15.29346952414497
123,123,2020-05-15,745000.0,-8000.0,100195,31914,39392,-7478,26945,28634,-1689,9167,41336,32169,41.25555167423524,-7.0398053750842555,32.10639253455761,2.740474556106108,9.149159139677629,-7.4634462797544785,-1.68571285992315
124,124,2020-05-14,753000.0,32000.0,214951,56532,54739,1793,81449,54570,26879,-28672,76970,105642,35.80816092970026,-5.447390744534985,49.14701490107048,17.040622366512867,-13.33885397137022,0.8341435955171178,12.5047103758531
125,125,2020-05-13,721000.0,-26000.0,175101,52532,56102,-3570,25009,61820,-36811,40381,97560,57179,55.71641509757226,19.908254167872,32.654867762034485,-16.492147139035993,23.061547335537774,-2.03882330769099,-21.022724027846785
126,126,2020-05-12,747000.0,48000.0,344771,73682,73432,250,147177,56692,90485,-90735,123912,214647,35.94037781599961,-19.77603728157265,62.257846512612716,29.602978750578238,-26.317468696613115,0.07251189920265916,26.244956797410456
127,127,2020-05-11,699000.0,20000.0,131682,32796,45722,-12926,36198,22865,13333,-407,62688,63095,47.60559529776278,11.665217481763179,47.91467322792789,-14.343173284684838,-0.3090779301650947,-9.816072052368584,10.12514998253368
128,128,2020-05-08,679000.0,33000.0,194176,39406,36781,2625,98097,29875,68222,-70847,56673,127520,29.186408206987476,-18.41918709077532,65.67237969676995,17.757706468842066,-36.485971489782465,1.3518663480553725,35.13410514172709
129,129,2020-05-07,646000.0,5000.0,86250,27392,21590,5802,33489,24928,8561,-14363,25369,39732,29.41333333333333,0.22692512634586134,46.06608695652174,-19.60629274024821,-16.652753623188406,6.7269565217391305,9.925797101449275
130,130,2020-05-06,641000.0,17000.0,79496,29692,26275,3417,28812,20718,8094,-11511,20992,32503,26.40636006843112,-3.006973264902218,40.886333903592636,-5.179753052929108,-14.479973835161518,4.298329475696891,10.181644359464627
131,131,2020-05-04,624000.0,-19000.0,127354,17757,59787,-42030,46918,45728,1190,40840,62679,21839,49.21635755453303,22.809997486101924,17.148263894341756,-23.738070009250876,32.06809366019128,-33.002496976930445,0.934403316739168
132,132,2020-04-29,643000.0,-5000.0,89309,27716,30050,-2334,38279,27631,10648,-8314,23314,31628,26.104871849421677,-23.11148570511136,35.41412399646172,18.265860102119962,-9.309252147040052,-2.61339842569058,11.922650572730632
133,133,2020-04-28,648000.0,18000.0,100854,26564,26924,-360,38049,14444,23605,-23245,36241,59486,35.934122593055314,9.829250743633633,58.98229123287128,23.568167236409558,-23.048168639815973,-0.35695163305372124,23.40512027286969
134,134,2020-04-27,630000.0,-23000.0,216386,41756,76645,-34889,25830,94891,-69061,103950,148800,44850,68.76600149732423,32.831878904268926,20.726849241633012,-38.25544199123827,48.03915225569122,-16.12350152043108,-31.915650735260137
135,135,2020-04-24,653000.0,-8000.0,98673,21601,21663,-62,28910,32035,-3125,3187,48162,44975,48.80970478246329,-19.956296714860944,45.579844537006075,24.85299529537306,3.229860245457217,-0.06283380458686773,-3.1670264408703495
136,136,2020-04-23,661000.0,-16000.0,104028,25872,22796,3076,20707,45173,-24466,21390,57449,36059,55.22455492751951,6.414850145056222,34.66278309685854,-10.917061440147526,20.561771830660977,2.9568962202483946,-23.51866805090937
137,137,2020-04-22,677000.0,35000.0,139859,24763,29786,-5023,77689,26280,51409,-46386,37407,83793,26.7462229817173,-28.47833194580221,59.91248328673878,25.249700189880247,-33.16626030502149,-3.5914742705153047,36.75773457553679
138,138,2020-04-21,642000.0,0.0,124368,24857,29140,-4283,50035,50006,29,4254,49476,45222,39.78193747587804,13.035714494160741,36.36144345812428,-23.551039828614503,3.420494017753763,-3.4438119130322913,0.02331789527852824
139,139,2020-04-20,642000.0,-7000.0,116669,15733,37832,-22099,52203,45025,7178,14921,48733,33812,41.77030745099384,1.9883699751158017,28.981134663021027,-7.380308795103255,12.789172787972811,-18.94162116757665,6.152448379603836
140,140,2020-04-17,649000.0,-6000.0,143976,22223,44331,-22108,47889,65382,-17493,39601,73864,34263,51.30299494360171,9.532687492607868,23.797716286047677,-5.183418376973349,27.505278657554037,-15.355337000611213,-12.149941656942824
141,141,2020-04-16,655000.0,-1000.0,112493,31318,30786,532,53813,64136,-10323,9791,27362,17571,24.323291227009676,-26.97970371659203,15.619638555287885,-8.178077730759789,8.703652671721796,0.47291831491737263,-9.176570986639168
142,142,2020-04-14,656000.0,5000.0,80586,23169,20947,2222,39962,42064,-2102,-120,17455,17575,21.66008984190802,-2.663201385101658,21.808999081726355,6.1893605264384695,-0.14890923981833074,2.757302757302757,-2.6083935174844264
143,143,2020-04-13,651000.0,1000.0,50919,21919,23958,-2039,6487,8419,-1932,3971,22513,18542,44.21335847129755,22.553268629389528,36.41469785345353,14.605698771727171,7.7986606178440265,-4.004399143738094,-3.794261474105933
144,144,2020-04-10,650000.0,-5000.0,87704,24628,33436,-8808,26730,33308,-6578,15386,36346,20960,41.44166742679924,-2.7716910444983185,23.898567910243546,-12.516129943209979,17.54309951655569,-10.042871476785551,-7.5002280397701355
145,145,2020-04-09,655000.0,-8000.0,163906,27862,78471,-50609,81459,63783,17676,32933,54585,21652,33.302624675118665,-8.13904275168057,13.210010615840789,-10.688557294402761,20.092614059277878,-30.876844044757362,10.784229985479483
146,146,2020-04-08,663000.0,-12000.0,106457,31285,56580,-25295,33129,31237,1892,23403,42043,18640,39.49294081178317,6.190316136664499,17.509416947687797,4.29940633184701,21.983523864095364,-23.760767258141787,1.7772433940464225
147,147,2020-04-07,675000.0,-3000.0,99068,27283,43381,-16098,34883,26177,8706,7392,36902,29510,37.24916219162596,-2.243778620157208,29.78762062421771,12.278203676529913,7.461541567408245,-16.249444825776234,8.78790325836799
148,148,2020-04-06,678000.0,31000.0,97158,39390,21407,17983,41285,28526,12759,-30742,16483,47225,16.96514955021717,-20.284012641408783,48.606393709215915,18.818773084998206,-31.641244158998745,18.509026534099096,13.132217624899647
149,149,2020-04-03,647000.0,-9000.0,99891,37136,28078,9058,29414,44391,-14977,5919,33341,27422,33.377381345666784,16.412231795449603,27.451922595629235,-21.154471113586677,5.925458750037541,9.067883993552973,-14.993342743590514
150,150,2020-04-02,656000.0,38000.0,148473,46317,34861,11456,65468,60335,5133,-16589,36688,53277,24.71021667239161,-8.667164673275161,35.883291911660706,8.431369316031471,-11.173075239269092,7.7158810019330115,3.4571942373360813
151,151,2020-04-01,618000.0,-34000.0,123474,31748,46103,-14355,28747,37559,-8812,23167,62979,39812,51.00587978035862,26.295663107967005,32.243225294393966,-3.6400666172667404,18.762654485964656,-11.625929345449244,-7.136725140515412
152,152,2020-03-31,652000.0,28000.0,193212,55584,45811,9773,95761,81093,14668,-24441,41867,66308,21.668943957932214,-29.3369358224264,34.31877937188166,2.0755540774876953,-12.649835413949445,5.058174440510942,7.591660973438503
153,153,2020-03-30,624000.0,2000.0,95800,52650,33606,19044,20819,40946,-20127,1083,22331,21248,23.310020876826727,1.6410769188945054,22.179540709812105,-12.139238662069552,1.1304801670146138,19.878914405010438,-21.00939457202505
154,154,2020-03-27,622000.0,-3000.0,167169,54733,47521,7212,75316,80574,-5258,-1954,37120,39074,22.205073907243566,-1.1049469695831569,23.373950911951376,1.1944102021392666,-1.1688770047078108,4.314197010211223,-3.1453200055034127
155,155,2020-03-26,625000.0,-26000.0,171361,44622,55686,-11064,67796,87078,-19282,30346,58943,28597,34.39697480756998,12.191900900326415,16.68816125022613,-6.685789661725244,17.708813557343852,-6.456544954803018,-11.252268602540834
156,156,2020-03-25,651000.0,2000.0,183766,49017,69665,-20648,73064,69828,3236,17412,61685,44273,33.56714517375357,-0.8298296338164093,24.092051848546518,7.403890598320391,9.475093325207057,-11.236028427456656,1.7609351022496
157,157,2020-03-24,649000.0,77000.0,236136,83083,50391,32692,109734,107837,1897,-34589,43319,77908,18.344936816072085,-15.22220835768148,32.99285157705729,8.900799728510773,-14.647914760985195,13.844564149473184,0.80335061151201
158,158,2020-03-23,572000.0,5000.0,175741,57146,51117,6029,75100,71004,4096,-10125,43495,53620,24.74948930528448,6.404552489212389,30.51080851935519,-2.4820430577021066,-5.761319214070706,3.4306166460871395,2.330702567983567
159,159,2020-03-20,567000.0,37000.0,236382,91663,43586,48077,96678,138376,-41698,-6379,48041,54420,20.323459485070774,-4.4260298202137065,23.022057517069825,-7.488751002285363,-2.6985980319990523,20.338689071079862,-17.64009103908081
160,160,2020-03-19,530000.0,-40000.0,400206,139869,64276,75593,154192,223095,-68903,-6690,106145,112835,26.52259086570416,6.1991313806333865,28.19422997156465,5.17217245449482,-1.6716391058604818,18.888522410958355,-17.216883305097873
161,161,2020-03-18,570000.0,-7000.0,211341,73658,35829,37829,82073,118364,-36291,-1538,55610,57148,26.3129255563284,-0.20966530937576167,27.04065940825491,-1.1535705633097386,-0.7277338519265074,17.89950837745634,-17.17177452552983
162,162,2020-03-17,577000.0,-18000.0,271203,64196,32368,31828,144115,195779,-51664,19836,62892,43056,23.190008960077876,-3.1229165962505228,15.875930575989205,-11.164728832265704,7.314078384088671,11.735858379147723,-19.049936763236396
163,163,2020-03-16,595000.0,-46000.0,201806,51109,43211,7898,84410,125351,-40941,33043,66287,33244,32.84689256018156,9.656883600103683,16.473246583352328,0.5973160073631245,16.37364597682923,3.913659653330426,-20.287305630159658
164,164,2020-03-13,641000.0,0.0,229329,102603,50624,51979,87862,136050,-48188,-3791,38864,42655,16.946831844206358,-15.900060715975199,18.5999154053783,2.126668822025973,-1.6530835611719408,22.66568990402435,-21.012606342852408
165,165,2020-03-12,641000.0,-25000.0,178886,77281,52507,24774,74635,98692,-24057,-717,26970,27687,15.076640989233367,-1.870190854972991,15.477454915420994,-3.1224604899573065,-0.4008139261876279,13.84904352492649,-13.448229598738862
166,166,2020-03-11,666000.0,-10000.0,112122,39839,45839,-6000,46616,49131,-2515,8515,25667,17152,22.89202832628744,7.815387337054071,15.297622232924848,-0.17983268249614606,7.594406093362587,-5.351313747525017,-2.24309234583757
167,167,2020-03-10,676000.0,-4000.0,117053,58565,44659,13906,29018,51296,-22278,8372,29470,21098,25.176629390105337,2.284601063817899,18.0243137723937,2.7266915394688525,7.1523156177116345,11.880088506915671,-19.032404124627305
168,168,2020-03-09,680000.0,-20000.0,93380,43281,27914,15367,26564,46369,-19805,4438,23535,19097,25.20346969372457,0.02684030361923106,20.450846005568646,2.4265322331749424,4.752623688155922,16.456414649817948,-21.20903833797387
169,169,2020-03-06,700000.0,-11000.0,94325,29488,29327,161,47908,52354,-4446,4285,16929,12644,17.94752186588921,-7.2559478278353575,13.404717731248345,-7.0461282743202975,4.542804134640869,0.17068645640074212,-4.713490591041611
170,170,2020-03-05,711000.0,-9000.0,115007,36232,50549,-14317,48281,50899,-2618,16935,30494,13559,26.51490778822159,8.567385922332374,11.78971714765188,-1.6150005835964638,14.725190640569705,-12.448807463893502,-2.276383176676202
171,171,2020-03-04,720000.0,41000.0,156369,37538,46994,-9456,87300,53891,33409,-23953,31531,55484,20.164482729952873,-6.3504250582687165,35.48273634799737,23.69301920034549,-15.318253618044498,-6.047234426260959,21.365488044305458
172,172,2020-03-03,679000.0,18000.0,111858,32809,45845,-13036,58746,43204,15542,-2506,20303,22809,18.150691054730107,-2.0137916752227656,20.391031486348762,-15.091704861648605,-2.2403404316186593,-11.65406139927408,13.89440183089274
173,173,2020-03-02,661000.0,12000.0,75909,28555,31240,-2685,37868,27802,10066,-7381,9486,16867,12.496541912026244,-5.6541491427038615,22.220026610810308,1.8289951244615492,-9.72348469878407,-3.537129984586808,13.260614683370878
174,174,2020-02-28,649000.0,-5000.0,122145,39718,47212,-7494,63371,52538,10833,-3339,19056,22395,15.60112980474027,3.104587892714028,18.334766056735845,-3.885260554074467,-2.733636251995579,-6.135330959105981,8.868967211101559
175,175,2020-02-27,654000.0,-18000.0,68808,24290,35102,-10812,21252,22344,-1092,11904,23266,11362,33.81292872921753,18.211798924477264,16.512614812231135,-1.8221512445047097,17.300313916986397,-15.713289152424137,-1.5870247645622602
176,176,2020-02-26,672000.0,3000.0,89770,33803,33585,218,45423,45147,276,-494,10544,11038,11.745572017377743,-22.06735671183979,12.295867216219227,-4.216747596011908,-0.5502951988414838,0.24284282054138354,0.30745237830010025
177,177,2020-02-25,669000.0,6000.0,92439,35949,43051,-7102,42078,32744,9334,-2232,14412,16644,15.590822055625873,3.845250038248128,18.00538733651381,5.709520120294582,-2.414565280887937,-7.682904401821742,10.09746968270968
178,178,2020-02-24,663000.0,-6000.0,96037,30528,34876,-4348,48003,42451,5552,-1204,17506,18710,18.228391140914443,2.6375690852885683,19.48207461707467,1.47668728056086,-1.25368347616023,-4.527421722877641,5.781105199037871
179,179,2020-02-21,669000.0,-7000.0,79837,25752,25495,257,35301,37547,-2246,1989,18784,16795,23.527938174029583,5.299547033115147,21.036612097147934,1.554537480073268,2.4913260768816463,0.32190588323709557,-2.813231960118742
180,180,2020-02-20,676000.0,-11000.0,110032,33241,39044,-5803,47753,51809,-4056,9859,29038,19179,26.39050458048568,2.8625664064560894,17.430383888323398,-3.60622820882454,8.96012069216228,-5.2739203140904465,-3.6862003780718338
181,181,2020-02-19,687000.0,32000.0,140128,31814,26303,5511,87193,60054,27139,-32650,21121,53771,15.072647864809316,-11.31785671567636,38.37277346426124,20.942389575937842,-23.30012559945193,3.9328328385476135,19.367292760904316
182,182,2020-02-18,655000.0,-3000.0,52270,14327,23197,-8870,24977,18124,6853,2017,12966,10949,24.805815955615078,9.733168090805762,20.94700593074421,-17.425767533517035,3.8588100248708628,-16.96958102161852,13.110770996747656
183,183,2020-02-17,658000.0,1000.0,44676,15214,13593,1621,19334,18700,634,-2255,10128,12383,22.66988987375772,-2.135926081857356,27.71734264482049,6.770336714076276,-5.047452771062763,3.628346315695228,1.4191064553675352
184,184,2020-02-14,657000.0,28000.0,157977,36327,31735,4592,101302,59731,41571,-46163,20348,66511,12.880356001190044,-9.789533872567675,42.101698348493755,14.384355703673274,-29.22134234730372,2.9067522487450703,26.31459009855865
185,185,2020-02-13,629000.0,-21000.0,156229,33712,52513,-18801,63511,78745,-15234,34035,59006,24971,37.76891614232953,24.88856014113949,15.983588194253304,-26.11811015424045,21.785327948076223,-12.034257404195124,-9.751070543881097
186,186,2020-02-12,650000.0,6000.0,172621,49038,56607,-7569,95578,84099,11479,-3910,28005,31915,16.22340271461757,-21.54551342771196,18.488480544082122,2.5048923498288165,-2.2650778294645497,-4.384750406960914,6.6498282364254635
187,187,2020-02-11,644000.0,-4000.0,120028,30172,48000,-17828,58970,50438,8532,9296,30886,21590,25.732329123204583,9.508926408587012,17.987469590428898,-0.5010109536532212,7.744859532775686,-14.853200919785383,7.108341387009697
188,188,2020-02-10,648000.0,-24000.0,120937,35863,58109,-22246,36937,49644,-12707,34953,48137,13184,39.80336869609797,14.071039572893385,10.901543778992366,-7.0859258114365336,28.9018249171056,-18.39470137344237,-10.50712354366323
189,189,2020-02-07,672000.0,2000.0,58755,19467,29162,-9695,32797,25475,7322,2373,6491,4118,11.047570419538763,-28.755798276559204,7.008765211471363,-3.8927785675210034,4.038805208067399,-16.50072334269424,12.46191813462684
190,190,2020-02-06,670000.0,13000.0,79693,27132,28095,-963,42698,33081,9617,-8654,9863,18517,12.376243835719574,1.3286734161808111,23.235415908549054,16.226650697077698,-10.859172072829484,-1.2083871858256057,12.06755925865509
191,191,2020-02-05,657000.0,1000.0,69095,19704,45094,-25390,38566,14051,24515,875,10825,9950,15.666835516318114,3.2905916805985385,14.400463130472536,-8.83495277807652,1.2663723858455749,-36.74650843042188,35.480136044576305
192,192,2020-02-04,656000.0,16000.0,71409,18951,35300,-16349,40920,24313,16607,-258,11538,11796,16.157627189850018,0.4907916735319056,16.5189261857749,2.118463055302364,-0.3612989959248834,-22.8948731952555,23.256172191180383
193,193,2020-02-03,640000.0,4000.0,94982,28140,43556,-15416,54564,39765,14799,617,12278,11661,12.926659788170392,-3.2309674016796266,12.277063022467413,-4.241863163307487,0.6495967657029753,-16.230443663009833,15.580846897306857
194,194,2020-01-31,636000.0,-19000.0,107016,30995,47678,-16683,52509,39898,12611,4072,23512,19440,21.97054646034238,9.043886672171988,18.16550796142633,5.888444938958914,3.80503849891605,-15.589257681094416,11.784219182178365
195,195,2020-01-30,655000.0,6000.0,77424,17640,32861,-15221,42143,30898,11245,3976,17641,13665,22.784924571192395,0.814378110850015,17.649566026038443,-0.5159419353878896,5.135358545153958,-19.659278776606737,14.523920231452779
196,196,2020-01-29,649000.0,5000.0,80218,17693,38978,-21285,46931,31584,15347,5938,15594,9656,19.439527288139814,-3.3453972830525767,12.037198633723106,-5.612367392315336,7.402328654416714,-26.533944999875338,19.131616345458625
197,197,2020-01-28,644000.0,-2000.0,90471,35873,35597,276,44350,33977,10373,-10649,10248,20897,11.32738667639354,-8.112140611746279,23.098009306849708,11.060810673126607,-11.770622630456169,0.3050701329707862,11.465552497485382
198,198,2020-01-23,646000.0,3000.0,51057,19773,31062,-11289,23697,7919,15778,-4489,7587,12076,14.859862506610256,3.5324758302167165,23.65199678790372,0.5539874810540049,-8.792134281293457,-22.110582290381338,30.902716571674794
199,199,2020-01-22,643000.0,11000.0,56758,20473,21779,-1306,24387,23774,613,693,11898,11205,20.962683674548078,6.102821167937825,19.74171041967652,-3.9102863682271938,1.22097325487156,-2.3009972162514534,1.0800239613798936
200,200,2020-01-21,632000.0,2000.0,59896,24414,27226,-2812,13621,19256,-5635,8447,21861,13414,36.49826365700547,15.535579982457392,22.39548550821424,2.6537750885377167,14.102778148791238,-4.694804327501002,-9.407973821290236
201,201,2020-01-20,630000.0,-1000.0,40779,20312,21669,-1357,11357,11133,224,1133,9110,7977,22.339929865862327,-14.158333791143146,19.561539027440592,-2.8339464807736436,2.778390838421737,-3.3276931754089114,0.5493023369871748
202,202,2020-01-17,631000.0,-1000.0,49319,17579,24367,-6788,20423,15293,5130,1658,11317,9659,22.946531762606703,0.6066018967443725,19.584744216224983,0.023205188784388042,3.361787546381719,-13.763458302074252,10.401670755692532
203,203,2020-01-16,632000.0,13000.0,79907,23753,25336,-1583,45277,33354,11923,-10340,10877,21217,13.612074036066929,-9.334457726539775,26.552116835821643,6.9673726195966585,-12.940042799754714,-1.9810529740823708,14.921095773837086
204,204,2020-01-15,619000.0,9000.0,56839,14038,24713,-10675,35863,17705,18158,-7483,6938,14421,12.206407572265524,-1.4056664638014065,25.371663822375485,-1.180453013446158,-13.16525625010996,-18.78111859814564,31.946374848255598
205,205,2020-01-14,610000.0,-4000.0,64120,20176,27286,-7110,33589,24593,8996,-1886,10355,12241,16.149407361197753,3.9429997889322297,19.090767311291327,-6.280896511084155,-2.9413599500935748,-11.088583905177792,14.029943855271366
206,206,2020-01-13,614000.0,6000.0,66084,13349,35227,-21878,43507,17307,26200,-4322,9228,13550,13.964045759941893,-2.18536160125586,20.504206767144844,1.4134394558535135,-6.540161007202954,-33.10634949458265,39.646510501785606
207,207,2020-01-10,608000.0,0.0,53031,14261,26721,-12460,28159,12629,15530,-3070,10611,13681,20.00905130961136,6.045005549669465,25.79811808187664,5.293911314731794,-5.789066772265278,-23.49569119948709,29.28475797175237
208,208,2020-01-09,608000.0,4000.0,71171,27246,26140,1106,32841,31226,1615,-2721,11084,13805,15.573758974863358,-4.4352923347479996,19.39694538505852,-6.4011726968181195,-3.823186410195164,1.5540037374773432,2.2691826727178204
209,209,2020-01-08,604000.0,10000.0,109267,39111,37899,1212,55323,33101,22222,-23434,14833,38267,13.575004347149644,-1.9987546277137136,35.0215527103334,15.624607325274885,-21.446548363183762,1.1092095509165623,20.3373388122672
210,210,2020-01-07,594000.0,15000.0,84378,35709,24001,11708,39322,25375,13947,-25655,9347,35002,11.077532058119417,-2.497472289030229,41.4823769228946,6.460824212561192,-30.40484486477518,13.875654791533337,16.52919007324184
211,211,2020-01-06,579000.0,14000.0,107006,23590,37682,-14092,67988,25232,42756,-28664,15428,44092,14.417883109358351,3.3403510512389385,41.20516606545427,-0.27721085744032337,-26.78728295609592,-13.169354989439844,39.95663794553577
212,212,2020-01-03,565000.0,24000.0,112404,31330,34662,-3332,61318,23790,37528,-34196,19756,53952,17.575886979111065,3.1580038697527115,47.998291875733955,6.79312581027969,-30.422404896622897,-2.9643073200241985,33.3867122166471
213,213,2020-01-02,541000.0,0.0,40246,16614,23978,-7364,16252,10133,6119,1245,7380,6135,18.337226059732643,0.7613390806215783,15.243750931769616,-32.754540943964344,3.0934751279630275,-18.297470556080107,15.20399542811708
214,214,2019-12-30,541000.0,0.0,36232,14094,12076,2018,15346,15993,-647,-1371,6792,8163,18.745860013247963,0.4086339535153165,22.5298079046147,7.286056972845085,-3.7839478913667475,5.5696621770810335,-1.7857142857142858
215,215,2019-12-27,541000.0,4000.0,50220,11263,18087,-6824,17678,14665,3013,3811,21279,17468,42.371565113500594,23.625705100252638,34.78295499800876,12.25314709339406,7.588610115491836,-13.58821186778176,5.999601752289925
216,216,2019-12-26,537000.0,4000.0,43562,14093,5406,8687,9062,5717,3345,-12032,20407,32439,46.845874845048435,4.474309731547841,74.46627794867085,39.683322950662095,-27.620403103622422,19.94169230062899,7.678710802993435
217,217,2019-12-24,533000.0,-7000.0,33551,12880,14909,-2029,10878,7909,2969,-940,9793,10733,29.18839974963489,-17.657475095413552,31.990104616851955,-42.4761733318189,-2.8017048672170723,-6.047509761258979,8.849214628476052
218,218,2019-12-23,540000.0,1000.0,43978,15875,7331,8544,24778,10269,14509,-23053,3325,26378,7.5605984810587135,-21.627801268576174,59.9799899949975,27.989885378145537,-52.419391513938784,19.42789576606485,32.991495747873934
219,219,2019-12-20,539000.0,6000.0,65798,7183,10882,-3699,53470,30180,23290,-19591,5145,24736,7.819386607495668,0.25878812643695603,37.59384783732028,-22.386142157677213,-29.774461229824613,-5.621751421015836,35.396212650840454
220,220,2019-12-19,533000.0,-8000.0,63932,14156,27471,-13315,34998,23005,11993,1322,14778,13456,23.115184883939186,15.295798276443517,21.047362822999442,-16.546485014320847,2.0678220609397484,-20.82681599199149,18.75899393105174
221,221,2019-12-18,541000.0,2000.0,37838,13584,17419,-3835,19659,9668,9991,-6156,4595,10751,12.14387652624346,-10.971308357695728,28.41323537184841,7.365872548848967,-16.26935884560495,-10.135313705798403,26.40467255140335
222,222,2019-12-17,539000.0,-3000.0,68773,23009,19290,3719,37091,33262,3829,-7548,8673,16221,12.61105375656144,0.4671772303179811,23.58629113169412,-4.826944240154283,-10.975237375132682,5.407645442252047,5.567591932880636
223,223,2019-12-16,542000.0,4000.0,59733,17189,16952,237,34207,22556,11651,-11888,8337,20225,13.957109135653658,1.3460553790922172,33.85900590963119,10.272714777937072,-19.901896773977533,0.39676560695093166,19.5051311670266
224,224,2019-12-13,538000.0,2000.0,81844,25799,31508,-5709,40851,32503,8348,-2639,15194,17833,18.56458628610527,4.607477150451613,21.789013244709444,-12.069992664921749,-3.2244269586041736,-6.975465519769317,10.19989247837349
225,225,2019-12-12,536000.0,-9000.0,152110,60972,73667,-12695,70245,57924,12321,374,20893,20519,13.735454605219907,-4.8291316808853635,13.48957990927618,-8.299433335433264,0.24587469594372494,-8.345933863651306,8.10005916770758
226,226,2019-12-11,545000.0,5000.0,77125,23513,31515,-8002,43331,22821,20510,-12508,10281,22789,13.33030794165316,-0.40514666356674667,29.54813614262561,16.058556233349428,-16.21782820097245,-10.375364667747164,26.593192868719612
227,227,2019-12-10,540000.0,0.0,66681,14274,25678,-11404,41955,27584,14371,-2967,10452,13419,15.674629954559768,2.344322012906608,20.124173302739912,-9.423962839885695,-4.449543348180141,-17.10232300055488,21.55186634873502
228,228,2019-12-09,540000.0,1000.0,68853,18654,17857,797,36482,26356,10126,-10923,13717,24640,19.92215299260744,4.247523038047673,35.786385487923546,15.66221218518364,-15.864232495316108,1.1575385241020726,14.706693971214035
229,229,2019-12-06,539000.0,37000.0,199337,63579,38628,24951,105346,46610,58736,-83687,30412,114099,15.256575547941425,-4.665577444666015,57.239248107476286,21.452862619552725,-41.982672559534855,12.516993834561571,29.465678724973287
230,230,2019-12-05,502000.0,2000.0,118540,22392,23028,-636,75978,63755,12223,-11587,20170,31757,17.01535346718407,1.758777919242645,26.790113042011143,-30.44913506546514,-9.774759574827062,-0.536527754344525,10.311287329171588
231,231,2019-12-04,500000.0,15000.0,153060,69630,23902,45728,52101,66713,-14612,-31116,31329,62445,20.46844374754998,3.4530902803659096,40.797726381811046,14.007613339799914,-20.329282634261073,29.875865673592056,-9.546583039330981
232,232,2019-12-03,485000.0,-2000.0,109541,31056,34579,-3523,41262,47761,-6499,10022,37223,27201,33.98088386996649,13.51244012241651,24.83179813950941,-15.965928242301647,9.14908573045709,-3.216147378607097,-5.932938351849992
233,233,2019-12-02,487000.0,-6000.0,176172,51083,69405,-18322,57594,54092,3502,14820,67495,52675,38.3119905546852,4.331106684718705,29.89975705560475,5.067958916095343,8.412233499080443,-10.40006357423427,1.987830075153827
234,234,2019-11-29,493000.0,-6000.0,168117,31577,43751,-12174,82089,86490,-4401,16575,54451,37876,32.38875307077809,-5.9232374839071085,22.529547874397,-7.370209181207754,9.859205196381092,-7.241385463694927,-2.617819732686165
235,235,2019-11-28,499000.0,-6000.0,170595,52654,89611,-36957,59680,32915,26765,10192,58261,48069,34.15164571060113,1.7628926398230431,28.1772619361646,5.647714061767602,5.974383774436531,-21.663589202497143,15.689205428060612
236,236,2019-11-27,505000.0,-16000.0,305519,87304,139068,-51764,91207,81433,9774,41990,127008,85018,41.57122797600149,7.419582265400357,27.827401896445064,-0.34986003971953394,13.743826079556428,-16.94297245015858,3.199146370602156
237,237,2019-11-26,521000.0,-14000.0,188666,52905,47456,5449,69701,119787,-50086,44637,66060,21423,35.01425800091166,-6.556969975089826,11.35498712009583,-16.472414776349233,23.659270880815832,2.8881727497270306,-26.547443630542865
238,238,2019-11-25,535000.0,2000.0,69441,25767,35827,-10060,21686,24529,-2843,12903,21988,9085,31.66429054881122,-3.3499674521004397,13.083048919226394,1.728061799130565,18.581241629584827,-14.48711856108063,-4.094123068504198
239,239,2019-11-22,533000.0,-8000.0,58118,20093,16679,3414,21949,32174,-10225,6811,16076,9265,27.660965621666268,-4.003324927144952,15.941704807460685,2.8586558882342885,11.719260814205581,5.874255824357342,-17.593516638562924
240,240,2019-11-21,541000.0,-15000.0,112569,42186,33715,8471,51600,70223,-18623,10152,18783,8631,16.685766063481065,-10.975199558185203,7.6672973909335616,-8.274407416527122,9.018468672547504,7.525162344872922,-16.543631017420427
241,241,2019-11-20,556000.0,-5000.0,53708,31461,24487,6974,12927,20980,-8053,1079,9320,8241,17.353094511059805,0.6673284475787398,15.344082818202127,7.676785427268567,2.009011692857675,12.985030163104193,-14.994041855961868
242,242,2019-11-19,561000.0,8000.0,80813,40308,41963,-1655,30605,16796,13809,-12154,9900,22054,12.250504250553748,-5.102590260506057,27.29016371128408,11.946080893081946,-15.039659460730329,-2.0479378317844903,17.08759729251482
243,243,2019-11-18,553000.0,4000.0,83408,32342,26963,5379,40377,38044,2333,-7712,10689,18401,12.815317475541914,0.5648132249881677,22.061432956071357,-5.228730755212716,-9.246115480529445,6.449021676577786,2.7970938039516593
244,244,2019-11-15,549000.0,23000.0,90461,44675,31779,12896,30325,11284,19041,-31937,15461,47398,17.091343230784535,4.276025755242619,52.39606018063032,30.334627224558957,-35.30471694984579,14.255867169277368,21.04884978056842
245,245,2019-11-14,526000.0,3000.0,57581,29826,34682,-4856,17452,13767,3685,1171,10303,9132,17.893055000781512,0.8017117699969738,15.859398065334053,-36.536662115296274,2.0336569354474565,-8.433337385595943,6.3996804501484865
246,246,2019-11-13,523000.0,-11000.0,86729,21853,30892,-9039,20930,43293,-22363,31402,43946,12544,50.6704793091123,32.77742430833079,14.46344360017987,-1.3959544651541815,36.20703570893242,-10.422119475607929,-25.784916233324495
247,247,2019-11-12,534000.0,12000.0,48897,16358,16417,-59,20405,22576,-2171,2230,12134,9904,24.81542834938749,-25.855050959724807,20.254821359183584,5.791377759003718,4.560606990203898,-0.12066179929239013,-4.439945190911508
248,248,2019-11-11,522000.0,-7000.0,54526,16073,22574,-6501,23256,25672,-2416,8917,15197,6280,27.871107361625647,3.0556790122381585,11.51744122070205,-8.737380138481537,16.353666140923597,-11.922752448373252,-4.430913692550343
249,249,합계,,,28815320,8187031,8461491,-274460,10658480,10956913,-298433,572893,9969809,9396916,34.598987621862264,6.72788026023661,32.61083340389765,21.0933921831956,1.9881542179646106,-0.952479444961916,-1.0356747730026945
