,Unnamed: 0,날짜,종가,대비,거래량,기관 매수,기관 매도,기관 순매수,외국인 매수,외국인 매도,외국인 순매수,개인 순매수,Unnamed: 11,개인 매수,개인 매도,개인매수비율(%),개인매수비율증가(%p),개인매도비율(%),개인매도비율증가(%p),개인 순매수비율,기관 순매수비율,외국인 순매수비율
0,0,2020-11-11,175500.0,2000.0,4140745,1240154,1041670,198484,913625,1331328,-417703,219219,,1986966,1767747,47.98571271594846,,42.69152048725531,,5.294192228693146,4.793436929827845,-10.087629158520992
1,1,2020-11-10,173500.0,1000.0,1796342,562821,464073,98748,417002,551172,-134170,35422,,816519,781097,45.454540393755764,-2.5311723221927025,43.48264417354825,0.7911236862929343,1.9718962202075105,5.497171474028888,-7.469067694236398
2,2,2020-11-09,172500.0,2000.0,1521010,442711,379640,63071,236907,462075,-225168,162097,,841392,679295,55.31797950046351,9.863439106707752,44.660784610226095,1.1781404366778574,10.657194890237408,4.146652553237652,-14.803847443475059
3,3,2020-11-06,170500.0,-4500.0,2233192,587863,711300,-123437,164370,819188,-654818,778255,,1480959,702704,66.31579371590082,10.997814215437318,31.466349512267648,-13.194435097958458,34.84944420363318,-5.527379643129655,-29.32206456050353
4,4,2020-11-05,175000.0,3500.0,1299430,438284,330964,107320,301769,45594,256175,-363495,,559377,922872,43.04787483742872,-23.26791887847211,71.02129395196354,39.554944439695895,-27.973419114534835,8.25900587180533,19.714413242729506
5,5,2020-11-04,171500.0,1000.0,1699252,584587,634782,-50195,219423,184723,34700,15495,,895242,879747,52.68447528677324,9.636600449344519,51.77260347494074,-19.248690477022805,0.9118718118325004,-2.9539467954135112,2.042074983581011
6,6,2020-11-03,170500.0,0.0,1006364,319206,328003,-8797,55154,144921,-89767,98564,,632004,533440,62.80073611536182,10.116260828588594,53.0066655802473,1.2340621053065632,9.794070535114532,-0.8741369921817553,-8.919933542932776
7,7,2020-11-02,170500.0,6000.0,1052301,454111,356715,97396,175798,69599,106199,-203595,,422392,625987,40.139845918610746,-22.66089019675109,59.48744703274064,6.480781452493338,-19.347601114129894,9.255526698159557,10.092074415970336
8,8,2020-10-30,164500.0,-5500.0,1452259,342614,592599,-249985,155801,292400,-136599,386584,,953844,567260,65.68001988625996,25.540173967649217,39.060525705125606,-20.42692132761504,26.619494181134357,-17.213527339131655,-9.4059668420027
9,9,2020-10-29,170000.0,-3500.0,1484537,389200,595868,-206668,135748,203295,-67547,274215,,959589,685374,64.63894129954323,-1.041078586716722,46.167525632570964,7.106999927445365,18.471415666972263,-13.921377506926403,-4.550038160045859
10,10,2020-10-28,173500.0,1000.0,1419988,569298,571785,-2487,278340,303863,-25523,28010,,572350,544340,40.306678647988576,-24.332262651554657,38.334126767268465,-7.833398865302505,1.9725518807201188,-0.17514232514640968,-1.797409555573709
11,11,2020-10-27,172500.0,1000.0,3317704,1251963,1300054,-48091,545161,369010,176151,-128060,,1520580,1648640,45.83229848111826,5.525619833129689,49.69219677222562,11.358070004957154,-3.8598982911073443,-1.449526540040944,5.309424831148288
12,12,2020-10-26,171500.0,4500.0,3018359,1519650,1077909,441741,292862,278384,14478,-456219,,1205847,1662066,39.95041676619647,-5.881881714921796,55.065219213486536,5.373022441260922,-15.114802447290067,14.635137834830118,0.4796646124599493
13,13,2020-10-23,167000.0,4500.0,1883932,791789,647128,144661,194189,186055,8134,-152795,,897954,1050749,47.66382226110072,7.713405494904251,55.77425299851586,0.7090337850293338,-8.11043073741515,7.678674177199602,0.4317565602155492
14,14,2020-10-22,162500.0,-3000.0,1700524,407191,525519,-118328,328584,216172,112412,5916,,964749,958833,56.73245423175445,9.068631970653726,56.384561464583854,0.6103084660679912,0.34789276717058976,-6.958325786639882,6.610433019469293
15,15,2020-10-21,165500.0,-2000.0,1760669,799928,910690,-110762,110925,170604,-59679,170441,,849816,679375,48.26665318694201,-8.465801044812437,38.586185137581225,-17.798376327002636,9.680468049360783,-6.290904196075469,-3.389563853285314
16,16,2020-10-20,167500.0,-500.0,5697398,2005844,1751522,254322,594157,823843,-229686,-24636,,3097397,3122033,54.36511544392722,6.098462256985207,54.79752336066394,16.211338223082713,-0.4324079167367279,4.4638271716316815,-4.031419254894954
17,17,2020-10-19,168000.0,-4000.0,2230634,558051,920507,-362456,69171,213239,-144068,506524,,1603412,1096888,71.88144715807255,17.51633171414533,49.173822330332996,-5.623701030330949,22.707624827739558,-16.249012612557685,-6.458612215181872
18,18,2020-10-16,172000.0,-4000.0,3197258,569978,1469864,-899886,112957,323588,-210631,1110517,,2514323,1403806,78.63997838147561,6.758531223403082,43.906559933543065,-5.267262396789931,34.73341844793257,-28.145554722202586,-6.587863725729985
19,19,2020-10-15,176000.0,-2000.0,1587551,408393,610763,-202370,117973,149848,-31875,234245,,1061185,826940,66.84415177843104,-11.795826603044574,52.089035249891175,8.182475316348125,14.75511652853987,-12.747307015648632,-2.007809512891239
20,20,2020-10-14,178000.0,-1000.0,1930046,455225,777344,-322119,330787,366966,-36179,358298,,1144034,785736,59.27496028592064,-7.569191492510412,40.71073953677788,-11.378295713113305,18.564220749142766,-16.689705841207928,-1.8745149079348369
21,21,2020-10-13,179000.0,-1000.0,1728432,427329,797328,-369999,248571,138819,109752,260247,,1052532,792285,60.89519286844956,1.6202325825289137,45.8383667971896,5.127627260411707,15.056826071259962,-21.40662750978922,6.349801438529257
22,22,2020-10-12,180000.0,-500.0,1655359,317211,475168,-157957,331361,358038,-26677,184634,,1006787,822153,60.81985841137784,-0.07533445707171893,49.66614492687085,3.827778129681264,11.153713484506985,-9.54215973695132,-1.6115537475556663
23,23,2020-10-08,180500.0,-2500.0,1750474,356303,689564,-333261,181544,374501,-192957,526218,,1212627,686409,69.27420801451493,8.454349603137091,39.21275037504128,-10.453394551829577,30.06145763947365,-19.038329046875305,-11.023128592598347
24,24,2020-10-07,183000.0,500.0,1512423,433204,359085,74119,153996,367347,-213351,139232,,925223,785991,61.1748829527189,-8.099325061796018,51.96899280161701,12.756242426575731,9.205890151101908,4.9006792411911215,-14.106569392293029
25,25,2020-10-06,182500.0,-4500.0,2143171,416124,415615,509,130869,425290,-294421,293912,,1596178,1302266,74.47739821040878,13.302515257689867,60.76351350405545,8.79452070243844,13.713884706353342,0.02374985477127117,-13.737634561124613
26,26,2020-10-05,187000.0,8500.0,2732820,607218,336792,270426,557591,337041,220550,-490976,,1568011,2058987,57.37703178401797,-17.100366426390806,75.34294245504644,14.579428950990994,-17.96591067102846,9.89549256811645,8.07041810291201
27,27,2020-09-29,178500.0,3000.0,1475249,282548,266944,15604,399544,299441,100103,-115707,,793157,908864,53.76427979276719,-3.612751991250782,61.6074981240455,-13.735444331000943,-7.843218331278313,1.0577197476493798,6.785498583628933
28,28,2020-09-28,175500.0,5500.0,1374871,359279,332206,27073,263535,69474,194061,-221134,,752057,973191,54.70018641748935,0.9359066247221576,70.78416811468131,9.176669990635807,-16.083981697191955,1.9691301947600903,14.114851502431865
29,29,2020-09-25,170000.0,-1500.0,2076987,477428,497972,-20544,180234,236073,-55839,76383,,1419325,1342942,68.33576714731484,13.635580729825492,64.65818033526449,-6.125987779416818,3.67758681205034,-0.9891251124826491,-2.688461699567691
30,30,2020-09-24,171500.0,-8000.0,2841908,698006,825321,-127315,162798,504756,-341958,469273,,1981104,1511831,69.71034952574115,1.374582378426311,53.197746021334964,-11.460434313929534,16.512603504406194,-4.479912790984085,-12.03269071342211
31,31,2020-09-23,179500.0,0.0,3481682,920042,1063345,-143303,222221,314794,-92573,235876,,2339419,2103543,67.19220767433671,-2.5181418514044367,60.417436170218885,7.219690148883919,6.774771504117838,-4.1159129409291255,-2.6588585631887116
32,32,2020-09-22,179500.0,-5500.0,3042046,724455,1050681,-326226,134820,394567,-259747,585973,,2182771,1596798,71.75338571474595,4.561178040409217,52.490922228000485,-7.926513942218385,19.262463486745435,-10.723900953503005,-8.53856253324243
33,33,2020-09-21,185000.0,4000.0,3133848,968910,905897,63013,303840,273023,30817,-93830,,1861098,1954928,59.3869900518468,-12.366395662899132,62.38107272592672,9.890150497926227,-2.994082674079917,2.0107229195544902,0.9833597545254269
34,34,2020-09-18,181000.0,-3000.0,2584103,754440,864690,-110250,228479,558905,-330426,440676,,1601184,1160508,61.96285519578747,2.575865143940668,44.90951018593299,-17.471562539993727,17.053345009854482,-4.266470802440924,-12.78687420741356
35,35,2020-09-17,184000.0,500.0,4383978,1040609,1089020,-48411,403815,399262,4553,43858,,2939554,2895696,67.05220692257123,5.089351726783762,66.05179131829586,21.14228113236286,1.0004156042753864,-1.104271052455099,0.10385544817971258
36,36,2020-09-16,183500.0,4500.0,3401835,945776,729497,216279,569767,333657,236110,-452389,,1886292,2338681,55.44925018409182,-11.602956738479405,68.74763179284122,2.6958404745453635,-13.298381608749395,6.3577157622283265,6.940665846521068
37,37,2020-09-15,179000.0,-1000.0,2644009,753776,697650,56126,98200,257109,-158909,102783,,1792033,1689250,67.77711422313615,12.327864039044329,63.889722009267,-4.857909783574228,3.887392213869166,2.12276130678829,-6.010153520657457
38,38,2020-09-14,180000.0,8500.0,3145262,989426,661467,327959,229119,173347,55772,-383731,,1926717,2310448,61.25775849515875,-6.5193557279773975,73.45804578442116,9.568323775154157,-12.20028728926239,10.427080478510216,1.7732068107521726
39,39,2020-09-11,171500.0,2500.0,1538378,466606,481611,-15005,212272,162953,49319,-34314,,859500,893814,55.87053376998371,-5.387224725175044,58.10106488782341,-15.35698089659774,-2.2305311178396985,-0.9753779630233922,3.205909080863091
40,40,2020-09-10,169000.0,1500.0,1326177,436508,548864,-112356,189145,167851,21294,91062,,700524,609462,52.82281324438594,-3.047720525597775,45.956308999477436,-12.144755888345964,6.866504244908485,-8.472172266597898,1.6056680216894126
41,41,2020-09-09,167500.0,-500.0,1685225,319295,515692,-196397,141677,159674,-17997,214394,,1224253,1009859,72.64626385200789,19.82345060762196,59.9242831075969,13.967974108119463,12.721980744410983,-11.654052129537599,-1.0679286148733849
42,42,2020-09-08,168000.0,-2000.0,1933504,480333,736126,-255793,66445,250049,-183604,439397,,1386726,947329,71.72087567442324,-0.9253881775846652,48.995450746416864,-10.928832361180037,22.725424928006355,-13.22950456787263,-9.495920360133725
43,43,2020-09-07,170000.0,-2500.0,1516649,325372,478525,-153153,121929,153305,-31376,184529,,1069348,884819,70.50728283208574,-1.2135928423374909,58.340393855137215,9.344943108720344,12.166888976948522,-10.098117626425099,-2.0687713505234235
44,44,2020-09-04,172500.0,-4000.0,2886867,648899,944090,-295191,272885,255732,17153,278038,,1965083,1687045,68.06974481332185,-2.437538018763888,58.43861182382146,0.0982179686842457,9.631132989500383,-10.225306534731251,0.594173545230868
45,45,2020-09-03,176500.0,500.0,1841550,381389,493517,-112128,319445,371777,-52332,164460,,1140716,976256,61.94325432380332,-6.126490489518523,53.012733838342704,-5.425877985478762,8.930520485460617,-6.088783904862751,-2.841736580597866
46,46,2020-09-02,176000.0,-4000.0,2825239,668237,859756,-191519,234831,522809,-287978,479497,,1922171,1442674,68.03569538718669,6.092441063383383,51.06378610800714,-1.9489477303355471,16.971909279179567,-6.778860124754047,-10.19304915442552
47,47,2020-09-01,180000.0,3500.0,2704194,653513,690206,-36693,379237,288651,90586,-53893,,1671444,1725337,61.80932285183682,-6.226372535349896,63.80226418666708,12.73847807865993,-1.9929413348302674,-1.3568922939700332,3.3498336288003006
48,48,2020-08-31,176500.0,4500.0,5275614,1265543,962668,302875,932187,1501135,-568948,266073,,3077884,2811811,58.34172098261928,-3.467601869217539,53.29827011604714,-10.503994070619932,5.043450866572118,5.7410379152075945,-10.784488781779713
49,49,2020-08-28,172000.0,8500.0,5571784,1504633,1078484,426149,612285,298167,314118,-740267,,3454866,4195133,62.00645969046897,3.664738707849701,75.29245570180035,21.994185585753197,-13.28599601133138,7.648340280240584,5.637655731090796
50,50,2020-08-27,163500.0,-4000.0,2427108,488676,809357,-320681,138600,195549,-56949,377630,,1799832,1422202,74.15541459218132,12.148954901712345,58.596568426291704,-16.695887275508646,15.55884616588961,-13.212473445763436,-2.346372720126175
51,51,2020-08-26,167500.0,1500.0,2638394,640156,755594,-115438,216238,279091,-62853,178291,,1782000,1603709,67.54108749489272,-6.614327097288594,60.783529677523525,2.1869612512318284,6.757557817369203,-4.375313163992944,-2.3822446533762585
52,52,2020-08-25,166000.0,4500.0,3304089,964798,762302,202496,311021,518601,-207580,5084,,2028270,2023186,61.386663615901384,-6.154423878991338,61.232793668693546,0.4492639911700209,0.15386994720783853,6.128648471636206,-6.282518418844044
53,53,2020-08-24,161500.0,5500.0,2904566,931720,768423,163297,255807,349780,-93973,-69324,,1717039,1786363,59.115165570346825,-2.2714980455545586,61.501890471760674,0.2690968030671144,-2.3867249014138427,5.622079167765511,-3.2353542663516683
54,54,2020-08-21,156000.0,1000.0,3348383,756623,686027,70596,419972,605367,-185395,114799,,2171788,2056989,64.86079997419651,5.745634403849684,61.432309266890925,-0.06958120486974906,3.428490707305586,2.108360961096744,-5.53685166840233
55,55,2020-08-20,155000.0,-9500.0,3630223,724525,876430,-151905,167302,550325,-383023,534928,,2738396,2203468,75.43327228106924,10.572472306872728,60.69786897388948,-0.7344402930014411,14.735403307179752,-4.184453682321995,-10.550949624857756
56,56,2020-08-19,164500.0,6500.0,3298626,973161,916640,56521,394966,318539,76427,-132948,,1930499,2063447,58.524337102781594,-16.908935178287653,62.55474248975179,1.8568735158623115,-4.0304053869702114,1.7134710027750948,2.3169343841951164
57,57,2020-08-18,158000.0,-9000.0,4328953,963794,792185,171609,429459,734644,-305185,133576,,2935700,2802124,67.81547408807627,9.291136985294685,64.72983190161685,2.175089411865059,3.085642186459405,3.964214903696113,-7.049857090155518
58,58,2020-08-14,167000.0,-3000.0,4469158,1284994,1518691,-233697,418949,408842,10107,223590,,2765215,2541625,61.873287988475674,-5.9421860996005895,56.87033217442748,-7.859499727189365,5.002955814048194,-5.229105795767346,0.22614998171915157
59,59,2020-08-13,170000.0,-2000.0,3997431,992121,1001438,-9317,156935,832416,-675481,684798,,2848375,2163577,71.25513861277405,9.381850624298368,54.12418625862461,-2.7461459158028774,17.130952354149453,-0.233074692221079,-16.897877661928373
60,60,2020-08-12,172000.0,-7000.0,4877139,1149116,1271291,-122175,214480,912194,-697714,819889,,3513543,2693654,72.04106751929768,0.7859289065236368,55.23020770988894,1.1060214512643327,16.810859809408754,-2.5050547052277987,-14.305805104180955
61,61,2020-08-11,179000.0,9000.0,6776406,1504917,1582625,-77708,274652,802062,-527410,605118,,4996837,4391719,73.73874882939424,1.6976813100965416,64.80897100911605,9.578763299227115,8.929777820278183,-1.146743568788529,-7.783034251489654
62,62,2020-08-10,170000.0,23000.0,8460795,1959909,2254899,-294990,472200,574567,-102367,397357,,6028686,5631329,71.25436794060133,-2.484380888792898,66.5579180207061,1.7489470115900474,4.696449919895234,-3.486551795664592,-1.2098981242306426
63,63,2020-08-07,147000.0,2500.0,3208082,940733,932210,8523,128531,465067,-336536,328013,,2138818,1810805,66.6696798897285,-4.5846880508728285,56.44509710163269,-10.112820919073407,10.224582788095816,0.26567276023493164,-10.490255548330747
64,64,2020-08-06,144500.0,10500.0,4040334,1173744,1068167,105577,341203,303514,37689,-143266,,2525387,2668653,62.50441176397793,-4.165268125750572,66.0503067320672,9.605209630434508,-3.545894968089272,2.6130760476732866,0.9328189204159855
65,65,2020-08-05,134000.0,1500.0,1859551,650635,582941,67694,221662,187988,33674,-101368,,987254,1088622,53.090988093362334,-9.413423670615598,58.54219647646125,-7.508110255605949,-5.451208383098931,3.6403411361129647,1.810867246985966
66,66,2020-08-04,132500.0,5500.0,2492506,828974,653997,174977,175665,323913,-148248,-26729,,1487867,1514596,59.69361758808203,6.602629494719706,60.76599213803296,2.223795661571714,-1.072374549950933,7.0201235222703575,-5.947748972319425
67,67,2020-08-03,127000.0,500.0,1868315,824405,544658,279747,83830,357753,-273923,-5824,,960080,965904,51.38748016260642,-8.306137425475619,51.69920489853157,-9.066787239501394,-0.3117247359251518,14.973224536547638,-14.661499800622487
68,68,2020-07-31,126500.0,-1000.0,1712713,465348,560860,-95512,281592,389658,-108066,203578,,965773,762195,56.38849007393533,5.001009911328914,44.50220206187493,-7.197002836656637,11.886288012060398,-5.576649444477855,-6.309638567582543
69,69,2020-07-30,127500.0,2500.0,2728427,975830,841520,134310,305705,288226,17479,-151789,,1446892,1598681,53.03026249190468,-3.35822758203065,58.59350460906596,14.091302547191026,-5.5632421171612805,4.922616584574189,0.6406255325870914
70,70,2020-07-29,125000.0,2000.0,1897616,745033,557504,187529,292027,211764,80263,-267792,,860556,1128348,45.34932251835989,-7.680939973544795,59.461345182586996,0.8678405735210291,-14.112022664227114,9.882347113430747,4.229675550796368
71,71,2020-07-28,123000.0,-500.0,1765179,513155,671731,-158576,185588,304639,-119051,277627,,1066436,788809,60.415176024641134,15.065853506281245,44.68719602941118,-14.774149153175804,15.727979995229946,-8.983564839599836,-6.744415155630109
72,72,2020-07-27,123500.0,1000.0,2046059,833751,806250,27501,177509,232220,-54711,27210,,1034799,1007589,50.57522779157395,-9.839948233067176,49.245354117354395,4.558158087943205,1.3298736742195607,1.3440961379901557,-2.6739698122097164
73,73,2020-07-24,122500.0,-2000.0,3908721,1343899,1295920,47979,497553,575954,-78401,30422,,2067269,2036847,52.88863032178558,2.3134025302116186,52.110319462555644,2.8649653452012633,0.7783108592299118,1.22748592186549,-2.005796781095402
74,74,2020-07-23,124500.0,6000.0,4505464,1638712,1323106,315606,595036,461398,133638,-449244,,2271716,2720960,50.42135504800393,-2.467275273781638,60.3924479254523,8.282128462896644,-9.97109287744836,7.004961087248727,2.966131790199633
75,75,2020-07-22,118500.0,-3000.0,2395083,747491,739784,7707,169901,380648,-210747,203040,,1477691,1274651,61.69685977479696,11.275504726793024,53.21949176709117,-7.1729561583611305,8.477368007705786,0.3217842554934422,-8.799152263199229
76,76,2020-07-21,121500.0,0.0,3138553,822074,655343,166731,417862,482862,-65000,-101731,,1898617,2000348,60.493386602042406,-1.2034731727545491,63.7347210641337,10.515229297042529,-3.2413344620912885,5.312352539530159,-2.071018077438871
77,77,2020-07-20,121500.0,4000.0,4461527,1293929,1372505,-78576,393199,438517,-45318,123894,,2774399,2650505,62.18496492344438,1.6915783214019695,59.40802330681849,-4.326697757315202,2.7769416166258774,-1.7611907313348099,-1.0157508852910675
78,78,2020-07-17,117500.0,7500.0,4265529,1169531,950447,219084,962155,239839,722316,-941400,,2133843,3075243,50.025284085514365,-12.159680837930011,72.09523133004137,12.68720802322288,-22.069947244526997,5.136150756447793,16.933796488079203
79,79,2020-07-16,110000.0,1000.0,3254530,990560,784204,206356,498674,551460,-52786,-153570,,1765296,1918866,54.241196117411725,4.2159120318973615,58.95984980934267,-13.1353815206987,-4.718653691930939,6.34057759492154,-1.6219239029906007
80,80,2020-07-15,109000.0,7500.0,4494730,1312241,626806,685435,675907,285478,390429,-1075864,,2506582,3582446,55.76713172982581,1.5259356124140881,79.70325247567706,20.74340266633439,-23.93612074585125,15.249748038258138,8.686372707593115
81,81,2020-07-14,101500.0,0.0,1050563,198171,265865,-67694,165759,187279,-21520,89214,,686633,597419,65.35857440248705,9.591442672661238,56.86655631313876,-22.836696162538303,8.492018089348283,-6.443592626049081,-2.0484254632992025
82,82,2020-07-13,101500.0,3200.0,1376002,350405,263496,86909,344310,84564,259746,-346655,,681287,1027942,49.512064662696716,-15.846509739790342,74.70497862648455,17.83842231334579,-25.192913963787845,6.316051866203683,18.876862097584162
83,83,2020-07-10,98300.0,-1300.0,1099298,180950,429293,-248343,30175,248520,-218345,466688,,888173,421485,80.794561620234,31.282496957537298,38.34128689399962,-36.36369173248493,42.453274726234376,-22.591053563274016,-19.862221162960363
84,84,2020-07-09,99600.0,0.0,922604,388069,375602,12467,131587,115887,15700,-28167,,402948,431115,43.67507619737179,-37.11948542286222,46.72806534547866,8.386778451479039,-3.0529891481068803,1.3512839744895968,1.7017051736172832
85,85,2020-07-08,99600.0,400.0,859735,271588,275810,-4222,152226,240320,-88094,92316,,435921,343605,50.704112313678046,7.0290361163062665,39.96638499072389,-6.761680354754772,10.737727322954166,-0.4910815541998407,-10.246645768754325
86,86,2020-07-07,99200.0,-2300.0,1379122,266391,424203,-157812,105792,414196,-308404,466216,,1006939,540723,73.0130474316268,22.30893511794873,39.20777132117391,-0.7586136695499803,33.80527611045288,-11.442932532437304,-22.36234357801558
87,87,2020-07-06,101500.0,2300.0,1189877,392810,271891,120919,209389,52631,156758,-277677,,587678,865355,49.38981087961193,-23.623236552014863,72.72642466406192,33.518653342888015,-23.33661378444999,10.16231089431933,13.17430289013066
88,88,2020-07-03,99200.0,200.0,569575,150757,221749,-70992,50284,70987,-20703,91695,,368534,276839,64.70333143133038,15.313520551718454,48.604485800816406,-24.121938863245525,16.09884563051398,-12.464030197954616,-3.6348154325593645
89,89,2020-07-02,99000.0,800.0,730963,311865,220826,91039,106154,122159,-16005,-75034,,312944,387978,42.812563700214646,-21.890767731115734,53.07765235723285,4.473166556416452,-10.265088657018207,12.454665968044894,-2.1895773110266865
90,90,2020-07-01,98200.0,500.0,640540,267532,197401,70131,91747,64641,27106,-97237,,281261,378498,43.90998220251663,1.0974185023019771,59.090454928653955,6.012802571421098,-15.180472726137321,10.948730758422581,4.231741967714741
91,91,2020-06-30,97700.0,0.0,988987,267166,247301,19865,147348,394970,-247622,227757,,574473,346716,58.087012266086404,14.177030063569779,35.05769034375578,-24.03276458489817,23.029321922330627,2.0086209424390815,-25.037942864769708
92,92,2020-06-29,97700.0,-2300.0,943424,132360,312298,-179938,81189,207201,-126012,305950,,729875,423925,77.36447238993284,19.27746012384643,44.93472712163353,9.877036777877755,32.4297452682993,-19.07286649481039,-13.356878773488909
93,93,2020-06-26,100000.0,600.0,670161,124147,215839,-91692,48985,127490,-78505,170197,,497029,326832,74.16561095020451,-3.198861439728333,48.76917636209807,3.8344492404645294,25.39643458810644,-13.682085349639863,-11.714349238466577
94,94,2020-06-25,99400.0,-3600.0,1084453,110787,393346,-282559,52205,305897,-253692,536251,,921461,385210,84.97011857590877,10.80450762570426,35.52113369597392,-13.248042666124151,49.44898487993486,-26.055439931467753,-23.393544948467106
95,95,2020-06-24,103000.0,4300.0,1813817,579162,361417,217745,426200,184107,242093,-459838,,808455,1268293,44.57202683622438,-40.39809173968439,69.92397799778037,34.40284430180645,-25.351951161555988,12.004794309459003,13.347156852096987
96,96,2020-06-23,98700.0,200.0,1095698,338959,373308,-34349,97195,127893,-30698,65047,,659544,594497,60.19395855427317,15.621931718048785,54.25737748905264,-15.666600508727731,5.936581065220526,-3.1348966594809884,-2.801684405739538
97,97,2020-06-22,98500.0,-1500.0,921187,133528,370191,-236663,112189,169351,-57162,293825,,675470,381645,73.32604563459971,13.132087080326526,41.42969885593261,-12.827678633120025,31.896346778667088,-25.691092036687447,-6.205254741979641
98,98,2020-06-19,100000.0,0.0,903928,204223,247912,-43689,211804,330513,-118709,162398,,487901,325503,53.9756485029781,-19.350397131621584,36.00983706666903,-5.419861789263584,17.965811436309085,-4.83323893053429,-13.132572505774796
99,99,2020-06-18,100000.0,-500.0,1155455,420282,395658,24624,196690,205951,-9261,-15363,,538483,553846,46.603545789321096,-7.372102713657021,47.9331518752353,11.923314808566268,-1.329606085914207,2.1311085243475514,-0.8015024384333445
100,100,2020-06-17,100500.0,-1000.0,1326645,199597,353220,-153623,238076,405466,-167390,321013,,888972,567959,67.00903406713928,20.405488277818197,42.81167908521119,-5.121472790024106,24.197354981928097,-11.57981223311436,-12.617542748813737
101,101,2020-06-16,101500.0,4500.0,1389765,326383,387353,-60970,214973,188094,26879,34091,,848409,814318,61.04693959050631,-5.962094476632969,58.593934945836175,15.78225586062498,2.453004644670142,-4.387072634582106,1.9340679899119635
102,102,2020-06-15,97000.0,-6500.0,2022775,336664,736351,-399687,235771,264396,-28625,428312,,1450340,1022028,71.70051043739417,10.65357084688786,50.526034778954646,-8.067900166881515,21.17447565843952,-19.759340509943023,-1.4151351484964962
103,103,2020-06-12,103500.0,-5000.0,1977558,238705,492970,-254265,280068,282851,-2783,257048,,1458785,1201737,73.76698938792188,2.066478950527696,60.76873598650457,10.242701207549914,12.998253401417303,-12.857524279945267,-0.14072912147203773
104,104,2020-06-11,108500.0,-3000.0,2376313,462098,981434,-519336,643139,623121,20018,499318,,1271076,771758,53.489418271077916,-20.277571116843944,32.477118965388826,-28.29161702111575,21.01229930568911,-21.854696750806816,0.8423974451177096
105,105,2020-06-10,111500.0,-500.0,1377837,377146,455365,-78219,223308,153272,70036,8183,,777383,769200,56.420534504444284,2.9311162333663603,55.826632613291714,23.34951364790289,0.593901891152582,-5.676941466951461,5.083039575798879
106,106,2020-06-09,112000.0,-1000.0,1504910,472751,557620,-84869,232290,225077,7213,77656,,799869,722213,53.150620302875254,-3.26991420156903,47.990444611305655,-7.836188001986045,5.160175691569595,-5.639473456884465,0.47929776531486934
107,107,2020-06-08,113000.0,2000.0,1640392,505324,551423,-46099,357523,114307,243216,-197117,,777545,974662,47.39995074348082,-5.750669559394424,59.41640778545615,11.425963174150493,-12.016457041975332,-2.8102429175465375,14.82669995952187
108,108,2020-06-05,111000.0,2500.0,2128094,930619,485326,445293,259742,308208,-48466,-396827,,937733,1334560,44.06445391979866,-3.3354968236821705,62.711515562752396,3.2951077772962387,-18.64706164295374,20.924498635868527,-2.2774369929147866
109,109,2020-06-04,108500.0,0.0,2823041,895712,817571,78141,425137,407631,17506,-95647,,1502192,1597839,53.21183787270535,9.147383952906699,56.59992185731628,-6.111593705436113,-3.388083984610921,2.7679725515853293,0.6201114330255919
110,110,2020-06-03,108500.0,6000.0,3118795,1133919,609113,524806,564919,328577,236342,-761148,,1419957,2181105,45.529026434889104,-7.682811437816246,69.93422138999196,13.33429953267568,-24.405194955102854,16.82720409645392,7.577990858648933
111,111,2020-06-02,102500.0,2500.0,2155405,676954,408969,267985,382504,121809,260695,-528680,,1095947,1624627,50.846453450743596,5.317427015854491,75.37455837765988,5.440336987667919,-24.52810492691629,12.433162213133958,12.094942713782329
112,112,2020-06-01,100000.0,2000.0,1908428,554888,357467,197421,262714,285892,-23178,-174243,,1090826,1265069,57.15835231929107,6.311898868547459,66.2885369529267,-9.086021424733175,-9.130184633635642,10.344692071170618,-1.2145074375349765
113,113,2020-05-29,98000.0,800.0,2010414,586361,425490,160871,629778,532901,96877,-257748,,794275,1052023,39.5080316790472,-17.650320640243866,52.32867459140257,-13.959862361524136,-12.820642912355366,8.001884189027733,4.818758723327633
114,114,2020-05-28,97200.0,-900.0,1602694,499344,521231,-21887,261052,255654,5398,16489,,842298,825809,52.55513529095386,13.047103611906655,51.52630508381512,-0.8023695075874429,1.02883020713873,-1.3656381068376122,0.33680789969888203
115,115,2020-05-27,98100.0,300.0,1620664,466025,385662,80363,178016,191330,-13314,-67049,,976623,1043672,60.26067093487607,7.705535643922211,64.39780238223345,12.87149729841834,-4.13713144735738,4.958646579426704,-0.8215151320693247
116,116,2020-05-26,97800.0,1800.0,2006216,593522,376363,217159,183243,245680,-62437,-154722,,1229451,1384173,61.28208527895301,1.0214143440769448,68.99421597674427,4.596413594510807,-7.712130697791265,10.824308050578802,-3.1121773527875365
117,117,2020-05-25,96000.0,1500.0,1185541,319419,367083,-47664,237234,51157,186077,-138413,,628888,767301,53.04649944624438,-8.235585832708638,64.72159123977998,-4.272624736964288,-11.675091793535609,-4.020442987631807,15.695534781167416
118,118,2020-05-22,94500.0,-2700.0,1619476,358081,631174,-273093,123526,158922,-35396,308489,,1137869,829380,70.26155373713472,17.215054290890354,51.212861444072026,-13.508729795707948,19.048692293062693,-16.86304705966621,-2.1856452333964813
119,119,2020-05-21,97200.0,-100.0,1471917,340399,359662,-19263,211152,329537,-118385,137648,,920366,782718,62.52838984806888,-7.733163889065857,53.17677559264551,1.96391414857348,9.35161425542337,-1.308701509663928,-8.042912745759441
120,120,2020-05-20,97300.0,-1800.0,1828158,353400,396201,-42801,91910,461846,-369936,412737,,1382848,970111,75.64160209347331,13.113212245404446,53.06494296444836,-0.111832628197142,22.576659129024954,-2.341209020226917,-20.235450108798037
121,121,2020-05-19,99100.0,7200.0,4564370,1692347,497151,1195196,742595,160824,581771,-1776967,,2129428,3906395,46.653273069448794,-28.988329024024523,85.58453850147994,32.51959553703157,-38.93126543203115,26.185344308195873,12.745921123835272
122,122,2020-05-18,91900.0,-400.0,741214,158858,201606,-42748,69073,161297,-92224,134972,,513283,378311,69.24896183828153,22.595688768832716,51.03937594271021,-34.54516255876973,18.20958589557132,-5.767295275048771,-12.442290620522549
123,123,2020-05-15,92300.0,0.0,822472,238497,214547,23950,148008,232864,-84856,60906,,435967,375061,53.00691087356165,-16.242050964719866,45.60167397795914,-5.437701964751078,7.405236895602525,2.9119532336663134,-10.317190129268837
124,124,2020-05-14,92300.0,-800.0,982612,299263,344369,-45106,108697,251949,-143252,188358,,574652,386294,58.482086520417006,5.475175646855355,39.312973991768885,-6.288699986190253,19.169112528648135,-4.590418191514046,-14.578694337134088
125,125,2020-05-13,93100.0,1200.0,966892,229046,242013,-12967,219409,254285,-34876,47843,,518437,470594,53.618915039115016,-4.8631714813019835,48.670792601448774,9.357818609679887,4.948122437666254,-1.3411011777944175,-3.607021259871837
126,126,2020-05-12,91900.0,-1800.0,1259874,207196,369176,-161980,136146,340326,-204180,366160,,916532,550372,72.74790971160607,19.12899467249106,43.68468592891035,-4.986106672538419,29.06322378269573,-12.856841239679524,-16.206382543016208
127,127,2020-05-11,93700.0,-800.0,1889278,326111,445815,-119704,395657,436536,-40879,160583,,1167510,1006927,61.79662283687208,-10.951286874734011,53.29692083430814,9.612234905397793,8.499702002563943,-6.335965379367145,-2.163736623196798
128,128,2020-05-08,94500.0,1900.0,1749677,521835,270372,251463,300648,199965,100683,-352146,,927194,1279340,52.99229514933327,-8.804327687538796,73.11863846870024,19.821717634392083,-20.126343319366946,14.371966940183817,5.754376379183129
129,129,2020-05-07,92600.0,-600.0,826239,207022,177569,29453,117552,249859,-132307,102854,,501665,398811,60.716693353860094,7.724398204526807,48.26823715656124,-24.850401312138988,12.448456197298844,3.5647070641787666,-16.01316326147761
130,130,2020-05-06,93200.0,1700.0,1039600,296031,239080,56951,139289,207885,-68596,11645,,604280,592635,58.12620238553289,-2.5904909683271877,57.006060023085794,8.73782286652456,1.120142362447095,5.478164678722585,-6.59830704116968
131,131,2020-05-04,91500.0,-2100.0,1264378,312619,382099,-69480,145235,456236,-311001,380481,,806524,426043,63.78820257865922,5.6620001931263255,33.695856777008146,-23.310203246077656,30.09234580165109,-5.495192102361794,-24.597153699289294
132,132,2020-04-29,93600.0,400.0,1193284,277685,200550,77135,290927,296230,-5303,-71832,,624672,696504,52.348979790225975,-11.439222788433256,58.36866998970908,24.67281321270093,-6.019690199483107,6.46409404634605,-0.44440384686294293
133,133,2020-04-28,93200.0,1600.0,1448692,447152,239137,208015,158931,222764,-63833,-144182,,842609,986791,58.16343294502904,5.8144531548030685,68.11599705113302,9.747327061423944,-9.952564106103988,14.358814710097109,-4.4062506039931195
134,134,2020-04-27,91600.0,1500.0,1219677,385444,141882,243562,106216,192846,-86630,-156932,,728017,884949,59.68932758427026,1.5258946392412227,72.55601278043284,4.44001572929983,-12.86668519616259,19.96938533726552,-7.102700141102932
135,135,2020-04-24,90100.0,-2300.0,2135488,266045,534896,-268851,482308,855983,-373675,642526,,1387135,744609,64.95634721431354,5.267019630043293,34.868329861839534,-37.68768291859331,30.088017352474,-12.589675053196272,-17.49834229927773
136,136,2020-04-23,92400.0,-200.0,3196313,492366,552658,-60292,446097,937937,-491840,552132,,2257850,1705718,70.63920210567612,5.682854891362581,53.365174186633155,18.496844324793614,17.27402791904297,-1.886298369402496,-15.387729549640476
137,137,2020-04-22,92600.0,-900.0,3115871,404470,479668,-75198,387808,989946,-602138,677336,,2323593,1646257,74.57282409958563,3.9336219939094974,52.83456856846768,-0.5306056181654668,21.738255531117943,-2.413386176770476,-19.324869354347467
138,138,2020-04-21,93500.0,-4100.0,3634142,362100,720340,-358240,402934,1249985,-847051,1205291,,2869108,1663817,78.94870371053194,4.375879610946328,45.782938586329315,-7.051629982138365,33.16576512420263,-9.857622514475219,-23.308142609727412
139,139,2020-04-20,97600.0,-2900.0,2142176,245801,602444,-356643,106265,720559,-614294,970937,,1790110,819173,83.56502920394962,4.616325493417662,38.240228627339675,-7.542709958989648,45.32480057660995,-16.648632045172757,-28.67616853143719
140,140,2020-04-17,100500.0,1400.0,1487879,245925,213079,32846,109847,431838,-321991,289145,,1132107,842962,76.08864699347194,-7.476382210477696,56.655279091915396,18.415050464575728,19.43336790155651,2.2075719867005312,-21.64093988825704
141,141,2020-04-16,99100.0,-900.0,1341452,256103,225843,30260,300793,558712,-257919,227659,,784556,556897,58.485581295491755,-17.603065697980174,41.51449325059711,-15.14078584131829,16.971088044894636,2.255764649051923,-19.226852693946558
142,142,2020-04-14,100000.0,2200.0,1582587,310345,240506,69839,471981,220386,251595,-321434,,800261,1121695,50.56663551514072,-7.918945780351037,70.87730405974521,29.3628108091481,-20.3106685446045,4.41296434256063,15.897704202043869
143,143,2020-04-13,97800.0,-1900.0,1339638,151241,318166,-166925,361233,197431,163802,3123,,827164,824041,61.745337173176644,11.178701658035926,61.51221449376622,-9.365089565978993,0.23312267941040787,-12.460455735056785,12.227333055646376
144,144,2020-04-10,99700.0,2600.0,2806785,420868,472876,-52008,339129,404017,-64888,116896,,2046788,1929892,72.92286370348994,11.177526530313301,68.7580986787374,7.245884184971188,4.164765024752519,-1.8529385043742217,-2.3118265203782977
145,145,2020-04-09,97100.0,7100.0,3787201,1084414,646510,437904,573300,329913,243387,-681291,,2129487,2810778,56.22851810611585,-16.694345597374102,74.21781943973926,5.459720761001861,-17.989301333623434,11.562734589476502,6.426566744146931
146,146,2020-04-08,90000.0,-400.0,1785939,400345,313823,86522,374454,522043,-147589,61067,,1011140,950073,56.616715352540034,0.3881972464241983,53.19739363998435,-21.020425799754925,3.419321712555692,4.844622352723134,-8.263944065278825
147,147,2020-04-07,90400.0,1600.0,2601711,581114,274164,306950,221411,983470,-762059,455109,,1799186,1344077,69.15395291790671,12.537237565366675,51.66127213975727,-1.5361215002270825,17.492680778149456,11.79800523578522,-29.290686013934675
148,148,2020-04-06,88800.0,2500.0,1688599,485901,154458,331443,228519,166994,61525,-392968,,974179,1367147,57.69155376735389,-11.462399150552821,80.96339036088497,29.3021182211277,-23.271836593531088,19.62828356525143,3.6435530282796567
149,149,2020-04-03,86300.0,-300.0,1170052,224638,269105,-44467,317224,316573,651,43816,,628190,584374,53.68906681070585,-4.002486956648035,49.94427598089658,-31.019114379988395,3.7447908298092734,-3.8004293826257296,0.05563855281645602
150,150,2020-04-02,86600.0,1200.0,1487243,266225,260329,5896,269566,327423,-57857,51961,,951452,899491,63.97421268750298,10.28514587679713,60.480432585663536,10.536156604766957,3.4937801018394437,0.3964382417668128,-3.8902183436062567
151,151,2020-04-01,85400.0,-3300.0,2139848,420097,458181,-38084,167542,578518,-410976,449060,,1552209,1103149,72.53828309300474,8.564070405501752,51.55268037729782,-8.927752208365717,20.98560271570691,-1.7797525805571237,-19.205850135149788
152,152,2020-03-31,88700.0,3300.0,2138183,395502,291500,104002,572009,332587,239422,-343424,,1170672,1514096,54.750786064616534,-17.787497028388195,70.81227378573303,19.259593408435208,-16.06148772111648,4.86403642719075,11.197451293925731
153,153,2020-03-30,85400.0,-1000.0,1743720,333603,258606,74997,239046,459202,-220156,145159,,1171071,1025912,67.15934897804694,12.408562913430394,58.83467529190466,-11.977598493828369,8.32467368614227,4.300977221113482,-12.625650907255752
154,154,2020-03-27,86400.0,1500.0,2513938,415575,296565,119010,298502,544799,-246297,127287,,1799861,1672574,71.59528198388345,4.4359330058365165,66.53203062287136,7.697355330966701,5.063251361012085,4.734006964372232,-9.797258325384318
155,155,2020-03-26,84900.0,400.0,3787074,582197,548166,34031,338511,612873,-274362,240331,,2866366,2626035,75.68814340570054,4.092861421817091,69.34205669073275,2.8100260678613864,6.346086714967809,0.8986093221310173,-7.2446960370988265
156,156,2020-03-25,84500.0,9700.0,4604452,795324,794797,527,527600,615405,-87805,87278,,3281528,3194250,71.2685896171792,-4.419553788521341,69.37307631831105,0.03101962757830279,1.895513298868139,0.01144544453932846,-1.9069587434074673
157,157,2020-03-24,74800.0,5900.0,2856282,749907,435482,314425,264348,967914,-703566,389141,,1842027,1452886,64.49037595027382,-6.778213666905388,50.86633602704495,-18.506740291266105,13.62403992322887,11.008191768179753,-24.63223169140862
158,158,2020-03-23,68900.0,-2200.0,2391540,552689,602345,-49656,216074,847042,-630968,680624,,1622777,942153,67.85489684471095,3.3645208944371348,39.395243232394186,-11.471092794650758,28.45965361231675,-2.0763190245615797,-26.38333458775517
159,159,2020-03-20,71100.0,5200.0,3349914,734388,699870,34518,509329,1325637,-816308,781790,,2106197,1324407,62.87316629620939,-4.98173054850156,39.53555225596836,0.14030902357417574,23.337614040241032,1.0304145121337442,-24.368028552374778
160,160,2020-03-19,65900.0,-7600.0,3138004,764317,700640,63677,450652,1006635,-555983,492306,,1923035,1430729,61.28210798966477,-1.5910583065446249,45.59360026309718,6.058048007128817,15.68850772656759,2.0292198480307864,-17.717727574598374
161,161,2020-03-18,73500.0,-6600.0,2679420,388191,697614,-309423,285713,734096,-448383,757806,,2005516,1247710,74.84888520649992,13.566777216835149,46.56642109113166,0.9728208280344788,28.282464115368253,-11.54813355129095,-16.7343305640773
162,162,2020-03-17,80100.0,-2800.0,2492208,434616,478939,-44323,686872,1063457,-376585,420908,,1370720,949812,55.00022470034603,-19.848660506153887,38.1112651913484,-8.455155899783263,16.888959508997644,-1.7784631138331952,-15.110496395164448
163,163,2020-03-16,82900.0,-4300.0,2674557,300287,394675,-94388,419983,1239020,-819037,913425,,1954287,1040862,73.06955880917849,18.069334108832454,38.91717394693776,0.805908755589364,34.15238486224074,-3.5291078111253564,-30.62327705111538
164,164,2020-03-13,87200.0,-7800.0,4835445,679729,1001701,-321972,1028640,2203912,-1175272,1497244,,3127076,1629832,64.66987009468622,-8.399688714492271,33.705936061727506,-5.211237885210245,30.963934032958704,-6.658580544293234,-24.30535348866547
165,165,2020-03-12,95000.0,-5000.0,2312355,723583,664238,59345,447135,910510,-463375,404030,,1141637,737607,49.37118219304562,-15.298687901640598,31.898519042275076,-1.8074170194524333,17.472663150770536,2.566431192442337,-20.03909434321287
166,166,2020-03-11,100000.0,-2000.0,2005654,566768,523579,43189,660634,978705,-318071,274882,,778252,503370,38.80290418985528,-10.568278003190336,25.097549228331506,-6.800969813943574,13.705354961523772,2.1533624443697668,-15.85871740589354
167,167,2020-03-10,102000.0,-2000.0,2491487,650449,581807,68642,871653,1514417,-642764,574122,,969385,395263,38.90788914411353,0.10498495425824927,15.864541938207983,-9.23300729012352,23.04334720590555,2.7550615355408237,-25.798408741446373
168,168,2020-03-09,104000.0,-6500.0,1658544,666726,692262,-25536,312412,553862,-241450,266986,,679406,412420,40.96400216093153,2.056113016817981,24.86638883261463,9.001846894406649,16.097613328316886,-1.539663705032848,-14.557949623284037
169,169,2020-03-06,110500.0,-3500.0,1746834,505205,541445,-36240,536675,984088,-447413,483653,,704954,221301,40.35609565648482,-0.6079065044466958,12.668690900222918,-12.197697932391716,27.6874047562619,-2.074610409460773,-25.612794346801127
170,170,2020-03-05,114000.0,1000.0,1135241,399499,360493,39006,267807,502253,-234446,195440,,467935,272495,41.21900107554254,0.8629054190577321,24.00327331377214,11.334582413549226,17.21572776177041,3.435922416473683,-20.65165017824409
171,171,2020-03-04,113000.0,500.0,1319901,356321,376701,-20380,386787,653525,-266738,287118,,576793,289675,43.69971687270485,2.4807157971622966,21.946721761707888,-2.0565515520642563,21.75299511099696,-1.5440551980792498,-20.20893991291771
172,172,2020-03-03,112500.0,-1000.0,1414986,534235,619094,-84859,298748,526830,-228082,312941,,582003,269062,41.131361016999456,-2.5683558557053843,19.015170468117702,-2.931551293590178,22.116190548881757,-5.997161809374792,-16.119028739506962
173,173,2020-03-02,113500.0,-1500.0,1183337,425596,545328,-119732,253401,430186,-176785,296517,,504340,207823,42.62014962770538,1.4887886107059174,17.56245262338624,-1.4527178447314668,25.05769700431914,-10.118165831035453,-14.939531173283688
174,174,2020-02-28,115000.0,-6000.0,1777353,884306,712883,171423,400171,717888,-317717,146294,,492876,346582,27.73090095214625,-14.889248675559127,19.49989675658128,1.9374441331950365,8.231004195564978,9.644848265932541,-17.87585246149752
175,175,2020-02-27,121000.0,-1500.0,779402,418285,320235,98050,200454,319941,-119487,21437,,160663,139226,20.613624291443948,-7.117276660702302,17.863182285906372,-1.636714470674903,2.750442005537579,12.580157608012296,-15.330599613549875
176,176,2020-02-26,122500.0,0.0,1001834,520204,291725,228479,276884,555983,-279099,50620,,204746,154126,20.437118324991964,-0.17650596645198746,15.3843850378406,-2.4787972480657725,5.052733287151365,22.8060736609059,-27.858806948057264
177,177,2020-02-25,122500.0,0.0,796176,285732,243460,42272,184201,419512,-235311,193039,,326243,133204,40.97624143405479,20.53912310906282,16.730471654508552,1.3460866166679484,24.24576977954623,5.309378830811278,-29.55514861035751
178,178,2020-02-24,122500.0,-5500.0,911932,373791,306434,67357,239330,328693,-89363,22006,,298811,276805,32.766807174219124,-8.209434259835652,30.35368865222407,13.623216997715518,2.413118521995061,7.386186689358417,-9.799305211353477
179,179,2020-02-21,128000.0,-2000.0,686417,189757,284220,-94463,272479,216044,56435,38028,,224181,186153,32.659593221030356,-0.10721395318876857,27.11952064124286,-3.2341680109812074,5.5400725797875054,-13.76175123867853,8.221678658891024
180,180,2020-02-20,130000.0,-1500.0,711858,251946,307916,-55970,222839,164466,58373,-2403,,237073,239476,33.303411635466624,0.6438184144362609,33.64097895928682,6.5214583180439565,-0.3375673238202001,-7.862523143660674,8.200090467480875
181,181,2020-02-19,131500.0,-1000.0,776121,271079,344893,-73814,287397,236672,50725,23089,,217645,194556,28.042663450673285,-5.260748184793338,25.067740725995048,-8.573238233291773,2.9749227246782395,-9.510630430048924,6.535707705370683
182,182,2020-02-18,132500.0,-3000.0,744150,181337,357959,-176622,262577,217909,44668,131954,,300236,168282,40.346166767452786,12.303503316779508,22.613989115097766,-2.453751610897285,17.732177652355038,-23.73473090102802,6.0025532486729825
183,183,2020-02-17,135500.0,2000.0,555451,175916,136767,39149,209499,225712,-16213,-22936,,170036,192972,30.61224122379832,-9.733925543654474,34.74149834998946,12.127509234891708,-4.129257126191149,7.0481464611639915,-2.918889334972842
184,184,2020-02-14,133500.0,500.0,591584,163148,151162,11986,235260,266576,-31316,19330,,193176,173846,32.65402715421647,2.0417859304181505,29.386528371287927,-5.354969978701536,3.2674987829285445,2.026085898198734,-5.293584681127278
185,185,2020-02-13,133000.0,-3000.0,1035208,282234,514840,-232606,332468,287122,45346,187260,,420506,233246,40.620435699878676,7.966408545662197,22.531317377763692,-6.855210993524239,18.089118322114977,-22.469494053368983,4.380375731254009
186,186,2020-02-12,136000.0,3500.0,1373302,448913,543777,-94864,514313,310474,203839,-108975,,410076,519051,29.860584197794804,-10.759851502083864,37.79583806038293,15.264520682619233,-7.935253862588127,-6.907730419092086,14.842984281680213
187,187,2020-02-11,132500.0,2500.0,949247,465141,309916,155225,80396,194799,-114403,-40822,,403710,444532,42.52949969818182,12.66891550038702,46.829961011201505,9.034122950818585,-4.300461313019688,16.35243514069573,-12.051973827676042
188,188,2020-02-10,130000.0,-1000.0,669628,189649,222811,-33162,219387,210945,8442,24720,,260592,235872,38.91593541488707,-3.6135642832947497,35.22433351054615,-11.60562750065536,3.6916019043409176,-4.952301875070935,1.2606999707300173
189,189,2020-02-07,131000.0,-1000.0,999598,335078,403082,-68004,301662,277865,23797,44207,,362858,318651,36.30039275788867,-2.6155426569983997,31.87791492179856,-3.3464185887475932,4.422477836090108,-6.803134860213806,2.3806570241236975
190,190,2020-02-06,132000.0,8000.0,1659774,625468,523077,102391,400984,354004,46980,-149371,,633322,782693,38.15712259620888,1.8567298383202056,47.1566008384274,15.278685916628842,-8.999478242218519,6.168972402266815,2.8305058399517042
191,191,2020-02-05,124000.0,0.0,1032267,193534,350383,-156849,567329,427188,140141,16708,,271404,254696,26.292034909572806,-11.865087686636064,24.67346142034958,-22.483139418077826,1.618573489223234,-15.194615346610906,13.576041857387672
192,192,2020-02-04,124000.0,500.0,1203992,311203,502867,-191664,567327,423459,143868,47796,,325462,277666,27.03190718875209,0.7398722791792736,23.06211336952405,-1.6113480508255265,3.969793819228035,-15.919042651446189,11.949248832218155
193,193,2020-02-03,123500.0,-1500.0,1270442,470480,458402,12078,403366,418278,-14912,2834,,396596,393762,31.21716693875045,4.185259749998366,30.994094968522766,7.931981598998713,0.22307197022768455,0.950692751026808,-1.1737647212544926
194,194,2020-01-31,125000.0,-2500.0,1035126,403713,511727,-108014,330547,197791,132756,-24742,,300866,325608,29.06564031818349,-2.151526620566962,31.45588073336,0.4617857648372308,-2.39024041517651,-10.434864934317176,12.825105349493684
195,195,2020-01-30,127500.0,-3500.0,1034661,476835,487636,-10801,253947,218168,35779,-24978,,303879,328857,29.369909564582024,0.3042692463985333,31.784033611008827,0.32815287764882584,-2.414124046426801,-1.0439167998020609,3.4580408462288617
196,196,2020-01-29,131000.0,0.0,1318578,415940,561483,-145543,583278,395910,187368,-41825,,319360,361185,24.220030972760053,-5.149878591821974,27.39200866387882,-4.392024947130008,-3.171977691118766,-11.03787565089058,14.209853342009346
197,197,2020-01-28,131000.0,500.0,1841752,606828,584186,22642,693316,632104,61212,-83854,,541608,625462,29.407216606796137,5.187185634036087,33.96016401773963,6.5681553538608135,-4.552947410943493,1.229372901454702,3.323574509488791
198,198,2020-01-23,130500.0,3500.0,2492785,757055,539212,217843,990111,835388,154723,-372566,,745619,1118185,29.911083386653882,0.503866779857745,44.856856888981596,10.896692871241967,-14.945773502327718,8.738940582521156,6.206832919806562
199,199,2020-01-22,127000.0,10000.0,2773421,1017139,757743,259396,847848,600072,247776,-507172,,908434,1415606,32.75499824945437,2.8439148628004913,51.04187211389832,6.185015224916725,-18.286873864443947,9.352925502475102,8.933948361968847
200,200,2020-01-21,117000.0,-1000.0,545156,189418,155537,33881,149926,279743,-129817,95936,,205812,109876,37.75286340056791,4.997865151113537,20.154964817410058,-30.88690729648826,17.59789858315785,6.2149182986154425,-23.81281688177329
201,201,2020-01-20,118000.0,-500.0,445922,166814,183366,-16552,62065,111907,-49842,66394,,217043,150649,48.67286207004813,10.919998669480217,33.78371105260561,13.628746235195552,14.889151017442513,-3.7118599216903405,-11.177291095752173
202,202,2020-01-17,118500.0,0.0,574301,233284,279932,-46648,123358,161432,-38074,84722,,217659,132937,37.89981211942866,-10.773049950619466,23.147617712662875,-10.63609333994274,14.75219440676579,-8.122569871896445,-6.629624534869346
203,203,2020-01-16,118500.0,3500.0,1638719,539889,436627,103262,616305,698762,-82457,-20805,,482525,503330,29.445255714982252,-8.45455640444641,30.714844949012004,7.567227236349133,-1.2695892340297512,6.301385411409766,-5.031796177380015
204,204,2020-01-15,115000.0,-1000.0,564142,241876,175571,66305,147024,318427,-171403,105098,,175242,70144,31.063455654781947,1.6181999397997018,12.43374894973251,-18.281095999279493,18.629706705049436,11.753246523038525,-30.382953228087963
205,205,2020-01-14,116000.0,1000.0,739959,228198,224025,4173,265796,369457,-103661,99488,,245965,146477,33.24035520886968,2.1768995540877287,19.795285955032643,7.361537005300129,13.445069253837037,0.5639501648064285,-14.009019418643465
206,206,2020-01-13,115000.0,1500.0,692917,154366,166452,-12086,310131,356678,-46547,58633,,228420,169787,32.96498714853294,-0.2753680603367385,24.50322332977832,4.707937374745672,8.461763818754628,-1.7442204477592553,-6.717543370995371
207,207,2020-01-10,113500.0,2000.0,896507,208126,243828,-35702,385562,483694,-98132,133834,,302819,168985,33.777650369712674,0.8126632211797329,18.84926721152205,-5.653956118256262,14.928383158190622,-3.9823448115854085,-10.946038346605214
208,208,2020-01-09,111500.0,-500.0,1375510,455592,793703,-338111,515600,442417,73183,264928,,404318,139390,29.394042936801625,-4.3836074329110515,10.133695865533511,-8.715571345988543,19.26034707126811,-24.580773676672653,5.320426605404541
209,209,2020-01-08,112000.0,-3500.0,1044825,332171,517507,-185336,339058,352245,-13187,198523,,373596,175073,35.756801378221226,6.3627584414196106,16.756203191922094,6.622507326388583,19.00059818629914,-17.738472950015552,-1.2621252362835882
210,210,2020-01-07,115500.0,-500.0,674196,217943,316208,-98265,228691,279274,-50583,148848,,227562,78714,33.75309257248634,-2.0037088057348957,11.675239841233113,-5.0809633506889815,22.077852731253227,-14.575138387056583,-7.502714344196643
211,211,2020-01-06,116000.0,0.0,334574,131448,175106,-43658,76751,86656,-9905,53563,,126375,72812,37.771912940037176,4.018820367550845,21.762599604272896,10.087359763039784,16.009313335764286,-13.048832246378977,-2.9604810893853077
212,212,2020-01-03,116000.0,-2000.0,1145187,379575,559345,-179770,199193,438035,-238842,418612,,566419,147807,49.460830414596046,11.688917474558867,12.906800374087375,-8.85579923018552,36.55403004050867,-15.697872923810696,-20.856157116697972
213,213,2020-01-02,118000.0,-2500.0,556532,216336,321975,-105639,45158,162832,-117674,223313,,295038,71725,53.013663185585024,3.552832770988971,12.88784831779664,-0.018952056290736152,40.12581486778838,-18.981657838183608,-21.144157029604767
214,214,2019-12-30,120500.0,0.0,467794,144435,106221,38214,188305,274329,-86024,47810,,135054,87244,28.87040021889977,-24.143262966685253,18.650089569340352,5.762241251543706,10.220310649559421,8.168980363151302,-18.38929101271072
215,215,2019-12-27,120500.0,-2000.0,422565,165762,235206,-69444,70239,112778,-42539,111983,,186564,74581,44.150367399098364,15.279967180198591,17.649592370404555,-1.0004971989357934,26.50077502869381,-16.433921408540698,-10.066853620153113
216,216,2019-12-26,122500.0,500.0,552469,202120,202026,94,36907,216611,-179704,179610,,313442,133832,56.73476701860195,12.584399619503586,24.224345619392214,6.574753248987662,32.51042139920973,0.017014529322007206,-32.52743592853174
217,217,2019-12-24,122000.0,-500.0,600726,364137,166889,197248,85942,330596,-244654,47406,,150647,103241,25.077489570952483,-31.657277447649463,17.186038227078573,-7.038307392313647,7.8914513438739124,32.83493639363037,-40.72638773750429
218,218,2019-12-23,122500.0,-1500.0,1462906,811526,323750,487776,366907,992488,-625581,137805,,284473,146668,19.445747026808284,-5.631742544144199,10.025797966513226,-7.160240260565343,9.419949060295057,33.342948897605176,-42.762897957900236
219,219,2019-12-20,124000.0,500.0,1001899,216206,202787,13419,631720,646594,-14874,1455,,153973,152518,15.368115947815099,-4.077631078993184,15.222891728607376,5.197093762094147,0.14522421920772452,1.339356561888973,-1.4845807810966973
220,220,2019-12-19,123500.0,500.0,905299,238402,311385,-72983,514430,503322,11108,61875,,152467,90592,16.841618073144893,1.4735021253297962,10.006859612128148,-5.2160321164792265,6.834758461016747,-8.061756392087034,1.2269979310702872
221,221,2019-12-18,123000.0,1000.0,1135407,387015,323681,63334,573648,559748,13900,-77234,,174744,251978,15.390428278141673,-1.451189795003225,22.192746741917208,12.18588712978907,-6.802318463775545,5.578087857481942,1.2242306062936021
222,222,2019-12-17,122000.0,3000.0,1904603,615182,369202,245980,1053011,1158190,-105179,-140801,,236410,377211,12.412560517861204,-2.977867760280469,19.805229751292003,-2.387516990625212,-7.392669233430799,12.915027436163863,-5.522358202733063
223,223,2019-12-16,119000.0,-2000.0,1015046,251938,228964,22974,411310,736487,-325177,302203,,351798,49595,34.65833075545345,22.245770237592243,4.885985462727797,-14.919244288564204,29.77234529272565,2.263345700588939,-32.03569099331459
224,224,2019-12-13,121000.0,1000.0,1058172,264822,229697,35125,518063,714253,-196190,161065,,275287,114222,26.015335881123296,-8.642994874330153,10.79427541080278,5.908289948074984,15.221060470320515,3.3194036508242517,-18.540464121144765
225,225,2019-12-12,120000.0,1000.0,5201616,853512,655913,197599,4209145,4464276,-255131,57532,,138959,81427,2.6714582545116747,-23.343877626611622,1.5654173626042367,-9.228858048198543,1.106040891907438,3.7988002190088617,-4.9048411109162995
226,226,2019-12-11,119000.0,-1000.0,1015977,271317,273476,-2159,607234,687691,-80457,82616,,137426,54810,13.526487312212774,10.855029057701099,5.394807165910252,3.829389803306016,8.131680146302525,-0.21250481064039836,-7.919175335662127
227,227,2019-12-10,120000.0,500.0,784383,147619,198174,-50555,533243,536305,-3062,53617,,103521,49904,13.197761807688336,-0.3287255045244404,6.362198058856452,0.9673908929461996,6.835563748831884,-6.44519322830811,-0.39037052052377474
228,228,2019-12-09,119500.0,1000.0,902113,261308,250701,10607,519770,544627,-24857,14250,,121035,106785,13.416833589583565,0.21907178189522905,11.837208864078006,5.475010805221553,1.579624725505563,1.1757950500657899,-2.755419775571353
229,229,2019-12-06,118500.0,500.0,1504634,278507,284615,-6108,1032502,1128011,-95509,101617,,193625,92008,12.868578006345727,-0.548255583237836,6.114975469117407,-5.722233394960598,6.753602537228323,-0.40594589780637685,-6.347656639421946
230,230,2019-12-05,118000.0,-4000.0,1560647,521525,476964,44561,562095,959534,-397439,352878,,477027,124149,30.565976803210464,17.697398796864732,7.954969957972558,1.8399944888551527,22.611006845237906,2.855290145689576,-25.466296990927482
231,231,2019-12-04,122000.0,500.0,1498918,499268,519745,-20477,840914,804342,36572,-16095,,158736,174831,10.590038948094561,-19.97593785511591,11.663813497469508,3.708843539496949,-1.073774549374949,-1.3661187603324532,2.4398933097074025
232,232,2019-12-03,121500.0,0.0,849994,345741,350645,-4904,427711,376235,51476,-46572,,76542,123114,9.005004741209937,-1.5850342068846217,14.4841022407217,2.820288743252192,-5.479097499511761,-0.5769452490252872,6.056042748537049
233,233,2019-12-02,121500.0,500.0,862135,327772,408274,-80502,336223,333064,3159,77343,,198140,120797,22.98247954206708,13.977474800857141,14.011378728389404,-0.4727235123322942,8.971100813677673,-9.33751674621724,0.36641593253956745
234,234,2019-11-29,121000.0,-3000.0,1016506,286561,313094,-26533,398969,620633,-221664,248197,,330976,82779,32.560161966579635,9.577682424512556,8.143483658729018,-5.867895069660388,24.416678307850617,-2.610215778362351,-21.806462529488268
235,235,2019-11-28,124000.0,500.0,742295,228132,188033,40099,424341,393124,31217,-71316,,89822,161138,12.10057995810291,-20.459582008476726,21.70808101900188,13.564597360272865,-9.607501060898969,5.402030190153511,4.205470870745458
236,236,2019-11-27,123500.0,1000.0,697261,215352,205193,10159,393622,372981,20641,-30800,,88287,119087,12.661973063171466,0.5613931050685554,17.079257265213457,-4.628823753788423,-4.41728420204199,1.456986695082616,2.9602975069593738
237,237,2019-11-26,122500.0,-2500.0,1854318,433362,328549,104813,1064778,1389405,-324627,219814,,356178,136364,19.208032279253075,6.546059216081608,7.353862713946585,-9.725394551266874,11.85416956530649,5.652374619671491,-17.50654418497798
238,238,2019-11-25,125000.0,1500.0,640837,187642,226310,-38668,356579,288654,67925,-29257,,96616,125873,15.076532722049446,-4.131499557203629,19.6419682384132,12.28810552446662,-4.565435516363755,-6.0339836807175615,10.599419197081318
239,239,2019-11-22,123500.0,-1000.0,707333,275545,137672,137873,295093,426284,-131191,-6682,,136695,143377,19.325409672671853,4.248876950622407,20.27008495291468,0.628116714501477,-0.9446752802428277,19.491950750212418,-18.54727546996959
240,240,2019-11-21,124500.0,0.0,724349,293145,303393,-10248,299421,308823,-9402,19650,,131783,112133,18.193301847590046,-1.1321078250818104,15.480521130007773,-4.789563822906906,2.7127807175822705,-1.4147876230932879,-1.2979930944889826
241,241,2019-11-20,124500.0,-500.0,593391,215633,211131,4502,254867,316717,-61850,57348,,122891,65543,20.709953470814355,2.516651623224313,11.045499510440841,-4.435021619566934,9.664453960373514,0.7586903070656617,-10.423144267439175
242,242,2019-11-19,125000.0,-1000.0,537780,192009,183643,8366,228217,236119,-7902,-464,,117554,118018,21.859124549072114,1.1491710782577584,21.945405184276094,10.899905673835258,-0.08628063520398677,1.5556547286994682,-1.4693740934954813
243,243,2019-11-18,126000.0,500.0,596279,153757,159573,-5816,271261,321420,-50159,55975,,171261,115286,28.721621925306774,6.862497376234664,19.33423783161909,-2.611167352657006,9.387384093687686,-0.975382329412909,-8.412001764274777
244,244,2019-11-15,125500.0,1000.0,469109,269053,118041,151012,85835,192430,-106595,-44417,,114221,158638,24.348498962927593,-4.373122962379185,33.81687411667651,14.482636285057414,-9.468375153748916,32.19123913632013,-22.722863982571216
245,245,2019-11-14,124500.0,0.0,540352,360487,378151,-17664,85384,101162,-15778,33442,,94481,61039,17.485083797228473,-6.863415165699119,11.296155098898494,-22.52071901777801,6.188928698329978,-3.268980220300841,-2.9199484780291365
246,246,2019-11-13,124500.0,-1000.0,528121,308939,208379,100560,92908,203559,-110651,10091,,126274,116183,23.91005091636197,6.424967119133495,21.999314551021453,10.703159452122957,1.9107363653405185,19.041090962109063,-20.951827327449582
247,247,2019-11-12,125500.0,2000.0,598855,217716,138395,79321,232988,265354,-32366,-46955,,148151,195106,24.739043675013146,0.8289927586511823,32.57983986106821,10.580525310046756,-7.840796186055055,13.245443387798382,-5.404647201743327
248,248,2019-11-11,123500.0,-500.0,370258,191115,156863,34252,72750,132478,-59728,25476,,106393,80917,28.734828146859762,3.995784471846609,21.854220570521093,-10.725619290547113,6.880607576338661,9.25084670689087,-16.13145428322953
249,249,합계,,,475096862,129220411,128791761,428650,83234473,108712269,-25477796,25049146,,262641978,237592832,55.28177494045414,26.54694679359439,50.0093456731777,28.1551251026566,5.272429267276449,0.09022370684485809,-5.362652974121307
