,날짜,종가,대비,거래량,기관 매수,기관 매도,기관 순매수,외국인 매수,외국인 매도,외국인 순매수,개인 순매수,개인 매수,개인 매도,개인매수비율(%),개인매수비율증가(%p),개인매도비율(%),개인매도비율증가(%p)
0,2020-11-11,692000.0,-10000.0,528736,148378,162920,-14542,181923,172537,9386,5156,198435,193279,37.530071718210976,,36.55491587484113,
1,2020-11-10,702000.0,-32000.0,563688,136629,191701,-55072,108232,156277,-48045,103117,318827,215710,56.560898937000616,19.03082721878964,38.26762322419495,1.7127073493538205
2,2020-11-09,734000.0,14000.0,601476,202293,159584,42709,138896,135442,3454,-46163,260287,306450,43.27471087790701,-13.286188059093604,50.94966382698561,12.682040602790664
3,2020-11-06,720000.0,43000.0,1268197,321295,224882,96413,609680,90228,519452,-615865,337222,953087,26.590663753344312,-16.6840471245627,75.15291394002666,24.20325011304105
4,2020-11-05,677000.0,27000.0,446583,165063,103703,61360,169737,24753,144984,-206344,111783,318127,25.030733368713094,-1.559930384631219,71.23580610995045,-3.917107830076219
5,2020-11-04,650000.0,-6000.0,472730,151251,163877,-12626,126449,108444,18005,-5379,195030,200409,41.256108137837664,16.22537476912457,42.39396695788293,-28.841839152067514
6,2020-11-03,656000.0,33000.0,638480,202196,162437,39759,295527,40032,255495,-295254,140757,436011,22.045639644154868,-19.210468493682797,68.28890489913545,25.894937941252515
7,2020-11-02,623000.0,12000.0,505856,127849,178817,-50968,162117,50512,111605,-60637,215890,276527,42.67815346659919,20.632513822444324,54.6651616270243,-13.623743272111149
8,2020-10-30,611000.0,-40000.0,820454,178619,244331,-65712,215036,239175,-24139,89851,426799,336948,52.01985729852009,9.341703831920896,41.06848159677447,-13.596680030249829
9,2020-10-29,651000.0,9000.0,386081,114444,106926,7518,166170,66682,99488,-107006,105467,212473,27.31732460286831,-24.702532695651776,55.033270220497776,13.964788623723308
10,2020-10-28,642000.0,10000.0,368105,67140,147413,-80273,116267,47214,69053,11220,184698,173478,50.17535757460507,22.858032971736762,47.12731421741079,-7.905956003086985
11,2020-10-27,632000.0,-14000.0,261388,79605,111873,-32268,91972,64380,27592,4676,89811,85135,34.359266684009974,-15.816090890595099,32.570355180804015,-14.556959036606777
12,2020-10-26,646000.0,-4000.0,264208,70121,96175,-26054,118585,59067,59518,-33464,75502,108966,28.5767274268758,-5.782539257134175,41.24250590443893,8.672150723634914
13,2020-10-23,650000.0,11000.0,405718,75575,111552,-35977,235942,97555,138387,-102410,94201,196611,23.218343775725998,-5.358383651149801,48.46001409846248,7.2175081940235515
14,2020-10-22,639000.0,22000.0,512433,138062,151005,-12943,235893,85939,149954,-137011,138478,275489,27.023630406316535,3.805286630590537,53.7609794841472,5.300965385684719
15,2020-10-21,617000.0,-4000.0,241633,77692,96043,-18351,69057,62129,6928,11423,94884,83461,39.26781524046798,12.244184834151447,34.540398041658214,-19.220581442488985
16,2020-10-20,621000.0,6000.0,483397,134985,111947,23038,157477,200186,-42709,19671,190935,171264,39.498590185706576,0.23077494523859343,35.4292641452057,0.8888661035474854
17,2020-10-19,615000.0,-25000.0,473127,133432,214821,-81389,83377,81642,1735,79654,256318,176664,54.17530599606448,14.676715810357905,37.339657216772665,1.9103930715669648
18,2020-10-16,640000.0,3000.0,310579,120916,131585,-10669,88304,37098,51206,-40537,101359,141896,32.63549692670786,-21.53980906935662,45.687570634202565,8.3479134174299
19,2020-10-15,637000.0,9000.0,531454,122247,153518,-31271,228829,87157,141672,-110401,180378,290779,33.94047274082047,1.304975814112609,54.713860465816424,9.026289831613859
20,2020-10-14,628000.0,-16000.0,725349,121300,239154,-117854,223257,204570,18687,99167,380792,281625,52.49776314574088,18.557290404920415,38.82613748692009,-15.887722978896335
21,2020-10-13,644000.0,-28000.0,678451,97242,272663,-175421,72841,86769,-13928,189349,508368,319019,74.93068769889057,22.432924553149682,47.02167142505502,8.195533938134929
22,2020-10-12,672000.0,-20000.0,551057,121110,173640,-52530,110527,100553,9974,42556,319420,276864,57.964965511734725,-16.96572218715584,50.24235242452233,3.2206809994673122
23,2020-10-08,692000.0,12000.0,564700,147943,205330,-57387,208328,46842,161486,-104099,208429,312528,36.90968655923499,-21.055278952499734,55.34407650079688,5.10172407627455
24,2020-10-07,680000.0,6000.0,294545,88454,67497,20957,106472,52657,53815,-74772,99619,174391,33.82131762549016,-3.0883689337448317,59.20691235634623,3.862835855549349
25,2020-10-06,674000.0,15000.0,451956,118834,90130,28704,189229,50548,138681,-167385,143893,311278,31.837833771429075,-1.9834838540610846,68.8735186611086,9.666606304762375
26,2020-10-05,659000.0,5000.0,443499,102090,86707,15383,207919,136862,71057,-86440,133490,219930,30.099278690594566,-1.7385550808345087,49.5897397739341,-19.283778887174506
27,2020-09-29,654000.0,28000.0,677451,138300,156793,-18493,285222,111707,173515,-155022,253929,408951,37.48300615099838,7.3837274604038114,60.36613718187736,10.776397407943264
28,2020-09-28,626000.0,-1000.0,367111,74058,66273,7785,105959,98250,7709,-15494,187094,202588,50.963877410374515,13.480871259376137,55.184399268885976,-5.181737912991387
29,2020-09-25,627000.0,16000.0,493489,119405,101472,17933,171182,94592,76590,-94523,202902,297425,41.11581007884674,-9.848067331527773,60.269833775423564,5.085434506537588
30,2020-09-24,611000.0,-19000.0,872924,192739,199289,-6550,311505,192445,119060,-112510,368680,481190,42.235062846250074,1.1192527674033315,55.123928314492446,-5.145905460931118
31,2020-09-23,630000.0,-9000.0,1271568,265729,343801,-78072,232207,236873,-4666,82738,773632,690894,60.84078869553181,18.60572584928174,54.334019100826694,-0.7899092136657515
32,2020-09-22,639000.0,12000.0,1209481,242816,217989,24827,309595,160219,149376,-174203,657070,831273,54.32660785907344,-6.514180836458372,68.72972787501416,14.395708774187469
33,2020-09-21,627000.0,-39000.0,1239438,212299,192269,20030,241380,186032,55348,-75378,785759,861137,63.396394172197404,9.069786313123963,69.47802149038516,0.7482936153709971
34,2020-09-18,666000.0,21000.0,1775061,324412,357011,-32599,436756,230785,205971,-173372,1013893,1187265,57.118769439472786,-6.277624732724618,66.88587040107355,-2.5921510893116135
35,2020-09-17,645000.0,-42000.0,3408145,495678,440274,55404,442057,280300,161757,-217161,2470410,2687571,72.48547230238151,15.366702862908724,78.8572962711387,11.971425870065147
36,2020-09-16,687000.0,-39000.0,958233,120106,179267,-59161,115534,71987,43547,15614,722593,706979,75.40890368000267,2.9234313776211565,73.77944612635966,-5.077850144779035
37,2020-09-15,726000.0,14000.0,435166,84088,78153,5935,90947,80226,10721,-16656,260131,276787,59.77741827256725,-15.631485407435413,63.60492317874099,-10.17452294761867
38,2020-09-14,712000.0,7000.0,327850,72987,84281,-11294,34648,32483,2165,9129,220215,211086,67.16943724264145,7.392018970074197,64.38493213359769,0.7800089548566973
39,2020-09-11,705000.0,-8000.0,361882,46775,100875,-54100,52708,91682,-38974,93074,262399,169325,72.50954731100194,5.340110068360488,46.79011390453242,-17.594818229065268
40,2020-09-10,713000.0,14000.0,541097,121607,180479,-58872,119674,137712,-18038,76910,299816,222906,55.40891928803893,-17.100628022963008,41.19520159971318,-5.594912304819239
41,2020-09-09,699000.0,-10000.0,575376,82783,130256,-47473,141384,169847,-28463,75936,351209,275273,61.039911292789405,5.630992004750475,47.84228052612553,6.647078926412348
42,2020-09-08,709000.0,-11000.0,811834,182172,182446,-274,113947,173515,-59568,59842,515715,455873,63.524686081144665,2.48477478835526,56.15347472512854,8.311194199003012
43,2020-09-07,720000.0,-23000.0,635302,71913,142695,-70782,48175,172131,-123956,194738,515214,320476,81.09749379035482,17.572807709210153,50.444670408719006,-5.708804316409534
44,2020-09-04,743000.0,-25000.0,773517,70076,217577,-147501,86359,207135,-120776,268277,617082,348805,79.77613937379527,-1.3213544165595437,45.093385148613415,-5.351285260105591
45,2020-09-03,768000.0,26000.0,690256,138893,169065,-30172,169325,75023,94302,-64130,382038,446168,55.347291439697734,-24.42884793409754,64.63804733316336,19.544662184549942
46,2020-09-02,742000.0,-1000.0,462821,96248,152798,-56550,81220,100809,-19589,76139,285353,209214,61.65515393640306,6.307862496705326,45.20408538074115,-19.43396195242221
47,2020-09-01,743000.0,3000.0,645681,173694,187928,-14234,92577,130562,-37985,52219,379410,327191,58.761214903334626,-2.8939390330684347,50.67378473270857,5.469699351967421
48,2020-08-31,740000.0,-19000.0,835300,221416,210201,11215,84549,237785,-153236,142021,529335,387314,63.37064527714593,4.609430373811307,46.368250927810365,-4.305533804898204
49,2020-08-28,759000.0,-3000.0,496857,139141,132315,6826,36799,64995,-28196,21370,320917,299547,64.58940902513199,1.2187637479860527,60.28837271086047,13.920121783050107
50,2020-08-27,762000.0,5000.0,1060767,241647,256253,-14606,111765,128262,-16497,31103,707355,676252,66.68335270610794,2.093943680975954,63.75122906349839,3.462856352637921
51,2020-08-26,757000.0,44000.0,1094918,295349,197331,98018,204587,91406,113181,-211199,594982,806181,54.34032502890628,-12.343027677201661,73.62934941246742,9.878120348969027
52,2020-08-25,713000.0,11000.0,450237,160322,136596,23726,89514,42775,46739,-70465,200401,270866,44.510113562412684,-9.830211466493594,60.16075977762823,-13.46858963483919
53,2020-08-24,702000.0,3000.0,574924,178855,173763,5092,83304,83294,10,-5102,312765,317867,54.40110345019515,9.890989887782467,55.288525092012165,-4.872234685616064
54,2020-08-21,699000.0,32000.0,1078744,270232,187012,83220,146557,118469,28088,-111308,661955,773263,61.36349309938225,6.962389649187095,71.681789191875,16.393264099862833
55,2020-08-20,667000.0,-16000.0,841507,224754,209145,15609,136797,149212,-12415,-3194,479956,483150,57.035295012400375,-4.328198086981871,57.41485216403429,-14.266937027840704
56,2020-08-19,683000.0,-7000.0,746732,154318,153696,622,94281,227851,-133570,132948,498133,365185,66.70840408607104,9.673109073670666,48.90442621984862,-8.510425944185677
57,2020-08-18,690000.0,-10000.0,1051815,219844,159121,60723,239173,235321,3852,-64575,592798,657373,56.35953090610041,-10.348873179970631,62.49891853605435,13.59449231620573
58,2020-08-14,700000.0,-37000.0,1160403,104273,209824,-105551,136125,383001,-246876,352427,920005,567578,79.28323177378893,22.923700867688517,48.91214517714966,-13.586773358904686
59,2020-08-13,737000.0,-4000.0,970866,215759,192156,23603,130173,229982,-99809,76206,624934,548728,64.36871823712026,-14.914513536668665,56.51943728588703,7.607292108737369
60,2020-08-12,741000.0,-17000.0,673527,128204,116975,11229,52430,180188,-127758,116529,492893,376364,73.18088213241637,8.81216389529611,55.87957127182727,-0.6398660140597627
61,2020-08-11,758000.0,38000.0,1087515,147562,204995,-57433,249266,160569,88697,-31264,690687,721951,63.51057226796871,-9.67030986444766,66.38538319011693,10.505811918289659
62,2020-08-10,720000.0,-26000.0,1035305,132286,168907,-36621,75115,332631,-257516,294137,827904,533767,79.9671594361082,16.456587168139492,51.55649784363062,-14.828885346486302
63,2020-08-07,746000.0,66000.0,1399982,168860,276019,-107159,246307,215649,30658,76501,984815,908314,70.34483300499578,-9.622326431112427,64.88040560521492,13.323907761584294
64,2020-08-06,680000.0,10000.0,634951,131940,128434,3506,111847,145494,-33647,30141,391164,361023,61.60538372252346,-8.739449282472314,56.85840324686472,-8.0220023583502
65,2020-08-05,670000.0,28000.0,917661,130779,186843,-56064,150317,134545,15772,40292,636565,596273,69.36820895733827,7.762825234814805,64.97748079083671,8.11907754397199
66,2020-08-04,642000.0,7000.0,894736,106629,217718,-111089,195188,169574,25614,85475,592919,507444,66.26748001645178,-3.1007289408864835,56.714382790007335,-8.263098000829373
67,2020-08-03,635000.0,67000.0,1715295,219341,381086,-161745,377992,220582,157410,4335,1117962,1113627,65.17607758432223,-1.0914024321295557,64.92335137687687,8.208968586869531
68,2020-07-31,568000.0,38000.0,1376453,320608,179621,140987,376914,114345,262569,-403556,678931,1082487,49.32467726831211,-15.851400316010121,78.64322283434305,13.719871457466184
69,2020-07-30,530000.0,3000.0,244581,73018,72624,394,32002,64819,-32817,32423,139561,107138,57.06125986891868,7.7365826006065745,43.80471091376681,-34.83851192057624
70,2020-07-29,527000.0,-1000.0,315710,86173,118268,-32095,63261,44626,18635,13460,166276,152816,52.66732127585443,-4.393938593064256,48.40391498527129,4.599204071504481
71,2020-07-28,528000.0,11000.0,372041,101056,119565,-18509,119395,16596,102799,-84290,151590,235880,40.74550923150943,-11.921812044344996,63.40161433820466,14.997699352933367
72,2020-07-27,517000.0,1000.0,257568,81154,39612,41542,46205,103071,-56866,15324,130209,114885,50.55325195676481,9.80774272525538,44.603755124860236,-18.797859213344424
73,2020-07-24,516000.0,-16000.0,406633,43210,107090,-63880,75539,134783,-59244,123124,287884,164760,70.79700860481073,20.243756648045917,40.51810846635664,-4.085646658503599
74,2020-07-23,532000.0,5000.0,270382,93640,87850,5790,27933,16050,11883,-17673,148809,166482,55.03657787870494,-15.760430726105788,61.57288576902309,21.05477730266645
75,2020-07-22,527000.0,-4000.0,332150,53279,92878,-39599,85787,80625,5162,34437,193084,158647,58.13156706307391,3.09498918436897,47.76366099653771,-13.80922477248538
76,2020-07-21,531000.0,20000.0,489307,97749,100068,-2319,167395,38503,128892,-126573,224163,350736,45.81234276231487,-12.31922430075904,71.68015172478628,23.916490728248576
77,2020-07-20,511000.0,-5000.0,318383,54126,101779,-47653,83117,66954,16163,31490,181140,149650,56.89374118593016,11.08139842361529,47.00313773034364,-24.677013994442646
78,2020-07-17,516000.0,-7000.0,540426,94165,95016,-851,115857,191036,-75179,76030,330404,254374,61.13769507758694,4.24395389165678,47.06916395584224,0.06602622549860371
79,2020-07-16,523000.0,-21000.0,504937,68145,131202,-63057,43538,127567,-84029,147086,393254,246168,77.88179515464306,16.744100077056117,48.75222057405181,1.6830566182095694
80,2020-07-15,544000.0,10000.0,341645,77572,74455,3117,112574,43157,69417,-72534,151499,224033,44.34398278915248,-33.53781236549058,65.57479254782011,16.822571973768298
81,2020-07-14,534000.0,-13000.0,441154,61689,117746,-56057,43625,151126,-107501,163558,335840,172282,76.12761076630836,31.783627977155888,39.05257574452459,-26.52221680329552
82,2020-07-13,547000.0,18000.0,368579,81819,77794,4025,72309,58718,13591,-17616,214451,232067,58.18318460899834,-17.944426157310026,62.96262131049246,23.91004556596787
83,2020-07-10,529000.0,-10000.0,470969,86358,101589,-15231,44145,164254,-120109,135340,340466,205126,72.29053292254905,14.107348313550709,43.55403434196306,-19.4085869685294
84,2020-07-09,539000.0,26000.0,819218,252761,237227,15534,165078,63786,101292,-116826,401379,518205,48.99538340222016,-23.295149520328884,63.25605638547981,19.70202204351675
85,2020-07-08,513000.0,-3000.0,358194,79736,118736,-39000,68134,122354,-54220,93220,210324,117104,58.71790147238647,9.72251807016631,32.692898261835765,-30.563158123644044
86,2020-07-07,516000.0,7000.0,630054,201656,127678,73978,118996,104029,14967,-88945,309402,398347,49.1072193811959,-9.610682091190576,63.2242633171125,30.531365055276737
87,2020-07-06,509000.0,2000.0,317805,94215,48850,45365,39142,74780,-35638,-9727,184448,194175,58.03810512735797,8.930885746162076,61.09878699202341,-2.125476325089089
88,2020-07-03,507000.0,11000.0,443404,110407,87277,23130,87798,34835,52963,-76093,245199,321292,55.29923049859722,-2.7388746287607546,72.46032963166773,11.36154263964432
89,2020-07-02,496000.0,4500.0,362498,115682,62898,52784,95568,173385,-77817,25033,151248,126215,41.72381640726294,-13.575414091334281,34.818123134472465,-37.64220649719527
90,2020-07-01,491500.0,1000.0,357203,129303,96592,32711,41205,46316,-5111,-27600,186695,214295,52.26579843954278,10.54198203227984,59.992497263460834,25.17437412898837
91,2020-06-30,490500.0,1000.0,443059,147789,127882,19907,54858,101988,-47130,27223,240412,213189,54.26184774488274,1.996049305339966,48.117519337153745,-11.87497792630709
92,2020-06-29,489500.0,-11500.0,454763,115464,195437,-79973,75301,52734,22567,57406,263998,206592,58.05177641980548,3.7899286749227343,45.42849792089506,-2.689021416258683
93,2020-06-26,501000.0,2000.0,473636,97524,142673,-45149,83125,58910,24215,20934,292987,272053,61.85910699355623,3.807330573750754,57.43925715106115,12.010759230166087
94,2020-06-25,499000.0,-17000.0,551096,59444,198756,-139312,53080,81928,-28848,168160,438572,270412,79.58177885522667,17.72267186167044,49.06803896235864,-8.371218188702507
95,2020-06-24,516000.0,12000.0,391402,85128,60059,25069,75442,74570,872,-25941,230832,256773,58.97568229084163,-20.60609656438504,65.60339497498735,16.53535601262871
96,2020-06-23,504000.0,-2000.0,516968,109148,89170,19978,61514,132445,-70931,50953,346306,295353,66.98789867071075,8.012216379869116,57.13177604803392,-8.471618926953433
97,2020-06-22,506000.0,-6000.0,509229,97084,77867,19217,43405,142244,-98839,79622,368740,289118,72.41142982823052,5.4235311575197755,56.7756353232043,-0.356140724829622
98,2020-06-19,512000.0,21000.0,738862,147396,120519,26877,171650,121574,50076,-76953,419816,496769,56.819270716317796,-15.592159111912729,67.23434146024562,10.458706137041318
99,2020-06-18,491000.0,-500.0,509457,145248,137348,7900,127719,153436,-25717,17817,236490,218673,46.42001189501764,-10.399258821300158,42.92275893745694,-24.311582522788676
100,2020-06-17,491500.0,4000.0,1390544,293763,307668,-13905,325451,359851,-34400,48305,771330,723025,55.46965791805222,9.049646023034583,51.99583760024854,9.073078662791602
101,2020-06-16,487500.0,59500.0,1156149,318395,212419,105976,305418,94225,211193,-317169,532336,849505,46.04389226648122,-9.425765651570998,73.47712102851796,21.481283428269414
102,2020-06-15,428000.0,-34000.0,851192,205169,250342,-45173,148389,138298,10091,35082,497634,462552,58.46319044351921,12.419298177037987,54.34167614357278,-19.135444884945173
103,2020-06-12,462000.0,-1000.0,1007453,273814,226302,47512,124902,222487,-97585,50073,608737,558664,60.42336466316542,1.9601742196462126,55.453107986179006,1.1114318426062226
104,2020-06-11,463000.0,23000.0,1250374,389222,401427,-12205,334237,149313,184924,-172719,526915,699634,42.140591535012724,-18.282773128152698,55.95397856961198,0.5008705834329703
105,2020-06-10,440000.0,7500.0,535589,189730,121506,68224,172588,146903,25685,-93909,173271,267180,32.351485934177134,-9.78910560083559,49.885266500992365,-6.068712068619611
106,2020-06-09,432500.0,-1500.0,609988,190042,154118,35924,76853,199047,-122194,86270,343093,256823,56.245860574306384,23.89437464012925,42.10295940248005,-7.782307098512312
107,2020-06-08,434000.0,0.0,684281,150807,198137,-47330,178955,152995,25960,21370,354519,333149,51.808979059772234,-4.43688151453415,48.685993035025085,6.583033632545032
108,2020-06-05,434000.0,16500.0,865564,262623,146545,116078,200705,97589,103116,-219194,402236,621430,46.470971528390734,-5.3380075313815,71.79480662319597,23.108813588170882
109,2020-06-04,417500.0,17000.0,966577,378724,233936,144788,156307,82440,73867,-218655,431546,650201,44.646831033637255,-1.824140494753479,67.2684121389191,-4.526394484276864
110,2020-06-03,400500.0,5500.0,474692,198332,145251,53081,99514,32156,67358,-120439,176846,297285,37.25489369949357,-7.391937334143684,62.62692440571992,-4.641487733199185
111,2020-06-02,395000.0,-1000.0,390982,143811,138712,5099,69863,79393,-9530,4431,177308,172877,45.3494022742735,8.09450857477993,44.216102020041845,-18.410822385678074
112,2020-06-01,396000.0,5500.0,401656,183485,153939,29546,56742,35776,20966,-50512,161429,211941,40.19085984026132,-5.158542434012183,52.76679546676758,8.550693446725738
113,2020-05-29,390500.0,2000.0,526505,186242,173673,12569,165054,158809,6245,-18814,175209,194023,33.2777466500793,-6.913113190182017,36.85112202163322,-15.91567344513436
114,2020-05-28,388500.0,-7000.0,842769,252506,263832,-11326,136097,234961,-98864,110190,454166,343976,53.88973728269549,20.61199063261619,40.814980142838664,3.9638581212054405
115,2020-05-27,395500.0,-18500.0,622426,156679,169702,-13023,73267,153365,-80098,93121,392480,299359,63.05649185605999,9.1667545733645,48.095516575464394,7.2805364326257305
116,2020-05-26,414000.0,24500.0,958956,308396,185932,122464,191733,42304,149429,-271893,458827,730720,47.84651224873716,-15.209979607322829,76.1995336595214,28.104017084057013
117,2020-05-25,389500.0,12500.0,505854,206717,130407,76310,63036,25454,37582,-113892,236101,349993,46.67374380750177,-1.172768441235391,69.18854056704107,-7.010993092480334
118,2020-05-22,377000.0,-500.0,504011,164330,107981,56349,67345,99459,-32114,-24235,272336,296571,54.03374132707421,7.359997519572438,58.84216812728293,-10.346372439758142
119,2020-05-21,377500.0,15000.0,1033430,276849,147097,129752,270162,74433,195729,-325481,486419,811900,47.06840327840299,-6.965338048671221,78.56361824216445,19.72145011488152
120,2020-05-20,362500.0,5500.0,358098,111514,70124,41390,79196,40014,39182,-80572,167388,247960,46.743628839032894,-0.32477443937009554,69.24361487637462,-9.32000336578983
121,2020-05-19,357000.0,3000.0,395494,147838,79110,68728,52071,56079,-4008,-64720,195585,260305,49.45334189646366,2.7097130574307684,65.81768623544225,-3.4259286409323693
122,2020-05-18,354000.0,7500.0,408948,139749,77377,62372,69636,46281,23355,-85727,199563,285290,48.79911382376243,-0.6542280727012297,69.76192572160762,3.9442394861653725
123,2020-05-15,346500.0,2000.0,364374,120543,75233,45310,115529,152667,-37138,-8172,128302,136474,35.211623222293575,-13.587490601468858,37.454373802741145,-32.30755191886648
124,2020-05-14,344500.0,-7500.0,399418,124909,108872,16037,49992,90271,-40279,24242,224517,200275,56.21103705892073,20.999413836627156,50.141706182495525,12.68733237975438
125,2020-05-13,352000.0,14000.0,861294,233971,133754,100217,216490,329849,-113359,13142,410833,397691,47.69950794966643,-8.511529109254298,46.17366427723867,-3.968041905256854
126,2020-05-12,338000.0,-8500.0,554982,73201,92972,-19771,96825,221769,-124944,144715,384956,240241,69.3636910746655,21.664183124999063,43.288070604091665,-2.8855936731470067
127,2020-05-11,346500.0,-6000.0,629395,99623,122516,-22893,86412,304274,-217862,240755,443360,202605,70.44225009731568,1.0785590226501824,32.19043684808427,-11.097633756007397
128,2020-05-08,352500.0,-1500.0,678484,120340,122152,-1812,79585,286765,-207180,208992,478559,269567,70.5335719044222,0.09132180710652449,39.730782155511406,7.540345307427138
129,2020-05-07,354000.0,-7000.0,431374,55615,80713,-25098,72520,151044,-78524,103622,303239,199617,70.29607718592219,-0.2374947185000167,46.274694348755375,6.543912193243969
130,2020-05-06,361000.0,1000.0,344167,77503,80578,-3075,58420,122477,-64057,67132,208244,141112,60.50667263276258,-9.789404553159606,41.001025664866184,-5.273668683889191
131,2020-05-04,360000.0,-16500.0,669179,89923,156905,-66982,101882,288184,-186302,253284,477374,224090,71.33726551490707,10.830592882144494,33.487303098274154,-7.51372256659203
132,2020-04-29,376500.0,14000.0,566265,100454,91477,8977,263219,49501,213718,-222695,202592,425287,35.77688891243499,-35.56037660247208,75.10388245785984,41.616579359585685
133,2020-04-28,362500.0,9000.0,582497,169639,124682,44957,162620,110147,52473,-97430,250238,347668,42.959534555542774,7.182645643107783,59.685800956914804,-15.418081500945036
134,2020-04-27,353500.0,0.0,445576,115377,63314,52063,153745,241297,-87552,35489,176454,140965,39.60132502648258,-3.358209529060197,31.6365782717202,-28.049222685194604
135,2020-04-24,353500.0,-7500.0,270535,63037,89927,-26890,45058,57284,-12226,39116,162440,123324,60.04398691481694,20.442661888334364,45.58522926793206,13.948650996211857
136,2020-04-23,361000.0,6000.0,343123,134942,77016,57926,62732,66549,-3817,-54109,145449,199558,42.38975527726209,-17.65423163755485,58.159318961422,12.574089693489945
137,2020-04-22,355000.0,1000.0,362008,96630,101223,-4593,44921,75113,-30192,34785,220457,185672,60.89837793639919,18.508622659137103,51.28947426576208,-6.869844695659921
138,2020-04-21,354000.0,2500.0,710608,187885,153478,34407,175768,215488,-39720,5313,346955,341642,48.82509062661833,-12.07328730978086,48.07742102537546,-3.2120532403866235
139,2020-04-20,351500.0,-11000.0,504864,114176,117593,-3417,50500,169140,-118640,122057,340188,218131,67.3821068644229,18.55701623780456,43.2058930721937,-4.871527953181754
140,2020-04-17,362500.0,19500.0,753764,142578,132797,9781,146941,63519,83422,-93203,464245,557448,61.59023248656078,-5.791874377862115,73.95524328569685,30.74935021350315
141,2020-04-16,343000.0,16500.0,621763,169310,108154,61156,143939,117049,26890,-88046,308514,396560,49.61922790516643,-11.971004581394347,63.77992900831989,-10.175314277376962
142,2020-04-14,326500.0,11500.0,436161,121558,79471,42087,119777,60792,58985,-101072,194826,295898,44.66836787333118,-4.950860031835255,67.84146221234819,4.061533204028301
143,2020-04-13,315000.0,-9000.0,298575,52032,97687,-45655,50376,47055,3321,42334,196167,153833,65.70108013062045,21.032712257289276,51.5223980574395,-16.319064154908688
144,2020-04-10,324000.0,-500.0,313697,70623,80459,-9836,49221,49215,6,9830,193853,184023,61.79625562246371,-3.904824508156743,58.662658552679815,7.140260495240312
145,2020-04-09,324500.0,11500.0,470177,144568,125423,19145,121246,67000,54246,-73391,204363,277754,43.465120582248815,-18.331135040214896,59.074348596379664,0.4116900436998492
146,2020-04-08,313000.0,4000.0,616801,143184,114342,28842,135489,79956,55533,-84375,338128,422503,54.81962577881683,11.354505196568013,68.4990783088873,9.424729712507641
147,2020-04-07,309000.0,12500.0,717617,105774,135329,-29555,317570,160439,157131,-127576,294273,421849,41.00697168545338,-13.812654093363449,58.78469991652929,-9.714378392358014
148,2020-04-06,296500.0,6000.0,494846,145314,69759,75555,115335,208238,-92903,17348,234197,216849,47.32724928563634,6.320277600182962,43.821512147213475,-14.963187769315816
149,2020-04-03,290500.0,-500.0,540101,125211,109664,15547,75592,165783,-90191,74644,339298,264654,62.82121306940739,15.49396378377105,49.00083502900384,5.1793228817903625
150,2020-04-02,291000.0,-1000.0,688886,172282,201370,-29088,120099,239498,-119399,148487,396505,248018,57.557418789175564,-5.263794280231828,36.00276388255822,-12.998071146445618
151,2020-04-01,292000.0,-13000.0,599459,130418,169906,-39488,127529,261812,-134283,173771,341512,167741,56.97003464790753,-0.5873841412680321,27.982063827551173,-8.020700055007048
152,2020-03-31,305000.0,2000.0,492967,107686,186275,-78589,143560,86368,57192,21397,241721,220324,49.03391099201366,-7.936123655893873,44.693458182799255,16.711394355248082
153,2020-03-30,303000.0,-500.0,473701,161292,136229,25063,96162,114542,-18380,-6683,216247,222930,45.650526386898065,-3.3833846051155945,47.06133193723467,2.367873754435415
154,2020-03-27,303500.0,4000.0,648602,171415,177555,-6140,147456,122842,24614,-18474,329731,348205,50.83718520756951,5.186658820671447,53.685465046361244,6.624133109126575
155,2020-03-26,299500.0,-8000.0,720792,157855,161543,-3688,119144,283592,-164448,168136,443793,275657,61.57018945826258,10.733004250693071,38.243626455343566,-15.441838591017678
156,2020-03-25,307500.0,19500.0,803831,148815,130914,17901,167894,145632,22262,-40163,487122,527285,60.600051503363275,-0.9701379548993074,65.59649976176584,27.352873306422275
157,2020-03-24,288000.0,20000.0,966345,181927,136943,44984,163714,248430,-84716,39732,620704,580972,64.23213241647652,3.632080913113242,60.120557357879434,-5.475942403886407
158,2020-03-23,268000.0,-4500.0,947838,130524,136104,-5580,195292,202828,-7536,13116,622022,608906,65.62534947955241,1.3932170630758947,64.24156870688873,4.121011349009294
159,2020-03-20,272500.0,42500.0,1306067,308548,229118,79430,344478,363125,-18647,-60783,653041,713824,50.00057424312841,-15.624775236424,54.65447025305746,-9.587098453831267
160,2020-03-19,230000.0,-50000.0,1394682,251865,283979,-32114,265486,535113,-269627,301741,877331,575590,62.90545084829373,12.90487660516532,41.270339762038944,-13.384130491018517
161,2020-03-18,280000.0,-26500.0,946373,95059,193448,-98389,290900,416754,-125854,224243,560414,336171,59.217031762317816,-3.688419085975916,35.52204046396083,-5.748299298078116
162,2020-03-17,306500.0,-6000.0,819960,251624,230592,21032,192297,280820,-88523,67491,376039,308548,45.86065173910923,-13.356380023208587,37.62964047026684,2.107600006306015
163,2020-03-16,312500.0,-28000.0,747892,138840,207110,-68270,226475,279638,-53163,121433,382577,261144,51.15404363196825,5.29339189285902,34.91734100645548,-2.7122994638113624
164,2020-03-13,340500.0,-1000.0,899561,234886,190622,44264,287816,349976,-62160,17896,376859,358963,41.89365701714503,-9.260386614823219,39.90424218035242,4.986901173896939
165,2020-03-12,341500.0,-23500.0,1041370,217856,189449,28407,361034,539330,-178296,149889,462480,312591,44.41072817538435,2.517071158239318,30.017284922745997,-9.886957257606422
166,2020-03-11,365000.0,-8500.0,447847,95782,128621,-32839,127385,113055,14330,18509,224680,206171,50.16891929609889,5.758191120714542,46.03603462789748,16.018749705151482
167,2020-03-10,373500.0,-500.0,660399,167539,128133,39406,181236,317365,-136129,96723,311624,214901,47.187230749895136,-2.981688546203756,32.54108501072836,-13.49494961716912
168,2020-03-09,374000.0,-26000.0,611394,122703,178892,-56189,122843,244866,-122023,178212,365848,187636,59.83833665361453,12.651105903719397,30.689866109251973,-1.8512189014763862
169,2020-03-06,400000.0,-6000.0,357631,120220,110189,10031,111085,145435,-34350,24319,126326,102007,35.32300052288532,-24.51533613072921,28.52297479804603,-2.1668913112059442
170,2020-03-05,406000.0,14000.0,645954,113652,150752,-37100,362532,245768,116764,-79664,169770,249434,26.282057236273793,-9.04094328661153,38.614823965793235,10.091849167747206
171,2020-03-04,392000.0,5500.0,478790,144167,142805,1362,154003,200736,-46733,45371,180620,135249,37.72426324693498,11.442206010661188,28.248083711021533,-10.366740254771702
172,2020-03-03,386500.0,9500.0,547921,180650,223444,-42794,131515,126580,4935,37859,235756,197897,43.02737073410218,5.303107487167196,36.11779800372681,7.869714292705279
173,2020-03-02,377000.0,9000.0,514325,169977,153273,16704,152042,173413,-21371,4667,192306,187639,37.38997715452292,-5.6373935795792605,36.482574247800514,0.36477624407370257
174,2020-02-28,368000.0,-20000.0,643995,181098,194996,-13898,234323,227414,6909,6989,228574,221585,35.49313271065769,-1.896844443865227,34.40787583754532,-2.074698410255195
175,2020-02-27,388000.0,-7000.0,345104,146886,135855,11031,82322,72710,9612,-20643,115896,136539,33.582919931383,-1.910212779274687,39.56459502063146,5.156719183086139
176,2020-02-26,395000.0,-4500.0,334971,116446,112609,3837,121016,131825,-10809,6972,97509,90537,29.109684121909062,-4.473235809473941,27.02830991339549,-12.536285107235969
177,2020-02-25,399500.0,4500.0,478820,98950,100103,-1153,202337,244864,-42527,43680,177533,133853,37.07718975815546,7.9675056362464005,27.954763794327725,0.926453880932236
178,2020-02-24,395000.0,-12000.0,463848,134649,126536,8113,169770,164278,5492,-13605,159429,173034,34.37095772753143,-2.7062320306240295,37.30403063072386,9.349266836396133
179,2020-02-21,407000.0,-12000.0,400924,121729,135714,-13985,121317,140135,-18818,32803,157878,125075,39.37853558280373,5.007577855272295,31.19668565613433,-6.107344974589527
180,2020-02-20,419000.0,15000.0,482732,133774,151169,-17395,207257,69946,137311,-119916,141701,261617,29.353968661700485,-10.024566921103244,54.195081328770414,22.998395672636082
181,2020-02-19,404000.0,-14000.0,766920,182373,203558,-21185,254306,320167,-65861,87046,330241,243195,43.06068429562405,13.706715633923565,31.710608668439992,-22.48447266033042
182,2020-02-18,418000.0,-1500.0,366288,79938,98006,-18068,180076,151507,28569,-10501,106274,116775,29.01378150526362,-14.04690279036043,31.880651290787576,0.17004262234758372
183,2020-02-17,419500.0,6000.0,514355,130852,105158,25694,169822,218162,-48340,22646,213681,191035,41.543486502512856,12.529704997249237,37.1406907680493,5.260039477261728
184,2020-02-14,413500.0,2000.0,301730,86540,88104,-1564,112196,109499,2697,-1133,102994,104127,34.134491101315746,-7.40899540119711,34.509992377290956,-2.630698390758347
185,2020-02-13,411500.0,3500.0,448366,120356,108475,11881,194186,189867,4319,-16200,133824,150024,29.847044601954654,-4.287446499361092,33.460164240821115,-1.0498281364698414
186,2020-02-12,408000.0,-5500.0,463511,122703,104379,18324,173130,225299,-52169,33845,167678,133833,36.17562474245487,6.328580140500218,28.87374841158031,-4.586415829240806
187,2020-02-11,413500.0,26500.0,983089,241092,147473,93619,371376,232658,138718,-232337,370621,602958,37.69963858816445,1.5240138457095753,61.333002403648095,32.45925399206779
188,2020-02-10,387000.0,500.0,291904,80088,58389,21699,123244,134854,-11610,-10089,88572,98661,30.342852444639334,-7.356786143525113,33.799125739969305,-27.53387666367879
189,2020-02-07,386500.0,4500.0,392312,95686,97427,-1741,157495,89336,68159,-66418,139131,205549,35.46437529313404,5.121522848494706,52.394267827647376,18.59514208767807
190,2020-02-06,382000.0,0.0,551088,130383,127323,3060,269333,234439,34894,-37954,151372,189326,27.467845425775923,-7.996529867358117,34.35494875591557,-18.039319071731803
191,2020-02-05,382000.0,2500.0,731711,130172,217108,-86936,406060,234517,171543,-84607,195479,280086,26.71532886617804,-0.7525165595978827,38.27822733292243,3.9232785770068546
192,2020-02-04,379500.0,29500.0,995237,226144,233969,-7825,503847,235738,268109,-260284,265246,525530,26.651541291169845,-0.06378757500819532,52.804507870989525,14.526280538067098
193,2020-02-03,350000.0,12500.0,594448,209064,140429,68635,261422,234956,26466,-95101,123962,219063,20.85329583075391,-5.798245460415934,36.85149920598606,-15.953008665003466
194,2020-01-31,337500.0,-6000.0,391298,78694,104838,-26144,190342,150469,39873,-13729,122262,135991,31.245240200563252,10.391944369809341,34.753819339735955,-2.097679866250104
195,2020-01-30,343500.0,8500.0,642288,118336,136558,-18222,408142,327053,81089,-62867,115810,178677,18.03085220337294,-13.214387997190311,27.818828936551824,-6.9349904031841305
196,2020-01-29,335000.0,-1500.0,272147,86257,90124,-3867,106531,121411,-14880,18747,79359,60612,29.160343490833995,11.129491287461054,22.271786938676524,-5.547041997875301
197,2020-01-28,336500.0,-12000.0,348298,100177,82363,17814,101217,149050,-47833,30019,146904,116885,42.17767543884835,13.017331948014352,33.55890645366898,11.287119514992458
198,2020-01-23,348500.0,-3000.0,260932,82668,101288,-18620,88743,77827,10916,7704,89521,81817,34.30817224410958,-7.869503194738769,31.355678874189447,-2.2032275794795346
199,2020-01-22,351500.0,7000.0,311524,108707,48535,60172,101980,173316,-71336,11164,100837,89673,32.368934656719865,-1.9392375873897123,28.78526213068656,-2.5704167435028857
200,2020-01-21,344500.0,-9500.0,364883,67929,44295,23634,158980,213805,-54825,31191,137974,106783,37.813216839370426,5.444282182650561,29.264997273098498,0.47973514241193627
201,2020-01-20,354000.0,21000.0,556519,169956,83198,86758,190959,102580,88379,-175137,195604,370741,35.147766742914435,-2.6654500964559915,66.61785132223697,37.35285404913847
202,2020-01-17,333000.0,4000.0,221203,31319,49432,-18113,146322,95584,50738,-32625,43562,76187,19.693222967138784,-15.454543775775651,34.44211877777426,-32.17573254446271
203,2020-01-16,329000.0,500.0,194414,50145,58420,-8275,84730,93897,-9167,17442,59539,42097,30.62485211970331,10.931629152564525,21.653275998642073,-12.788842779132189
204,2020-01-15,328500.0,-5000.0,231766,63448,50810,12638,82421,126986,-44565,31927,85897,53970,37.061950415505294,6.4370982958019844,23.286418197664887,1.6331421990228137
205,2020-01-14,333500.0,1000.0,425340,61270,87711,-26441,234841,176872,57969,-31528,129229,160757,30.382517515399442,-6.6794329001058514,37.794940518173696,14.50852232050881
206,2020-01-13,332500.0,7500.0,359435,97752,63483,34269,153350,99235,54115,-88384,108333,196717,30.139802745976326,-0.24271476942311665,54.72950603029755,16.934565512123854
207,2020-01-10,325000.0,18500.0,610981,181835,90927,90908,316526,146428,170098,-261006,112620,373626,18.432651751854802,-11.707150994121523,61.15181977835644,6.42231374805889
208,2020-01-09,306500.0,4500.0,198621,56133,64634,-8501,85602,95086,-9484,17985,56886,38901,28.640476082589455,10.207824330734653,19.585542314256802,-41.56627746409964
209,2020-01-08,302000.0,-9000.0,225471,40693,68063,-27370,36563,103032,-66469,93839,148215,54376,65.7357265457642,37.095250463174736,24.116626971983095,4.531084657726293
210,2020-01-07,311000.0,4000.0,133788,43903,33899,10004,62460,35348,27112,-37116,27425,64541,20.498848925165188,-45.236877620599,48.24124734654827,24.124620374565175
211,2020-01-06,307000.0,-4000.0,138154,38577,44799,-6222,43921,46953,-3032,9254,55656,46402,40.285478523966006,19.78662959880082,33.58715636174124,-14.654090984807027
212,2020-01-03,311000.0,-3000.0,165030,45297,69198,-23901,63185,61456,1729,22172,56548,34376,34.26528509967884,-6.020193424287164,20.830152093558745,-12.757004268182499
213,2020-01-02,314000.0,-3500.0,139496,34602,55636,-21034,37269,47217,-9948,30982,67625,36643,48.478092561793886,14.212807462115045,26.26813672076619,5.437984627207445
214,2019-12-30,317500.0,7000.0,168990,51910,23655,28255,69396,47657,21739,-49994,47684,97678,28.217054263565895,-20.26103829822799,57.8010533167643,31.532916595998113
215,2019-12-27,310500.0,2500.0,149622,38617,68287,-29670,38110,28366,9744,19926,72895,52969,48.71943965459625,20.502385391030355,35.40187940276163,-22.399173914002674
216,2019-12-26,308000.0,-4500.0,166208,39949,56007,-16058,16045,13803,2242,13816,110214,96398,66.31088756257219,17.59144790797594,57.99841162880246,22.59653222604083
217,2019-12-24,312500.0,-500.0,224260,65003,67975,-2972,78795,30445,48350,-45378,80462,125840,35.87889057344154,-30.431996989130653,56.11343975742442,-1.8849718713780348
218,2019-12-23,313000.0,-1500.0,121761,48442,37741,10701,34029,26641,7388,-18089,39290,57379,32.26813183203161,-3.6107587414099314,47.12428445889899,-8.989155298525432
219,2019-12-20,314500.0,5500.0,248130,55954,39766,16188,137746,73123,64623,-80811,54430,135241,21.936081892556324,-10.332049939475283,54.504090597670576,7.379806138771585
220,2019-12-19,309000.0,2000.0,110138,29535,26949,2586,48795,38286,10509,-13095,31808,44903,28.880132197788228,6.9440503052319045,40.76976157184623,-13.734329025824344
221,2019-12-18,307000.0,1500.0,207013,36383,66905,-30522,113340,91890,21450,9072,57290,48218,27.674590484655553,-1.2055417131326749,23.29225700801399,-17.47750456383224
222,2019-12-17,305500.0,-3500.0,176726,46697,44947,1750,81122,94358,-13236,11486,48907,37421,27.673913289498998,-0.0006771951565553991,21.174586648257755,-2.117670359756236
223,2019-12-16,309000.0,6000.0,182481,60796,39268,21528,88643,60472,28171,-49699,33042,82741,18.107090601213276,-9.566822688285722,45.34225481008981,24.167668161832058
224,2019-12-13,303000.0,2500.0,223170,78156,47254,30902,77827,118460,-40633,9731,67187,57456,30.105748980597753,11.998658379384477,25.745395886543893,-19.59685892354592
225,2019-12-12,300500.0,0.0,246964,126176,147329,-21153,91191,63521,27670,-6517,29597,36114,11.984337798221603,-18.12141118237615,14.623183945838262,-11.12221194070563
226,2019-12-11,300500.0,1500.0,137285,39026,43990,-4964,56400,69244,-12844,17808,41859,24051,30.490585278799575,18.506247480577972,17.519029755617876,2.8958458097796136
227,2019-12-10,299000.0,4000.0,159077,41175,20138,21037,64824,95586,-30762,9725,53078,43353,33.36623144766371,2.875646168864133,27.25283981970995,9.733810064092076
228,2019-12-09,295000.0,500.0,150943,62013,40400,21613,42840,79946,-37106,15493,46090,30597,30.534705153601028,-2.83152629406268,20.27056571023499,-6.982274109474961
229,2019-12-06,294500.0,1000.0,155425,36179,53605,-17426,66515,63895,2620,14806,52731,37925,33.92697442496381,3.392269271362782,24.400836416277947,4.130270706042957
230,2019-12-05,293500.0,-3000.0,199730,28288,85214,-56926,85521,85590,-69,56995,85921,28926,43.01857507635308,9.091600651389271,14.482551444450007,-9.91828497182794
231,2019-12-04,296500.0,-13000.0,316394,55693,144050,-88357,55970,137617,-81647,170004,204731,34727,64.70761139591775,21.68903631956467,10.975871855977042,-3.5066795884729647
232,2019-12-03,309500.0,500.0,97676,41430,45178,-3748,40125,29285,10840,-7092,16121,23213,16.504566116548588,-48.203045279369164,23.765305704574306,12.789433848597264
233,2019-12-02,309000.0,2500.0,123351,47054,35626,11428,59676,62173,-2497,-8931,16621,25552,13.47455634733403,-3.0300097692145584,20.714870572593654,-3.0504351319806524
234,2019-11-29,306500.0,-2500.0,197050,51809,62619,-10810,110503,111368,-865,11675,34738,23063,17.629028165440243,4.154471818106213,11.704136006089826,-9.010734566503828
235,2019-11-28,309000.0,0.0,87936,28901,25225,3676,44124,41485,2639,-6315,14911,21226,16.956650291120816,-0.6723778743194266,24.138009461426492,12.433873455336666
236,2019-11-27,309000.0,500.0,100282,32735,30572,2163,48574,44617,3957,-6120,18973,25093,18.919646596597595,1.9629963054767785,25.02243672842584,0.8844272669993494
237,2019-11-26,308500.0,0.0,302933,63805,40689,23116,218832,232907,-14075,-9041,20296,29337,6.699831315835516,-12.219815280762079,9.684319635034809,-15.338117093391032
238,2019-11-25,308500.0,7500.0,300005,69407,42062,27345,186144,194668,-8524,-18821,44454,63275,14.817753037449377,8.117921721613861,21.09131514474759,11.40699550971278
239,2019-11-22,301000.0,-4000.0,285700,56382,32910,23472,159447,226242,-66795,43323,69871,26548,24.456072803640183,9.638319766190806,9.292264613230662,-11.799050531516928
240,2019-11-21,305000.0,-4500.0,156773,56651,46974,9677,43119,77855,-34736,25059,57003,31944,36.36021508805726,11.904142284417077,20.37595759473889,11.083692981508227
241,2019-11-20,309500.0,-8000.0,188995,43882,50580,-6698,48290,98676,-50386,57084,96823,39739,51.230455832164864,14.870240744107605,21.02648218206831,0.6505245873294214
242,2019-11-19,317500.0,1500.0,136513,47766,42005,5761,59481,55605,3876,-9637,29266,38903,21.438251302073795,-29.79220453009107,28.49765223824837,7.4711700561800605
243,2019-11-18,316000.0,-1500.0,88958,30217,22814,7403,29121,47384,-18263,10860,29620,18760,33.29661188425999,11.858360582186194,21.088603610692687,-7.409048627555684
244,2019-11-15,317500.0,-2000.0,130953,63107,30764,32343,22378,73278,-50900,18557,45468,26911,34.72085404687178,1.4242421626117903,20.550121035791467,-0.5384825749012201
245,2019-11-14,319500.0,5000.0,135926,85075,62014,23061,36170,35368,802,-23863,14681,38544,10.80072980886659,-23.920124238005187,28.356605800214822,7.806484764423356
246,2019-11-13,314500.0,-3000.0,117232,31764,34755,-2991,49936,37162,12774,-9783,35532,45315,30.309130612801965,19.508400803935373,38.65412174150403,10.297515941289205
247,2019-11-12,317500.0,500.0,62703,23340,19217,4123,24445,29858,-5413,1290,14918,13628,23.791525126389487,-6.517605486412478,21.734207294706792,-16.919914446797236
248,2019-11-11,317000.0,-6000.0,124161,44770,40250,4520,35955,50921,-14966,10446,43436,32990,34.983609990254585,11.192084863865098,26.57034012290494,4.836132828198149
249,합계,,,137187540,32331747,32436756,-105009,34817651,33610237,1207414,-1102405,70038142,71140547,51.052844886642035,16.06923489638745,51.85642005097547,25.28607992807053
