,날짜,종가,대비,거래량,기관 매수,기관 매도,기관 순매수,외국인 매수,외국인 매도,외국인 순매수,개인 순매수,개인 매수,개인 매도,개인매수비율(%),개인매수비율증가(%p),개인매도비율(%),개인매도비율증가(%p)
0,2020-11-11,87000.0,500.0,2638617,967653,808978,158675,1060492,718705,341787,-500462,610472,1110934,23.136059534218116,,42.10288950613143,
1,2020-11-10,86500.0,500.0,2849783,741434,1324288,-582854,1532873,635836,897037,-314183,575476,889659,20.19367790459835,-2.942381629619767,31.218482249350217,-10.884407256781216
2,2020-11-09,86000.0,-300.0,2444330,897306,1104587,-207281,692363,473793,218570,-11289,854661,865950,34.96504154512689,14.771363640528538,35.42688589511236,4.2084036457621465
3,2020-11-06,86300.0,200.0,2863808,1002988,784804,218184,1022018,356074,665944,-884128,838802,1722930,29.28974288779136,-5.675298657335528,60.162203611415286,24.735317716302923
4,2020-11-05,86100.0,2900.0,4082325,1648680,797836,850844,1720394,825942,894452,-1745296,713251,2458547,17.4716858652851,-11.81805702250626,60.22418597245442,0.061982361039135014
5,2020-11-04,83200.0,1800.0,3782296,1775754,1079128,696626,835365,602790,232575,-929201,1171177,2100378,30.964710324099435,13.493024458814336,55.53182511363468,-4.69236085881974
6,2020-11-03,81400.0,1800.0,2057723,754274,330793,423481,527335,934520,-407185,-16296,776114,792410,37.71712713518778,6.752416811088345,38.50907046283684,-17.022754650797843
7,2020-11-02,79600.0,-300.0,2000394,775729,709152,66577,392042,866336,-474294,407717,832623,424906,41.62295027879508,3.9058231436073,21.24111550024645,-17.267954962590387
8,2020-10-30,79900.0,-1800.0,2710477,441951,787943,-345992,1026134,1290066,-263932,609924,1242392,632468,45.836655319340466,4.213705040545385,23.334195420215703,2.0930799199692522
9,2020-10-29,81700.0,-1200.0,2637314,564905,1094118,-529213,645393,851689,-206296,735509,1427016,691507,54.10868785438518,8.272032535044715,26.220123959452685,2.885928539236982
10,2020-10-28,82900.0,300.0,1773556,588973,810988,-222015,616263,471015,145248,76767,568320,491553,32.04409671868269,-22.064591135702493,27.71567404694298,1.4955500874902938
11,2020-10-27,82600.0,-600.0,2265817,537942,1101244,-563302,981536,731928,249608,313694,746339,432645,32.939067894715244,0.8949711760325556,19.094437017640878,-8.621237029302101
12,2020-10-26,83200.0,-700.0,1662847,615584,595041,20543,405744,538490,-132746,112203,641519,529316,38.579556627879775,5.640488733164531,31.831912376785116,12.737475359144238
13,2020-10-23,83900.0,600.0,2609595,970519,691321,279198,855503,835014,20489,-299687,783573,1083260,30.02661332505619,-8.552943302823586,41.510655868056155,9.678743491271039
14,2020-10-22,83300.0,-500.0,2593975,565375,777731,-212356,908991,1040632,-131641,343997,1119609,775612,43.161904027602425,13.135290702546236,29.900519473009567,-11.610136395046588
15,2020-10-21,83800.0,-1400.0,4925877,1264016,966516,297500,1408656,2503452,-1094796,797296,2253205,1455909,45.742209965859885,2.5803059382574602,29.556340931777225,-0.34417854123234193
16,2020-10-20,85200.0,-1500.0,6622637,1445052,1545073,-100021,1055246,2213851,-1158605,1258626,4122339,2863713,62.246186828600145,16.50397686274026,43.241279870842995,13.68493893906577
17,2020-10-19,86700.0,1400.0,3150011,1353805,1126436,227369,1198006,650588,547418,-774787,598200,1372987,18.990409874759166,-43.25577695384098,43.586736681236985,0.34545681039399057
18,2020-10-16,85300.0,-1800.0,2435541,739184,833175,-93991,697975,788359,-90384,184375,998382,814007,40.99220665962922,22.001796784870052,33.42201999473629,-10.164716686500697
19,2020-10-15,87100.0,600.0,2802900,877296,776051,101245,1295481,1018201,277280,-378525,630123,1008648,22.48110885154661,-18.511097808082607,35.98587177566092,2.5638517809246295
20,2020-10-14,86500.0,-1700.0,3223767,929159,863541,65618,980800,1159949,-179149,113531,1313808,1200277,40.753813783688464,18.272704932141853,37.232126267189905,1.2462544915289868
21,2020-10-13,88200.0,2700.0,6375448,2616518,1005483,1611035,2017161,1418053,599108,-2210143,1741769,3951912,27.31994677079948,-13.433867012888985,61.98642040527975,24.754294138089847
22,2020-10-12,85500.0,2600.0,4464264,1452804,594946,857858,2185110,768795,1416315,-2274173,826350,3100523,18.510330034245285,-8.809616736554194,69.45205301478586,7.465632609506109
23,2020-10-08,82900.0,-500.0,3330824,1223567,1333302,-109735,1277205,1367320,-90115,199850,830052,630202,24.92032001690873,6.409989982663443,18.92030320425216,-50.5317498105337
24,2020-10-07,83400.0,400.0,2254356,987519,629293,358226,816299,1011909,-195610,-162616,450538,613154,19.985219725722114,-4.935100291186615,27.19863233668507,8.278329132432908
25,2020-10-06,83000.0,-200.0,2750145,632429,1171729,-539300,1108392,919508,188884,350416,1009324,658908,36.70075577833169,16.715536052609576,23.959027614907576,-3.239604721777493
26,2020-10-05,83200.0,-800.0,3396894,789321,1393154,-603833,1487586,1179856,307730,296103,1119987,823884,32.97091401733466,-3.729841760997033,24.254039131041473,0.2950115161338971
27,2020-09-29,84000.0,1500.0,4707898,1688754,1250468,438286,2396006,1336508,1059498,-1497784,623138,2120922,13.236013184652684,-19.734900832681973,45.05029633182367,20.796257200782193
28,2020-09-28,82500.0,-400.0,3154068,943346,1309488,-366142,944780,875223,69557,296585,1265942,969357,40.13680110891712,26.900787924264435,30.73354791336141,-14.316748418462257
29,2020-09-25,82900.0,-1400.0,3205596,1271142,1144025,127117,605476,731150,-125674,-1443,1328978,1330421,41.45806271283094,1.3212616039138183,41.50307774279728,10.769529829435871
30,2020-09-24,84300.0,700.0,6401560,2892057,1401362,1490695,1966165,1044117,922048,-2412743,1543338,3956081,24.10877973493961,-17.349282977891328,61.79870219134086,20.295624448543578
31,2020-09-23,83600.0,2300.0,4439085,1883651,1423522,460129,1246427,684816,561611,-1021740,1309007,2330747,29.48821660319638,5.3794368682567715,52.50512211412938,-9.29358007721148
32,2020-09-22,81300.0,-3200.0,4139983,1143437,1467614,-324177,1142568,1129281,13287,310890,1853978,1543088,44.782261183198095,15.294044580001714,37.2728100574326,-15.232312056696777
33,2020-09-21,84500.0,800.0,4102947,1475177,1004854,470323,1784734,508095,1276639,-1746962,843036,2589998,20.547084814890372,-24.235176368307723,63.12530968594038,25.85249962850778
34,2020-09-18,83700.0,1500.0,5199334,1571886,873691,698195,2865150,882201,1982949,-2681144,762298,3443442,14.661454717084919,-5.885630097805453,66.22852080670332,3.1032111207629356
35,2020-09-17,82200.0,700.0,4055050,1033519,1247154,-213635,2187501,529948,1657553,-1443918,834030,2277948,20.567687204843345,5.906232487758427,56.17558353164572,-10.052937275057594
36,2020-09-16,81500.0,-400.0,3119110,968458,797490,170968,997458,698841,298617,-469585,1153194,1622779,36.97189262321624,16.404205418372896,52.026988467864236,-4.148595063781485
37,2020-09-15,81900.0,1900.0,5899410,1809560,1024674,784886,2416319,748338,1667981,-2452867,1673531,4126398,28.36776898028786,-8.604123642928382,69.94594374691707,17.91895527905283
38,2020-09-14,80000.0,1600.0,4099644,1249606,740826,508780,1644004,648575,995429,-1504209,1206034,2710243,29.418017759590832,1.0502487793029722,66.1092280207745,-3.8367157261425717
39,2020-09-11,78400.0,1800.0,2831262,682444,684445,-2001,1557025,540123,1016902,-1014901,591793,1606694,20.90209242380253,-8.515925335788303,56.74833342869717,-9.360894592077322
40,2020-09-10,76600.0,-700.0,3541520,759141,1745801,-986660,773784,906275,-132491,1119151,2008595,889444,56.71561928211616,35.81352685831363,25.11475298741783,-31.633580441279342
41,2020-09-09,77300.0,-2100.0,3918435,678129,1439305,-761176,1518502,1051431,467071,294105,1721804,1427699,43.94111424586601,-12.774505036250147,36.43543914853762,11.320686161119788
42,2020-09-08,79400.0,1000.0,3380355,1112603,845831,266772,925298,571655,353643,-620415,1342454,1962869,39.71340288224166,-4.227711363624351,58.066948589719125,21.631509441181507
43,2020-09-07,78400.0,-300.0,2786930,788320,912007,-123687,713364,913904,-200540,324227,1285246,961019,46.1169100049158,6.403507122674142,34.4830691836537,-23.583879406065428
44,2020-09-04,78700.0,0.0,4582566,1682493,1288384,394109,1275675,1318253,-42578,-351531,1624398,1975929,35.44734543921462,-10.66956456570118,43.1183969854444,8.635327801790702
45,2020-09-03,78700.0,3200.0,7002529,2886190,1400946,1485244,1865384,1886912,-21528,-1463716,2250955,3714671,32.14488651171598,-3.302458927498641,53.04756324465061,9.929166259206212
46,2020-09-02,75500.0,300.0,2369360,620642,712435,-91793,462350,947297,-484947,576740,1286368,709628,54.29179187628726,22.146905364571282,29.95019752169362,-23.09736572295699
47,2020-09-01,75200.0,100.0,2538676,633807,1061456,-427649,728655,812720,-84065,511714,1176214,664500,46.331788696155,-7.9600031801322615,26.175061331182082,-3.775136190511539
48,2020-08-31,75100.0,-2700.0,5113128,1392527,1709456,-316929,991357,2337379,-1346022,1662951,2729244,1066293,53.37718907095618,7.045400374801176,20.85402516815538,-5.321036163026701
49,2020-08-28,77800.0,-1300.0,2511956,795643,876101,-80458,467439,636820,-169381,249839,1248874,999035,49.71719249859472,-3.6599965723614574,39.77119822162491,18.917173053469526
50,2020-08-27,79100.0,300.0,4223450,1416227,1027199,389028,1486378,707375,779003,-1168031,1320845,2488876,31.274076880275604,-18.443115618319116,58.929926955451116,19.15872873382621
51,2020-08-26,78800.0,1800.0,4741965,2004807,986044,1018763,1283610,552272,731338,-1750101,1453548,3203649,30.65286226279612,-0.6212146174794846,67.5595243743891,8.629597418937983
52,2020-08-25,77000.0,1500.0,3473488,926333,962212,-35879,935655,697395,238260,-202381,1611500,1813881,46.39428724095204,15.74142497815592,52.22073604399957,-15.338788330389526
53,2020-08-24,75500.0,1000.0,4298619,1179087,1106095,72992,775309,834778,-59469,-13523,2344223,2357746,54.53432835057026,8.140041109618224,54.848917757075,2.6281817130754277
54,2020-08-21,74500.0,2700.0,7700029,1585450,1516250,69200,2184974,1178752,1006222,-1075422,3929605,5005027,51.03363896421689,-3.500689386353372,65.00010584375721,10.151188086682211
55,2020-08-20,71800.0,-3200.0,7260223,1316369,1747643,-431274,962932,1749031,-786099,1217373,4980922,3763549,68.60563373879837,17.571994774581484,51.83792563947416,-13.162180204283054
56,2020-08-19,75000.0,-3100.0,8028305,724314,2103079,-1378765,933385,3568643,-2635258,4014023,6370606,2356583,79.35181834770852,10.746184608910141,29.35343139056127,-22.48449424891289
57,2020-08-18,78100.0,-2100.0,4946279,927626,1191305,-263679,883231,1679333,-796102,1059781,3135422,2075641,63.389509568708114,-15.962308779000402,41.96368623767482,12.610254847113552
58,2020-08-14,80200.0,-500.0,2589552,738473,910574,-172101,176227,600851,-424624,596725,1674852,1078127,64.6772878088565,1.2877782401483913,41.63372660599208,-0.32995963168274045
59,2020-08-13,80700.0,-300.0,4049387,1245103,1428022,-182919,560337,1066619,-506282,689201,2243947,1554746,55.4144861926015,-9.262801616255004,38.394601454491756,-3.2391251515003248
60,2020-08-12,81000.0,-300.0,3595828,875310,1314148,-438838,303556,1087173,-783617,1222455,2416962,1194507,67.21572889470798,11.801242702106478,33.2192474167285,-5.175354037763256
61,2020-08-11,81300.0,-100.0,3234013,781417,1046208,-264791,414190,475897,-61707,326498,2038406,1711908,63.030235190767634,-4.185493703940345,52.934481092067344,19.715233675338844
62,2020-08-10,81400.0,800.0,3277238,985393,904389,81004,461155,326089,135066,-216070,1830690,2046760,55.86075835810521,-7.169476832662426,62.45381019016624,9.519329098098893
63,2020-08-07,80600.0,-500.0,4946631,362014,1496417,-1134403,1083258,1942274,-859016,1993419,3501359,1507940,70.78270038739498,14.921942029289774,30.4841820624987,-31.969628127667537
64,2020-08-06,81100.0,400.0,3391939,818957,1103932,-284975,771336,802024,-30688,315663,1801646,1485983,53.115518881678,-17.667181505716982,43.80924892812047,13.325066865621768
65,2020-08-05,80700.0,-900.0,4537005,433976,1234881,-800905,798401,2050931,-1252530,2053435,3304628,1251193,72.83721309542308,19.72169421374508,27.577509833028618,-16.23173909509185
66,2020-08-04,81600.0,-200.0,3005937,533206,1028538,-495332,359064,911194,-552130,1047462,2113667,1066205,70.31641049030635,-2.520802605116728,35.46997159288435,7.892461759855731
67,2020-08-03,81800.0,-1000.0,3483106,537826,1240186,-702360,597287,875447,-278160,980520,2347993,1367473,67.41089705567387,-2.905513434632482,39.26016032816687,3.79018873528252
68,2020-07-31,82800.0,-2500.0,4848989,650197,1509627,-859430,598728,1642705,-1043977,1903407,3600064,1696657,74.24360005766151,6.832703001987639,34.98991233017852,-4.270247997988349
69,2020-07-30,85300.0,2100.0,6870841,1936798,1764002,172796,1817428,887117,930311,-1103107,3116615,4219722,45.360022157404025,-28.883577900257485,61.41492722652146,26.425014896342944
70,2020-07-29,83200.0,100.0,3719681,742399,978465,-236066,1467080,1476836,-9756,245822,1510202,1264380,40.600309542673145,-4.75971261473088,33.9916245505999,-27.423302675921562
71,2020-07-28,83100.0,300.0,4538720,710359,1357177,-646818,1424135,1536550,-112415,759233,2404226,1644993,52.971454506997574,12.37114496432443,36.243544435435545,2.251919884835644
72,2020-07-27,82800.0,-900.0,2784652,545108,835150,-290042,584575,1040004,-455429,745471,1654969,909498,59.43180691878195,6.460352411784378,32.66110092033044,-3.582443515105105
73,2020-07-24,83700.0,1300.0,3667416,654004,972829,-318825,1985133,946681,1038452,-719627,1028279,1747906,28.038242730031172,-31.39356418875078,47.66042357889042,14.999322658559983
74,2020-07-23,82400.0,-800.0,3591647,569737,1169806,-600069,556095,1250641,-694546,1294615,2465815,1171200,68.65415782787116,40.61591509783999,32.60899526039168,-15.051428318498743
75,2020-07-22,83200.0,-900.0,2876295,542271,802448,-260177,596157,1393915,-797758,1057935,1737867,679932,60.42033240679415,-8.233825421077007,23.639160795398247,-8.969834464993433
76,2020-07-21,84100.0,1900.0,4181015,1143566,957608,185958,1637414,727168,910246,-1096204,1400035,2496239,33.48552923153827,-26.93480317525588,59.704138827533505,36.06497803213526
77,2020-07-20,82200.0,-700.0,2008624,420879,775468,-354589,314646,729199,-414553,769142,1273099,503957,63.381648332390725,29.896119100852452,25.08966337154191,-34.614475455991595
78,2020-07-17,82900.0,200.0,1579078,445659,605894,-160235,276884,303744,-26860,187095,856535,669440,54.24272898488866,-9.138919347502068,42.39435924001221,17.304695868470297
79,2020-07-16,82700.0,-300.0,2312310,520298,931640,-411342,669244,746431,-77187,488529,1122768,634239,48.556119205469855,-5.686609779418802,27.428804961272498,-14.96555427873971
80,2020-07-15,83000.0,100.0,3024429,965771,907237,58534,617304,1076361,-459057,400523,1441354,1040831,47.65706187845706,-0.8990573270127982,34.41413238664224,6.985327425369739
81,2020-07-14,82900.0,-100.0,2048671,514805,779709,-264904,303704,553506,-249802,514706,1230162,715456,60.04683035977958,12.38976848132252,34.922932964834274,0.5088005781920373
82,2020-07-13,83000.0,200.0,2080934,569478,618181,-48703,286822,723439,-436617,485320,1224634,739314,58.85020860824996,-1.1966217515296194,35.527988874226665,0.6050559093923908
83,2020-07-10,82800.0,-200.0,2201557,560982,1045574,-484592,349428,418977,-69549,554141,1291147,737006,58.64699392293726,-0.2032146853126946,33.476580438298896,-2.051408435927769
84,2020-07-09,83000.0,-700.0,4002365,724211,1715989,-991778,612957,1324527,-711570,1703348,2665197,961849,66.59055333534049,7.943559412403225,24.03201607049832,-9.444564367800577
85,2020-07-08,83700.0,-1100.0,3523620,527611,1591194,-1063583,748513,1250932,-502419,1566002,2247496,681494,63.78372242182755,-2.8068309135129397,19.34073481249397,-4.691281258004349
86,2020-07-07,84800.0,-1200.0,3196352,717014,1576293,-859279,866427,585215,281212,578067,1612911,1034844,50.460994283483174,-13.322728138344374,32.3757833930681,13.035048580574127
87,2020-07-06,86000.0,600.0,2561766,990108,597094,393014,378404,649757,-271353,-121661,1193254,1314915,46.57935190021259,-3.881642383270581,51.328458571157555,18.952675178089457
88,2020-07-03,85400.0,1000.0,2195897,686579,698510,-11931,875778,529057,346721,-334790,633540,968330,28.851079991456796,-17.728271908755797,44.097241355127316,-7.231217216030238
89,2020-07-02,84400.0,-900.0,3295340,808849,1345071,-536222,697716,1317129,-619413,1155635,1788775,633140,54.2819557314268,25.430875739970002,19.21319196198268,-24.884049393144636
90,2020-07-01,85300.0,200.0,2382552,1036962,1068539,-31577,530944,440669,90275,-58698,814646,873344,34.192160338997844,-20.089795392428954,36.65582115311649,17.44262919113381
91,2020-06-30,85100.0,1500.0,4983607,2123130,1223401,899729,1486487,1150398,336089,-1235818,1373990,2609808,27.570191630279034,-6.621968708718811,52.36785324364461,15.712032090528119
92,2020-06-29,83600.0,-1000.0,2932433,1199849,1161959,37890,559088,1046313,-487225,449335,1173496,724161,40.01782819931436,12.447636569035325,24.694886464584187,-27.672966779060424
93,2020-06-26,84600.0,300.0,2889494,878524,1109704,-231180,803210,718628,84582,146598,1207760,1061162,41.79832178229129,1.7804935829769306,36.72483832809482,12.029951863510632
94,2020-06-25,84300.0,-1700.0,3397112,1041257,2064434,-1023177,1314760,697221,617539,405638,1041095,635457,30.64647265088699,-11.151849131404298,18.70580069188181,-18.01903763621301
95,2020-06-24,86000.0,1900.0,4079834,1487369,1346034,141335,1268747,785509,483238,-624573,1323718,1948291,32.44538870944259,1.7989160585555979,47.75417333156202,29.048372639680213
96,2020-06-23,84100.0,-800.0,2955819,1005537,1368579,-363042,856047,762366,93681,269361,1094235,824874,37.019688959303664,4.574300249861075,27.906783196129396,-19.847390135432626
97,2020-06-22,84900.0,-500.0,2167216,831310,1004900,-173590,694382,522180,172202,1388,641524,640136,29.601294933223084,-7.4183940260805805,29.537249632708505,1.630466436579109
98,2020-06-19,85400.0,-800.0,3216102,892056,1356000,-463944,1295899,1231452,64447,399497,1028147,628650,31.968731091240265,2.367436158017181,19.54695466748256,-9.990294965225946
99,2020-06-18,86200.0,-600.0,2484147,1159651,1098387,61264,671686,694926,-23240,-38024,652810,690834,26.27904065258618,-5.689690438654086,27.809706913479758,8.262752245997198
100,2020-06-17,86800.0,1400.0,4160612,2122494,1455117,667377,703010,774180,-71170,-596207,1335108,1931315,32.089221489530864,5.810180836944685,46.419012395291844,18.609305481812086
101,2020-06-16,85400.0,3400.0,3518785,1727870,1194482,533388,507935,911513,-403578,-129810,1282980,1412790,36.460880673300586,4.371659183769722,40.149938117844655,-6.269074277447189
102,2020-06-15,82000.0,-3200.0,4710114,1602598,1920588,-317990,755792,1023780,-267988,585978,2351724,1765746,49.929237381515605,13.468356708215019,37.48839200070317,-2.6615461171414836
103,2020-06-12,85200.0,-3300.0,4742329,1157689,2161385,-1003696,905287,721391,183896,819800,2679353,1859553,56.49867396378446,6.569436582268857,39.21180921863498,1.7234172179318108
104,2020-06-11,88500.0,-2300.0,5467344,1402726,3168142,-1765416,1220848,845229,375619,1389797,2843770,1453973,52.0137382977914,-4.4849356659930635,26.593772039952125,-12.618037178682858
105,2020-06-10,90800.0,1000.0,3045250,1308305,1169360,138945,905887,768605,137282,-276227,831058,1107285,27.290304572695177,-24.72343372509622,36.36105410064855,9.767282060696427
106,2020-06-09,89800.0,-1200.0,3410081,1223896,1414787,-190891,481107,728422,-247315,438206,1705078,1266872,50.00109968062342,22.71079510792824,37.15078908682815,0.7897349861795959
107,2020-06-08,91000.0,600.0,3789382,1492490,1635982,-143492,892371,499341,393030,-249538,1404521,1654059,37.064645369614354,-12.936454311009065,43.64983525018064,6.499046163352489
108,2020-06-05,90400.0,2700.0,4000557,1766358,1134691,631667,794643,446057,348586,-980253,1439556,2419809,35.98388924342285,-1.0807561261915026,60.486802212791865,16.83696696261123
109,2020-06-04,87700.0,-1000.0,6678244,2736934,2031960,704974,866719,1508574,-641855,-63119,3074591,3137710,46.03891382225627,10.055024578833418,46.98405748577021,-13.502744727021657
110,2020-06-03,88700.0,5400.0,11642239,4476574,1966468,2510106,2533409,1632103,901306,-3411412,4632256,8043668,39.78836029736205,-6.250553524894222,69.09038716693584,22.106329681165633
111,2020-06-02,83300.0,-300.0,3114162,1103918,1093309,10609,333801,1008974,-675173,664564,1676443,1011879,53.83287703080315,14.0445167334411,32.492818292689975,-36.597568874245866
112,2020-06-01,83600.0,2100.0,4205357,1705217,868200,837017,1130621,919821,210800,-1047817,1369519,2417336,32.566058006490294,-21.266819024312852,57.48230174037543,24.98948344768546
113,2020-05-29,81500.0,-2400.0,6815185,1388614,1494035,-105421,2028345,3947787,-1919442,2024863,3398226,1373363,49.86256425907734,17.296506252587044,20.1515145957153,-37.330787144660135
114,2020-05-28,83900.0,2500.0,9227823,3297627,1354810,1942817,2334444,1246737,1087707,-3030524,3595752,6626276,38.96641710617986,-10.896147152897477,71.80757584968849,51.65606125397319
115,2020-05-27,81400.0,-500.0,2946278,918864,969283,-50419,505229,731991,-226762,277181,1522185,1245004,51.66467658516949,12.698259478989627,42.25684066473021,-29.550735184958278
116,2020-05-26,81900.0,500.0,3040122,1128557,1294312,-165755,503774,584644,-80870,246625,1407791,1161166,46.307056098406576,-5.357620486762912,38.19471718569189,-4.06212347903832
117,2020-05-25,81400.0,100.0,2850294,1019791,1245765,-225974,85626,896388,-810762,1036736,1744877,708141,61.21743932380309,14.910383225396515,24.84448972632297,-13.350227459368924
118,2020-05-22,81300.0,-2100.0,3471700,914007,1510858,-596851,283566,1095756,-812190,1409041,2274127,865086,65.50470950831006,4.287270184506966,24.918224500964943,0.07373477464197364
119,2020-05-21,83400.0,-700.0,2678953,814618,1043750,-229132,724361,589044,135317,93815,1139974,1046159,42.5529675212667,-22.951741987043356,39.051039715889004,14.132815214924062
120,2020-05-20,84100.0,1400.0,3924403,1176853,1012040,164813,2125648,824353,1301295,-1466108,621902,2088010,15.847047308851817,-26.705920212414885,53.20579971017247,14.154759994283467
121,2020-05-19,82700.0,1600.0,4620614,1847585,1115764,731821,1236629,887292,349337,-1081158,1536400,2617558,33.25099218415561,17.403944875303797,56.64957081461468,3.443771104442206
122,2020-05-18,81100.0,-800.0,5294177,1104169,1986434,-882265,1438289,1306144,132145,750120,2751719,2001599,51.976331732014245,18.72533954785863,37.80755724638598,-18.842013568228694
123,2020-05-15,81900.0,1300.0,4168866,1517302,986705,530597,1132077,1459596,-327519,-203078,1519487,1722565,36.4484490506531,-15.527882681361142,41.319749783274396,3.5121925368884135
124,2020-05-14,80600.0,-3000.0,6409652,1241820,2280764,-1038944,522117,3078907,-2556790,3595734,4645715,1049981,72.4799879931079,36.031538942454794,16.38124815512605,-24.938501628148348
125,2020-05-13,83600.0,-2100.0,5371416,1608873,1924651,-315778,871305,2384108,-1512803,1828581,2891238,1062657,53.826365338301855,-18.653622654806043,19.783554280658954,3.402306125532906
126,2020-05-12,85700.0,1200.0,3574409,1937239,985583,951656,666995,665667,1328,-952984,970175,1923159,27.142249250155757,-26.684116088146098,53.80355185990188,34.019997579242926
127,2020-05-11,84500.0,-500.0,2800047,1081955,1189254,-107299,940175,694921,245254,-137955,777917,915872,27.78228365452437,0.6400344043686133,32.70916523901206,-21.09438662088982
128,2020-05-08,85000.0,2600.0,5039635,1838120,1004771,833349,2111561,710971,1400590,-2233939,1089954,3323893,21.62763771582664,-6.15464593869773,65.95503444197843,33.24586920296637
129,2020-05-07,82400.0,0.0,2660512,1297778,867504,430274,678386,753037,-74651,-355623,684348,1039971,25.722417339218918,4.094779623392277,39.08913021253052,-26.865904229447906
130,2020-05-06,82400.0,1400.0,3351424,1468182,905569,562613,892367,1163763,-271396,-291217,990875,1282092,29.565790541572778,3.8433732023538596,38.255141694992936,-0.8339885175375841
131,2020-05-04,81000.0,-2700.0,5280026,1297892,2134271,-836379,1099054,2305150,-1206096,2042475,2883080,840605,54.603518997823116,25.03772845625034,15.920470846166287,-22.334670848826647
132,2020-04-29,83700.0,300.0,3750568,1702252,943045,759207,1001097,821275,179822,-939029,1047219,1986248,27.92161080668315,-26.681908191139964,52.958591871951135,37.03812102578485
133,2020-04-28,83400.0,800.0,3205535,1440615,1051325,389290,857914,298732,559182,-948472,907006,1855478,28.29499599910779,0.37338519242463875,57.88356701767412,4.924975145722982
134,2020-04-27,82600.0,1200.0,3235430,1265210,741525,523685,1098580,750847,347733,-871418,871640,1743058,26.940468500322982,-1.3545274987848082,53.87407547064842,-4.009491547025696
135,2020-04-24,81400.0,-1200.0,3193144,454921,1111210,-656289,814232,708148,106084,550205,1923991,1373786,60.253812543374174,33.31334404305119,43.022989254477714,-10.851086216170707
136,2020-04-23,82600.0,-1300.0,6519481,1242091,2537943,-1295852,1158793,1691049,-532256,1828108,4118597,2290489,63.17369434775559,2.9198818043814185,35.13299601609392,-7.889993238383795
137,2020-04-22,83900.0,2600.0,5335787,2114391,2101517,12874,1535780,1090915,444865,-457739,1685616,2143355,31.590766273091486,-31.582928074664107,40.16942580354126,5.036429787447339
138,2020-04-21,81300.0,-700.0,5090721,1753655,1782289,-28634,1054879,1893360,-838481,867115,2282187,1415072,44.83032953485371,13.239563261762225,27.797084145841033,-12.372341657700225
139,2020-04-20,82000.0,-2100.0,5027876,1241916,1611772,-369856,481688,1994301,-1512613,1882469,3304272,1421803,65.71904319040486,20.88871365555115,28.278402251765954,0.4813181059249203
140,2020-04-17,84100.0,2800.0,6205624,2248099,1289193,958906,1112130,1318932,-206802,-752104,2845395,3597499,45.85187565343953,-19.867167536965333,57.97159157564171,29.693189323875757
141,2020-04-16,81300.0,-1000.0,4470072,1481148,1344592,136556,1165674,2268289,-1102615,966059,1823250,857191,40.787933617176634,-5.063942036262894,19.17622355971,-38.795368015931714
142,2020-04-14,82300.0,900.0,3344109,1422281,825182,597099,876934,887095,-10161,-586938,1044894,1631832,31.245811664631745,-9.542121952544889,48.79721324873083,29.620989689020828
143,2020-04-13,81400.0,-2700.0,3615318,1018841,2031943,-1013102,290835,692709,-401874,1414976,2305642,890666,63.77425167025418,32.528440005622436,24.635896482688384,-24.161316766042443
144,2020-04-10,84100.0,-900.0,3675338,1310519,1932499,-621980,395466,624298,-228832,850812,1969353,1118541,53.582908565144216,-10.191343105109965,30.43369072449935,5.797794241810966
145,2020-04-09,85000.0,500.0,3555538,1428835,1691904,-263069,746667,803613,-56946,320015,1380036,1060021,38.81370414266421,-14.769204422480009,29.813237827861776,-0.6204528966375733
146,2020-04-08,84500.0,-1300.0,3749575,1174029,1281444,-107415,1142892,987043,155849,-48434,1432654,1481088,38.20843695618837,-0.6052671864758352,39.50015668442424,9.686918856562464
147,2020-04-07,85800.0,2700.0,6188649,1995250,1474610,520640,2258713,1640477,618236,-1138876,1934686,3073562,31.261847294942726,-6.946589661245646,49.66450674452534,10.1643500601011
148,2020-04-06,83100.0,3500.0,5784159,2266060,1107851,1158209,1971387,2072370,-100983,-1057226,1546712,2603938,26.740482064894827,-4.521365230047898,45.018437425388896,-4.646069319136444
149,2020-04-03,79600.0,-400.0,3755301,1201864,1528810,-326946,1064507,693747,370760,-43814,1488930,1532744,39.648752523432876,12.908270458538048,40.815476575645995,-4.202960849742901
150,2020-04-02,80000.0,1600.0,5394371,1717260,1673136,44124,1181637,1436004,-254367,210243,2495474,2285231,46.260703981984186,6.61195145855131,42.36325236065521,1.5477757850092146
151,2020-04-01,78400.0,-4900.0,6845675,1465766,3336849,-1871083,1167806,1676629,-508823,2379906,4212103,1832197,61.52940360154404,15.268699619559854,26.764300087281384,-15.598952273373826
152,2020-03-31,83300.0,-400.0,5333479,1549046,2270154,-721108,1423430,1262404,161026,560082,2361003,1800921,44.26759719125171,-17.26180641029233,33.76634650666104,7.002046419379653
153,2020-03-30,83700.0,400.0,5270037,1965314,1638139,327175,1254498,1591196,-336698,9523,2050225,2040702,38.90342705373796,-5.364170137513753,38.7227262351289,4.956379728467866
154,2020-03-27,83300.0,2600.0,8085695,2972927,2792031,180896,2224816,1942679,282137,-463033,2887952,3350985,35.71680603831829,-3.186621015419668,41.44337623420127,2.7206499990723643
155,2020-03-26,80700.0,-3800.0,7895289,2742518,3003975,-261457,1364871,1884017,-519146,780603,3787900,3007297,47.976711175487054,12.259905137168765,38.08976466852575,-3.3536115656755143
156,2020-03-25,84500.0,5800.0,8787217,2565736,2459337,106399,2885298,1940671,944627,-1051026,3336183,4387209,37.966320849934625,-10.010390325552429,49.92717261904423,11.837407950518475
157,2020-03-24,78700.0,9300.0,7247345,2763029,1995407,767622,1534106,1094230,439876,-1207498,2950210,4157708,40.7074590763928,2.741138226458176,57.36870536727587,7.441532748231644
158,2020-03-23,69400.0,-5400.0,8192363,1909220,2411876,-502656,2491761,3063302,-571541,1074197,3791382,2717185,46.27946784096359,5.572008764570789,33.16729251377167,-24.201412853504202
159,2020-03-20,74800.0,5800.0,8750101,3404238,2402765,1001473,2485274,2832303,-347029,-654444,2860589,3515033,32.692068354411,-13.587399486552592,40.17134202222351,7.004049508451843
160,2020-03-19,69000.0,-4100.0,11140367,3283734,2704401,579333,2449817,3391161,-941344,362011,5406816,5044805,48.5335536971089,15.8414853426979,45.28401084093549,5.112668818711974
161,2020-03-18,73100.0,-7300.0,7949482,2148189,2521399,-373210,1260532,2625195,-1364663,1737873,4540761,2802888,57.120212361006665,8.586658663897765,35.25875019277986,-10.02526064815563
162,2020-03-17,80400.0,-200.0,7107436,2254275,2082487,171788,1848820,2357732,-508912,337124,3004341,2667217,42.27039117904122,-14.849821181965446,37.52713355420998,2.268383361430125
163,2020-03-16,80600.0,-1900.0,5097762,1828874,1748317,80557,1009509,1632523,-623014,542457,2259379,1716922,44.32099811642834,2.0506069373871227,33.679916794860176,-3.8472167593498057
164,2020-03-13,82500.0,-300.0,8160758,3043030,2066976,976054,2195518,3105065,-909547,-66507,2922210,2988717,35.808070769896624,-8.512927346531718,36.62303183111177,2.9431150362515908
165,2020-03-12,82800.0,-2700.0,8191818,2730884,2390468,340416,2654397,3192031,-537634,197218,2806537,2609319,34.26024601620788,-1.5478247536887437,31.852746240211882,-4.770285590899885
166,2020-03-11,85500.0,-3600.0,5226251,1437953,1859909,-421956,1552944,2023609,-470665,892621,2235354,1342733,42.771654097746165,8.511408081538285,25.692087884795427,-6.160658355416455
167,2020-03-10,89100.0,2200.0,6579153,2256194,1413468,842726,2374973,3439453,-1064480,221754,1947986,1726232,29.608461757919297,-13.163192339826868,26.237906308000436,0.5458184232050094
168,2020-03-09,86900.0,-5700.0,6196552,1904851,1472243,432608,1398166,3625590,-2227424,1794816,2893535,1098719,46.69588829400609,17.08742653608679,17.7311349924926,-8.506771315507837
169,2020-03-06,92600.0,-2300.0,3281612,1399686,1209455,190231,861695,1478622,-616927,426696,1020231,593535,31.089324393011726,-15.606563900994363,18.086690321707746,0.35555532921514654
170,2020-03-05,94900.0,600.0,4028776,1469927,1195302,274625,1487728,1773480,-285752,11127,1071121,1059994,26.586759849641677,-4.502564543370049,26.31057174685314,8.223881425145393
171,2020-03-04,94300.0,1500.0,4984561,1847783,1315020,532763,1845226,2480947,-635721,102958,1291552,1188594,25.911048134429493,-0.6757117152121843,23.845510166291476,-2.465061580561663
172,2020-03-03,92800.0,700.0,5573006,1618377,1656783,-38406,2159029,2636605,-477576,515982,1795600,1279618,32.219595672425264,6.308547537995771,22.961001656915496,-0.8845085093759799
173,2020-03-02,92100.0,4200.0,6382279,2368359,1268745,1099614,2501145,3235908,-734763,-364851,1512775,1877626,23.70274004003899,-8.516855632386275,29.419365715600964,6.4583640586854685
174,2020-02-28,87900.0,-4900.0,8171939,2335919,1263471,1072448,3541317,4851691,-1310374,237926,2294703,2056777,28.080275684877236,4.377535644838247,25.168775733641674,-4.2505899819592905
175,2020-02-27,92800.0,-1800.0,4644449,1428284,1207746,220538,1759768,2334352,-574584,354046,1456397,1102351,31.357799385890555,3.277523701013319,23.734806862988485,-1.4339688706531888
176,2020-02-26,94600.0,-3400.0,6405409,1355549,1162626,192923,2758840,4195946,-1437106,1244183,2291020,1046837,35.76695883120032,4.409159445309765,16.34301572311776,-7.391791139870726
177,2020-02-25,98000.0,-1500.0,6594059,1554511,1113769,440742,2352992,4366419,-2013427,1572685,2686556,1113871,40.74206797361079,4.975109142410467,16.89203872758797,0.5490230044702109
178,2020-02-24,99500.0,-3500.0,5550758,960674,1245666,-284992,3504740,3565008,-60268,345260,1085344,740084,19.55307725539467,-21.188990718216118,13.333025867818412,-3.559012859769558
179,2020-02-21,103000.0,-1000.0,4064719,707632,1357527,-649895,2902611,2253413,649198,697,454476,453779,11.180994307355565,-8.372082948039104,11.163846750537983,-2.1691791172804287
180,2020-02-20,104000.0,500.0,3093782,1108279,1597769,-489490,1458898,735368,723530,-234040,526605,760645,17.02139969784555,5.840405390489984,24.586250744234725,13.422403993696742
181,2020-02-19,103500.0,1500.0,2315634,801158,816353,-15195,1105110,994848,110262,-95067,409366,504433,17.678355042290793,0.6569553444452438,21.783796575797385,-2.8024541684373396
182,2020-02-18,102000.0,-3000.0,2789667,718864,1179642,-460778,1181466,1106352,75114,385664,889337,503673,31.87968313063889,14.201328088348099,18.054950644646834,-3.728845931150552
183,2020-02-17,105000.0,500.0,1190162,517717,478983,38734,289722,338438,-48716,9982,382723,372741,32.157218933220854,0.2775358025819621,31.31850958104863,13.263558936401797
184,2020-02-14,104500.0,2500.0,1893163,648262,562302,85960,754124,453622,300502,-386462,490777,877239,25.923652638468003,-6.233566294752851,46.33721449236014,15.01870491131151
185,2020-02-13,102000.0,2000.0,3519491,1761174,1511507,249667,1256578,511299,745279,-994946,501739,1496685,14.256010315127954,-11.667642323340049,42.52560952705945,-3.8116049653006883
186,2020-02-12,100000.0,200.0,2616573,865350,540339,325011,1217624,1532504,-314880,-10131,533599,543730,20.39304846453739,6.137038149409436,20.780234298832863,-21.74537522822659
187,2020-02-11,99800.0,1000.0,1820578,803691,538930,264761,650692,583266,67426,-332187,366195,698382,20.114216474108773,-0.2788319904286176,38.36045475667618,17.580220457843314
188,2020-02-10,98800.0,-500.0,1825648,527699,725836,-198137,751161,809212,-58051,256188,546788,290600,29.950351875060257,9.836135400951484,15.917635820267654,-22.44281893640852
189,2020-02-07,99300.0,-1200.0,1827393,485067,809373,-324306,689315,606324,82991,241315,653011,411696,35.73456831672224,5.784216441661982,22.529143977239706,6.611508156972052
190,2020-02-06,100500.0,2800.0,2861441,1010328,815905,194423,1226570,567661,658909,-853332,624543,1477875,21.826170799957083,-13.908397516765156,51.64792843885301,29.118784461613302
191,2020-02-05,97700.0,600.0,2911995,1052339,1364132,-311793,1164787,864945,299842,11951,694869,682918,23.862300587741395,2.0361297877843114,23.451894663280672,-28.196033775572335
192,2020-02-04,97100.0,2400.0,3169743,1235944,1497381,-261437,1150738,913036,237702,23735,783061,759326,24.704242583704737,0.8419419959633423,23.955443706319407,0.5035490430387348
193,2020-02-03,94700.0,1200.0,3725535,1861368,1130945,730423,1096954,1661946,-564992,-165431,767213,932644,20.5933644429592,-4.1108781407455375,25.033827356339426,1.0783836500200188
194,2020-01-31,93500.0,-500.0,4597139,1681065,1225884,455181,1870639,2100097,-229458,-225723,1045435,1271158,22.74099173420686,2.1476272912476624,27.65106732687439,2.617239970534964
195,2020-01-30,94000.0,-3900.0,3223436,801638,1486341,-684703,819344,1094564,-275220,959923,1602454,642531,49.71260481051896,26.9716130763121,19.933108645557102,-7.717958681317288
196,2020-01-29,97900.0,1600.0,2741459,1059115,1188802,-129687,972804,737755,235049,-105362,709540,814902,25.881838831074987,-23.830765979443974,29.72512082070168,9.792012175144578
197,2020-01-28,96300.0,-2400.0,3630362,1414884,1059684,355200,1081603,1545748,-464145,108945,1133875,1024930,31.23311118836083,5.351272357285843,28.232170786274207,-1.4929500344274729
198,2020-01-23,98700.0,-2300.0,2780104,534368,990922,-456554,821477,1425395,-603918,1060472,1424259,363787,51.23042159573886,19.99731040737803,13.085373784577845,-15.146797001696362
199,2020-01-22,101000.0,1700.0,2257478,821204,535691,285513,828273,986641,-158368,-127145,608001,735146,26.932754161945322,-24.29766743379354,32.56492422074545,19.479550436167607
200,2020-01-21,99300.0,-600.0,1483291,519267,680109,-160842,476092,439723,36369,124473,487932,363459,32.895230942546,5.962476780600678,24.503553247474702,-8.061370973270751
201,2020-01-20,99900.0,900.0,1781639,662205,537146,125059,556580,481716,74864,-199923,562854,762777,31.591921820301422,-1.3033091222445776,42.8132186149944,18.309665367519695
202,2020-01-17,99000.0,-200.0,2246394,683637,947007,-263370,683090,633092,49998,213372,879667,666295,39.1590700473737,7.5671482270722805,29.660647241757232,-13.152571373237166
203,2020-01-16,99200.0,1000.0,2824804,954791,1007269,-52478,766686,1063630,-296944,349422,1103327,753905,39.05853291060194,-0.1005371367717629,26.688754334814025,-2.971892906943207
204,2020-01-15,98200.0,-2300.0,2745625,582926,1473876,-890950,730462,872774,-142312,1033262,1432237,398975,52.16433416799454,13.1058012573926,14.531299795128612,-12.157454539685412
205,2020-01-14,100500.0,0.0,2913343,644125,1171075,-526950,1153177,896977,256200,270750,1116041,845291,38.30791636961388,-13.856417798380662,29.014468945125927,14.483169149997314
206,2020-01-13,100500.0,1600.0,2242008,758902,880233,-121331,763841,552611,211230,-89899,719265,809164,32.08128606142351,-6.226630308190366,36.091039817877544,7.076570872751617
207,2020-01-10,98900.0,-100.0,2867925,959892,1348145,-388253,1024018,966250,57768,330485,884015,553530,30.824202167072013,-1.2570838943514993,19.300713930803628,-16.790325887073916
208,2020-01-09,99000.0,1600.0,3586413,1439860,1229647,210213,1149230,1629506,-480276,270063,997323,727260,27.80837009011511,-3.0158320769569045,20.278199973065007,0.9774860422613791
209,2020-01-08,97400.0,3400.0,7014748,2839121,1868224,970897,2767556,2592685,174871,-1145768,1408071,2553839,20.073009037530642,-7.735361052584466,36.406710547549245,16.12851057448424
210,2020-01-07,94000.0,-300.0,2489429,920021,814985,105036,947575,1307770,-360195,255159,621833,366674,24.978940953929595,4.905931916398952,14.72924112316519,-21.677469424384057
211,2020-01-06,94300.0,-200.0,2577573,1032662,1107935,-75273,1034985,910682,124303,-49030,509926,558956,19.783183638251952,-5.195757315677643,21.685360608603517,6.956119485438327
212,2020-01-03,94500.0,-200.0,3021380,1315777,1414522,-98745,699565,865300,-165735,264480,1006038,741558,33.297301233211314,13.514117594959362,24.543685335839914,2.858324727236397
213,2020-01-02,94700.0,600.0,2342070,723532,1414456,-690924,1058523,499911,558612,132312,560015,427703,23.911112819001996,-9.386188414209318,18.26175135670582,-6.281933979134095
214,2019-12-30,94100.0,-1900.0,1862634,593812,429090,164722,503066,1122058,-618992,454270,765756,311486,41.11145828971231,17.200345470710314,16.722877387613455,-1.5388739690923643
215,2019-12-27,96000.0,1200.0,2229470,897435,894328,3107,452410,588100,-135690,132583,879625,747042,39.4544443298183,-1.6570139598940088,33.5076049464671,16.784727558853643
216,2019-12-26,94800.0,1000.0,1559839,844689,340272,504417,325224,247987,77237,-581654,389926,971580,24.997836315158168,-14.456608014660134,62.28719758898193,28.779592642514835
217,2019-12-24,93800.0,-800.0,1464093,685586,487629,197957,384016,401569,-17553,-180404,394491,574895,26.94439492573218,1.9465586105740122,39.26628977804006,-23.02090781094187
218,2019-12-23,94600.0,-400.0,1720279,696830,609828,87002,585462,484997,100465,-187467,437987,625454,25.46023057887703,-1.4841643468551489,36.357707092861105,-2.9085826851789562
219,2019-12-20,95000.0,1400.0,2791176,588925,804255,-215330,1814360,1110084,704276,-488946,387891,876837,13.89704554639335,-11.56318503248368,31.4146080361826,-4.943099056678506
220,2019-12-19,93600.0,600.0,4938375,997288,2126092,-1128804,3005601,1574050,1431551,-302747,935486,1238233,18.943194876857266,5.046149330463916,25.07369326954717,-6.340914766635429
221,2019-12-18,93000.0,200.0,3434310,912531,1253857,-341326,1771255,1212748,558507,-217181,750524,967705,21.853705693428957,2.9105108165716906,28.177566963960736,3.103873694413565
222,2019-12-17,92800.0,4200.0,5070618,1480333,1335107,145226,2588443,1370938,1217505,-1362731,1001842,2364573,19.757788892793737,-2.0959168006352193,46.63283647082071,18.455269506859977
223,2019-12-16,88600.0,700.0,2652685,1132122,735381,396741,1113964,976718,137246,-533987,406599,940586,15.327828219332487,-4.429960673461251,35.45788512394046,-11.174951346880256
224,2019-12-13,87900.0,4500.0,5831965,1832220,1488666,343554,3334888,922815,2412073,-2755627,664857,3420484,11.400222737962249,-3.9276054813702377,58.650626332634026,23.19274120869357
225,2019-12-12,83400.0,2800.0,5247299,2816078,2567101,248977,2179369,928772,1250597,-1499574,251852,1751426,4.799650258161389,-6.60057247980086,33.37766725319064,-25.27295907944339
226,2019-12-11,80600.0,-100.0,2009331,988632,788042,200590,774646,971506,-196860,-3730,246053,249783,12.245518533282969,7.44586827512158,12.431152458206238,-20.9465147949844
227,2019-12-10,80700.0,0.0,1831960,915766,698646,217120,633224,854690,-221466,4346,282970,278624,15.446297954103802,3.200779420820833,15.209065700124459,2.7779132419182204
228,2019-12-09,80700.0,100.0,2290088,806069,687930,118139,1207815,1147153,60662,-178801,276204,455005,12.060846570088136,-3.3854513840156653,19.868450470025607,4.659384769901148
229,2019-12-06,80600.0,1800.0,3054204,784527,456500,328027,2043935,1858249,185686,-513713,225742,739455,7.391189324616168,-4.669657245471968,24.211054664324976,4.342604194299369
230,2019-12-05,78800.0,1100.0,3667358,701854,624355,77499,2538309,2365748,172561,-250060,427195,677255,11.648576441132827,4.257387116516658,18.467109019626662,-5.743945644698314
231,2019-12-04,77700.0,-1000.0,6164549,1087154,699551,387603,3629898,4875565,-1245667,858064,1447497,589433,23.48098782246682,11.832411381333992,9.561656497498843,-8.905452522127819
232,2019-12-03,78700.0,-1800.0,11657151,1324613,556816,767797,8963023,10683470,-1720447,952650,1369515,416865,11.748282234655791,-11.732705587811028,3.57604529614483,-5.985611201354013
233,2019-12-02,80500.0,-400.0,1945991,751053,411532,339521,678434,1353901,-675467,335946,516504,180558,26.541952146746823,14.793669912091032,9.278460177873383,5.7024148817285525
234,2019-11-29,80900.0,-1900.0,2139440,702364,665723,36641,666682,1213933,-547251,510610,770394,259784,36.00914257936657,9.467190432619745,12.142616759525856,2.864156581652473
235,2019-11-28,82800.0,100.0,1413983,549954,528296,21658,689189,469471,219718,-241376,174840,416216,12.365070867188644,-23.644071712177926,29.435714573654703,17.29309781412885
236,2019-11-27,82700.0,400.0,1326621,614021,422516,191505,448892,564679,-115787,-75718,263708,339426,19.878171685809285,7.513100818620641,25.585755087549494,-3.8499594861052095
237,2019-11-26,82300.0,600.0,4521090,1653672,449864,1203808,2220837,3203949,-983112,-220696,646581,867277,14.301440581806599,-5.576731104002686,19.18291827855672,-6.402836808992774
238,2019-11-25,81700.0,0.0,2602474,1001511,441141,560370,1015309,1805701,-790392,230022,585654,355632,22.503740671376544,8.202300089569945,13.665150929461737,-5.517767349094983
239,2019-11-22,81700.0,800.0,2089767,849815,382943,466872,773064,1272650,-499586,32714,466888,434174,22.34162947352504,-0.1621111978515053,20.776191795544673,7.111040866082936
240,2019-11-21,80900.0,-1800.0,3346746,1076125,951675,124450,1027735,2081965,-1054230,929780,1242886,313106,37.13714754570559,14.795518072180549,9.35553519747241,-11.420656598072263
241,2019-11-20,82700.0,-2600.0,3315169,1066071,1061272,4799,1223249,1944874,-721625,716826,1025849,309023,30.94409364952435,-6.193053896181237,9.321485571323814,-0.034049626148595635
242,2019-11-19,85300.0,-200.0,2260299,809058,847945,-38887,1192008,977899,214109,-175222,259233,434455,11.46896937086642,-19.47512427865793,19.221129593916558,9.899644022592744
243,2019-11-18,85500.0,300.0,1827506,754995,617407,137588,732376,729098,3278,-140866,340135,481001,18.611977197338884,7.143007826472465,26.320077745298786,7.098948151382228
244,2019-11-15,85200.0,1800.0,2394138,1173397,530134,643263,975808,680310,295498,-938761,244933,1183694,10.230529735545737,-8.381447461793147,49.44134381560295,23.121266070304163
245,2019-11-14,83400.0,0.0,1517137,937817,619046,318771,469660,713798,-244138,-74633,109660,184293,7.228088168701969,-3.0024415668437676,12.147419778174285,-37.29392403742867
246,2019-11-13,83400.0,200.0,1370289,462091,574714,-112623,791416,482065,309351,-196728,116782,313510,8.52243577814607,1.2943476094441007,22.879115281520907,10.731695503346621
247,2019-11-12,83200.0,1900.0,1555211,617408,498082,119326,752303,524523,227780,-347106,185500,532606,11.927641972696952,3.405206194550882,34.24654275207673,11.367427470555821
248,2019-11-11,81300.0,-1000.0,2174477,669516,679784,-10268,850746,1283789,-433043,443311,654215,210904,30.08608506781171,18.158443095114755,9.699067867813731,-24.547474884262996
249,합계,,,984237514,308116680,302447576,5669104,300570576,320099265,-19528689,13859585,375550258,361690673,38.156466570121,8.070381502309289,36.74831205427921,27.04924418646548
