,날짜,종가,대비,거래량,기관 매수,기관 매도,기관 순매수,외국인 매수,외국인 매도,외국인 순매수,개인 순매수,개인 매수,개인 매도,개인매수비율(%),개인매수비율증가(%p),개인매도비율(%),개인매도비율증가(%p)
0,2020-11-11,56900.0,1400.0,3285787,170706,256049,-85343,1754401,1340717,413684,-328341,1360680,1689021,41.411083554716114,,51.403849366985746,
1,2020-11-10,55500.0,500.0,2606507,21091,63579,-42488,1694978,1104857,590121,-547633,890438,1438071,34.16211811439601,-7.248965440320106,55.17234367680578,3.768494309820035
2,2020-11-09,55000.0,1200.0,2142600,74420,106977,-32557,1136755,399366,737389,-704832,931425,1636257,43.471716605992725,9.309598491596716,76.36782413889667,21.195480462090885
3,2020-11-06,53800.0,300.0,2389344,122095,222889,-100794,1616325,399735,1216590,-1115796,650924,1766720,27.242791326824435,-16.22892527916829,73.94163418913308,-2.4261899497635824
4,2020-11-05,53500.0,1300.0,2026073,201714,123113,78601,1064884,537867,527017,-605618,759475,1365093,37.48507580921319,10.242284482388758,67.37629887965537,-6.565335309477717
5,2020-11-04,52200.0,0.0,1447736,48650,88618,-39968,532326,663947,-131621,171589,866760,695171,59.87003155271403,22.38495574350084,48.01780158813485,-19.358497291520514
6,2020-11-03,52200.0,1000.0,1960143,245436,263103,-17667,811793,858114,-46321,63988,902914,838926,46.063680047833245,-13.806351504880787,42.799224342305635,-5.218577245829216
7,2020-11-02,51200.0,1100.0,2743951,343309,383299,-39990,536971,599079,-62108,102098,1863671,1761573,67.91925220238991,21.85557215455667,64.19841316408346,21.399188821777827
8,2020-10-30,50100.0,-1600.0,3581887,155064,586215,-431151,732233,1652289,-920056,1351207,2694590,1343383,75.22822467598782,7.308972473597905,37.50489616227424,-26.69351700180922
9,2020-10-29,51700.0,-1200.0,3300363,141046,421114,-280068,202124,1430196,-1228072,1508140,2957193,1449053,89.60205286509392,14.373828189106106,43.9058673242913,6.400971162017058
10,2020-10-28,52900.0,-500.0,2083260,146250,554997,-408747,497676,887647,-389971,798718,1439334,640616,69.09046398433225,-20.51158888076168,30.750650422894886,-13.155216901396415
11,2020-10-27,53400.0,-100.0,1808876,118030,231211,-113181,673467,992259,-318792,431973,1017379,585406,56.243711564529576,-12.84675241980267,32.36297015384139,1.6123197309465027
12,2020-10-26,53500.0,200.0,2292408,211645,271422,-59777,420339,918063,-497724,557501,1660424,1102923,72.43143454393808,16.187722979408505,48.11198530104589,15.749015147204503
13,2020-10-23,53300.0,-200.0,1455825,76355,108969,-32614,612010,791243,-179233,211847,767460,555613,52.71650095306784,-19.71493359087024,38.164820634348224,-9.947164666697667
14,2020-10-22,53500.0,300.0,2123010,78077,603618,-525541,1185607,761221,424386,101155,859326,758171,40.47677589837071,-12.239725054697132,35.71207860537633,-2.4527420289718975
15,2020-10-21,53200.0,-100.0,1801444,236925,130953,105972,344314,1240613,-896299,790327,1220205,429878,67.73482828220028,27.258052383829572,23.86296770812748,-11.849110897248845
16,2020-10-20,53300.0,300.0,1808384,333344,210892,122452,270434,621315,-350881,228429,1204606,976177,66.61229031002264,-1.1225379721776392,53.98062579629105,30.11765808816357
17,2020-10-19,53000.0,0.0,1602973,267901,277943,-10042,322467,608624,-286157,296199,1012605,716406,63.170433937439995,-3.4418563725826488,44.69233106234478,-9.288294733946273
18,2020-10-16,53000.0,-200.0,1977121,224053,356084,-132031,733805,694904,38901,93130,1019263,926133,51.55288927688291,-11.617544660557087,46.8425048340491,2.150173771704324
19,2020-10-15,53200.0,-400.0,2462706,135778,191133,-55355,1014255,1207210,-192955,248310,1312673,1064363,53.3020587922391,1.7491695153561935,43.21924744569591,-3.6232573883531884
20,2020-10-14,53600.0,200.0,3346129,431012,1098642,-667630,1548162,1132849,415313,252317,1366955,1114638,40.851832072224354,-12.450226720014747,33.31126803539254,-9.907979410303376
21,2020-10-13,53400.0,1100.0,3716282,531820,751675,-219855,1886216,1066898,819318,-599463,1298246,1897709,34.9340012410253,-5.917830831199055,51.06472006160997,17.75345202621743
22,2020-10-12,52300.0,600.0,3716137,215317,103743,111574,2528745,1923449,605296,-716870,972075,1688945,26.15821214341667,-8.77578909760863,45.44894335165792,-5.615776709952051
23,2020-10-08,51700.0,300.0,2263004,227731,185938,41793,1093729,835070,258659,-300452,941544,1241996,41.60593618040445,15.447724036987779,54.88262504175865,9.433681690100734
24,2020-10-07,51400.0,500.0,1757262,211326,176367,34959,894714,882220,12494,-47453,651222,698675,37.05890185982511,-4.5470343205793355,39.7592959957024,-15.123329046056249
25,2020-10-06,50900.0,200.0,1735208,136704,173619,-36915,712535,876277,-163742,200657,885969,685312,51.058374557978055,13.999472698152942,39.4945159312313,-0.264780064471104
26,2020-10-05,50700.0,200.0,2058949,245288,197600,47688,806926,1041014,-234088,186400,1006735,820335,48.895577306674426,-2.1627972513036298,39.84241474655273,0.34789881532142886
27,2020-09-29,50500.0,0.0,2656730,297821,507902,-210081,1257460,1638296,-380836,590917,1101449,510532,41.45882344084645,-7.436753865827974,19.216555690642256,-20.62585905591047
28,2020-09-28,50500.0,-200.0,1784371,160357,173825,-13468,579451,964303,-384852,398320,1044563,646243,58.539563801474024,17.080740360627573,36.21685176457138,17.000296073929125
29,2020-09-25,50700.0,400.0,2041736,157517,239084,-81567,425989,1084597,-658608,740175,1458230,718055,71.42108480234467,12.881521000870642,35.168846511008276,-1.0480052535631046
30,2020-09-24,50300.0,-600.0,1926490,171575,242357,-70782,399483,750850,-351367,422149,1355432,933283,70.35759334333424,-1.0634914590104216,48.44473628204663,13.27588977103835
31,2020-09-23,50900.0,-100.0,1875836,252424,339140,-86716,340495,779696,-439201,525917,1282917,757000,68.39174640000512,-1.965846943329126,40.35534023230176,-8.08939604974487
32,2020-09-22,51000.0,-300.0,2117503,255146,633371,-378225,440339,557229,-116890,495115,1422018,926903,67.15541843388179,-1.2363279661233264,43.77339725138524,3.4180570190834842
33,2020-09-21,51300.0,400.0,1636797,268421,391105,-122684,182256,486536,-304280,426964,1186120,759156,72.46591972003858,5.310501286156793,46.38058354212526,2.6071862907400174
34,2020-09-18,50900.0,-100.0,2188690,155044,165038,-9994,867069,1320983,-453914,463908,1166577,702669,53.30023895572237,-19.165680764316214,32.10454655524537,-14.276036986879888
35,2020-09-17,51000.0,-700.0,2505013,234314,341189,-106875,688955,854265,-165310,272185,1581744,1309559,63.143145364914275,9.842906409191905,52.277533090646635,20.172986535401265
36,2020-09-16,51700.0,-300.0,2490139,268368,234132,34236,573896,1484113,-910217,875981,1647875,771894,66.17602471187351,3.032879346959234,30.99802862410492,-21.279504466541717
37,2020-09-15,52000.0,100.0,2939585,544507,241657,302850,512821,1536494,-1023673,720823,1882257,1161434,64.03138538263055,-2.1446393292429633,39.51013493401279,8.512106309907871
38,2020-09-14,51900.0,1000.0,2360763,217324,166674,50650,378505,904122,-525617,474967,1764934,1289967,74.76116831719236,10.729782934561811,54.64195262294436,15.13181768893157
39,2020-09-11,50900.0,200.0,1801308,99931,94195,5736,710394,765365,-54971,49235,990983,941748,55.014633810542115,-19.746534506650242,52.28134222465008,-2.360610398294277
40,2020-09-10,50700.0,1200.0,2645971,217752,178589,39163,1380570,644822,735748,-774911,1047649,1822560,39.59412253573451,-15.420511274807602,68.88057352102498,16.599231296374903
41,2020-09-09,49500.0,-500.0,2349972,259905,129913,129992,491042,1032435,-541393,411401,1599025,1187624,68.04442776339464,28.450305227660124,50.53779364179658,-18.342779879228402
42,2020-09-08,50000.0,1500.0,2548510,247118,354035,-106917,539765,380019,159746,-52829,1761627,1814456,69.12380175082696,1.0793739874323194,71.1967384864097,20.658944844613117
43,2020-09-07,48500.0,1000.0,2015714,172925,154757,18168,601940,779420,-177480,159312,1240849,1081537,61.55878264476012,-7.565019106066835,53.65528046141467,-17.54145802499503
44,2020-09-04,47500.0,-400.0,2886358,145523,264229,-118706,920803,1792674,-871871,990577,1820032,829455,63.056349905313205,1.4975672605530832,28.737079738549408,-24.91820072286526
45,2020-09-03,47900.0,800.0,3836969,1142766,444285,698481,1015058,2450262,-1435204,736723,1679145,942422,43.762276943076685,-19.29407296223652,24.561626638109406,-4.175453100440002
46,2020-09-02,47100.0,0.0,1881394,68856,87159,-18303,580546,1191111,-610565,628868,1231992,603124,65.4829344624252,21.72065751934852,32.05729368755295,7.495667049443544
47,2020-09-01,47100.0,-400.0,2632194,46444,228077,-181633,667740,1721581,-1053841,1235474,1918010,682536,72.86734944308816,7.384414980662953,25.930307568515087,-6.126986119037863
48,2020-08-31,47500.0,-700.0,3428166,65087,316573,-251486,1611324,1971816,-360492,611978,1751755,1139777,51.09889661119094,-21.76845283189722,33.24742734161648,7.317119773101393
49,2020-08-28,48200.0,-200.0,1479287,133430,65390,68040,147785,739888,-592103,524063,1198072,674009,80.98982820777849,29.89093159658755,45.56309897944077,12.315671637824288
50,2020-08-27,48400.0,-600.0,1861794,47948,364984,-317036,395001,825733,-430732,747768,1418845,671077,76.20848493442345,-4.781343273355034,36.044642962647856,-9.51845601679291
51,2020-08-26,49000.0,250.0,1345692,68980,228935,-159955,673687,331767,341920,-181965,603025,784990,44.81151704847766,-31.39696788594579,58.33355626696153,22.288913304313674
52,2020-08-25,48750.0,150.0,1305053,71697,109439,-37742,397622,571537,-173915,211657,835734,624077,64.03831875027298,19.226801701795317,47.82005022018263,-10.5135060467789
53,2020-08-24,48600.0,-50.0,1425077,70524,144687,-74163,322932,471765,-148833,222996,1031621,808625,72.39054451092818,8.352225760655202,56.74254794653201,8.922497726349377
54,2020-08-21,48650.0,400.0,2507784,311641,530920,-219279,540611,854959,-314348,533627,1655532,1121905,66.015733412447,-6.3748110984811746,44.736907165848415,-12.005640780683592
55,2020-08-20,48250.0,-1850.0,3748473,137572,434383,-296811,325290,983854,-658564,955375,3285611,2330236,87.6519852217156,21.6362518092686,62.164940230328455,17.42803306448004
56,2020-08-19,50100.0,-100.0,2154478,66920,818565,-751645,551018,593382,-42364,794009,1536540,742531,71.31843537042384,-16.333549851291764,34.46454315151976,-27.70039707880869
57,2020-08-18,50200.0,-400.0,2646982,127516,261253,-133737,616463,801003,-184540,318277,1903003,1584726,71.89331094809107,0.5748755776672283,59.86916420285442,25.404621051334658
58,2020-08-14,50600.0,-100.0,1467168,36323,331479,-295156,393937,300678,93259,201897,1036908,835011,70.67411502977164,-1.2191959183194285,56.913114244585486,-2.9560499582689346
59,2020-08-13,50700.0,0.0,1536456,49028,297952,-248924,323596,304640,18956,229968,1163832,933864,75.74782486449335,5.073709834721711,60.780393320732905,3.867279076147419
60,2020-08-12,50700.0,400.0,1278718,149899,256435,-106536,194376,132410,61966,44570,934443,889873,73.07655010721676,-2.671274757276592,69.59102788886995,8.81063456813704
61,2020-08-11,50300.0,200.0,2104642,373925,200780,173145,335011,669567,-334556,161411,1395706,1234295,66.31560141819844,-6.760948689018321,58.646316095563996,-10.944711793305949
62,2020-08-10,50100.0,100.0,1581887,138698,134694,4004,198996,614614,-415618,411614,1244193,832579,78.65245747641899,12.336856058220548,52.63201480257439,-6.014301292989607
63,2020-08-07,50000.0,-500.0,1788158,44187,154083,-109896,339193,905301,-566108,676004,1404778,728774,78.56006012891478,-0.09239734750420325,40.75557081644911,-11.876443986125281
64,2020-08-06,50500.0,550.0,1433270,91694,109090,-17396,309851,264926,44925,-27529,1031725,1059254,71.9839946416237,-6.576065487291089,73.90470741730448,33.14913660085537
65,2020-08-05,49950.0,-50.0,1466359,28005,293532,-265527,152541,474332,-321791,587318,1285813,698495,87.68746261999961,15.703467978375912,47.63465154167568,-26.2700558756288
66,2020-08-04,50000.0,950.0,1809664,63231,612224,-548993,693448,372593,320855,228138,1052985,824847,58.186768372471356,-29.50069424752825,45.580118740274436,-2.054532801401244
67,2020-08-03,49050.0,-450.0,1966185,88894,229049,-140155,516877,921290,-404413,544568,1360414,815846,69.19053903879848,11.00377066632712,41.49385739388715,-4.086261346387289
68,2020-07-31,49500.0,-1100.0,2148985,138608,72679,65929,467232,1283718,-816486,750557,1543145,792588,71.80808614299309,2.617547104194614,36.88196986018981,-4.611887533697335
69,2020-07-30,50600.0,400.0,1535279,116978,70256,46722,540743,372812,167931,-214653,877558,1092211,57.15951302662252,-14.64857311637057,71.14088058261723,34.258910722427416
70,2020-07-29,50200.0,700.0,2892867,328876,216374,112502,941984,629122,312862,-425364,1622007,2047371,56.069186727215595,-1.0903262994069252,70.77307736581045,-0.3678032168067773
71,2020-07-28,49500.0,2000.0,6280763,1334659,238494,1096165,3308399,2046226,1262173,-2358338,1637705,3996043,26.074937073728144,-29.99424965348745,63.623527905765584,-7.149549460044867
72,2020-07-27,47500.0,350.0,2146180,552602,355216,197386,809395,763928,45467,-242853,784183,1027036,36.53854755891864,10.463610485190493,47.854140845595424,-15.76938706017016
73,2020-07-24,47150.0,100.0,1043225,128274,318832,-190558,353229,235541,117688,72870,561722,488852,53.84476023868293,17.306212679764293,46.859689903903764,-0.9944509416916603
74,2020-07-23,47050.0,-200.0,1042936,57424,301830,-244406,437364,173626,263738,-19332,548148,567480,52.55816272522954,-1.286597513453387,54.411775986254185,7.552086082350421
75,2020-07-22,47250.0,-450.0,1385314,60148,465102,-404954,569492,448881,120611,284343,755674,471331,54.54893258856836,1.9907698633388193,34.023405523946195,-20.38837046230799
76,2020-07-21,47700.0,750.0,2250059,211860,185552,26308,1513920,813302,700618,-726926,524279,1251205,23.30067789333524,-31.248254695233122,55.60765295487807,21.584247430931875
77,2020-07-20,46950.0,-150.0,1056239,132595,151675,-19080,370751,461829,-91078,110158,552893,442735,52.34544454427454,29.0447666509393,41.916176168461874,-13.691476786416196
78,2020-07-17,47100.0,50.0,1379349,168801,110461,58340,715114,704400,10714,-69054,495434,564488,35.91795839921586,-16.42748614505868,40.92423309836742,-0.9919430700944574
79,2020-07-16,47050.0,-400.0,1508846,122057,250019,-127962,694077,727204,-33127,161089,692712,531623,45.91005311343901,9.99209471422315,35.23374817575816,-5.690484922609258
80,2020-07-15,47450.0,350.0,1926106,396912,127718,269194,748329,724211,24118,-293312,780865,1074177,40.54112286655044,-5.368930246888574,55.7693605647872,20.53561238902904
81,2020-07-14,47100.0,-100.0,956861,96190,128125,-31935,392688,326405,66283,-34348,467983,502331,48.90814862346778,8.367025756917343,52.49780271115658,-3.2715578536306182
82,2020-07-13,47200.0,450.0,2175062,212247,120799,91448,1397157,1032191,364966,-456414,565658,1022072,26.006523032446893,-22.90162559102089,46.9904765933109,-5.507326117845679
83,2020-07-10,46750.0,250.0,1784038,96768,250654,-153886,1099599,676448,423151,-269265,587671,856936,32.940497904192625,6.933974871745733,48.033506012764306,1.0430294194534042
84,2020-07-09,46500.0,0.0,1886506,332341,146846,185495,724748,882622,-157874,-27621,829417,857038,43.96577588409472,11.025277979902093,45.429911169113694,-2.603594843650612
85,2020-07-08,46500.0,-1100.0,3104265,168899,143993,24906,839553,2226217,-1386664,1361758,2095813,734055,67.51398479189116,23.548208907796443,23.646660320558972,-21.783250848554722
86,2020-07-07,47600.0,-350.0,2814307,178383,370503,-192120,1180395,853176,327219,-135099,1455529,1590628,51.718913395020515,-15.795071396870647,56.51934916837431,32.87268884781534
87,2020-07-06,47950.0,1050.0,2257798,214766,78921,135845,925149,332842,592307,-728152,1117883,1846035,49.51209098422446,-2.2068224107960575,81.76262889771363,25.243279729339314
88,2020-07-03,46900.0,250.0,1457760,79404,109109,-29705,897463,351298,546165,-516460,480893,997353,32.98848918889255,-16.523601795331906,68.41681758314125,-13.345811314572373
89,2020-07-02,46650.0,550.0,1461640,48659,221414,-172755,842900,662519,180381,-7626,570081,577707,39.00283243479927,6.014343245906716,39.52457513478011,-28.892242448361145
90,2020-07-01,46100.0,-400.0,1258369,35029,88225,-53196,340751,504933,-164182,217378,882589,665211,70.13753517449969,31.134702739700423,52.86295196401055,13.338376829230441
91,2020-06-30,46500.0,450.0,2137495,252205,123454,128751,1354647,857465,497182,-625933,530643,1156576,24.82546158002709,-45.3120735944726,54.10894528408253,1.2459933200719817
92,2020-06-29,46050.0,-800.0,2077760,63767,53459,10308,1208910,1135716,73194,-83502,805083,888585,38.7476416910519,13.922180111024815,42.76648891113507,-11.34245637294746
93,2020-06-26,46850.0,950.0,2740918,318458,308506,9952,940748,1098411,-157663,147711,1481712,1334001,54.058968564546625,15.311326873494721,48.66986170326876,5.903372792133688
94,2020-06-25,45900.0,-1100.0,3035356,174781,495156,-320375,724786,1892669,-1167883,1488258,2135789,647531,70.36370692597508,16.304738361428456,21.332950731314547,-27.33691097195421
95,2020-06-24,47000.0,1000.0,3154917,369046,279346,89700,1432330,1400747,31583,-121283,1353541,1474824,42.90258666075843,-27.46112026521665,46.74683993271455,25.413889201400004
96,2020-06-23,46000.0,-300.0,1633036,46894,272198,-225304,495791,517096,-21305,246609,1090351,843742,66.76833823626669,23.865751575508256,51.66707898662368,4.920239053909128
97,2020-06-22,46300.0,-700.0,2413886,137331,712998,-575667,669070,941923,-272853,848520,1607485,758965,66.59324425428541,-0.17509398198127712,31.441625660863853,-20.225453325759826
98,2020-06-19,47000.0,1100.0,2160511,142615,312211,-169596,1230028,868923,361105,-191509,787868,979377,36.46674328434338,-30.12650096994203,45.330803684869,13.889178024005144
99,2020-06-18,45900.0,0.0,1436184,163612,231631,-68019,389943,565469,-175526,243545,882629,639084,61.45654038758265,24.98979710323927,44.49875503417389,-0.832048650695107
100,2020-06-17,45900.0,-150.0,2446202,313782,176558,137224,901233,1306406,-405173,267949,1231187,963238,50.330553241310405,-11.125987146272244,39.37687893313798,-5.121876101035909
101,2020-06-16,46050.0,1600.0,1984472,172138,162245,9893,548845,580591,-31746,21853,1263489,1241636,63.66877436416336,13.338221122852957,62.56757464957934,23.19069571644136
102,2020-06-15,44450.0,-1600.0,3166662,142633,616322,-473689,519506,765497,-245991,719680,2504523,1784843,79.0903165541507,15.421542189987342,56.36354621996284,-6.2040284296165
103,2020-06-12,46050.0,-1500.0,3109103,60635,594650,-534015,544065,453810,90255,443760,2504403,2060643,80.55066043164219,1.460343877491482,66.27773348132887,9.914187261366024
104,2020-06-11,47550.0,-400.0,3386061,74577,1014164,-939587,1422603,882073,540530,399057,1888881,1489824,55.784021610951484,-24.7666388206907,43.99873481310585,-22.278998668223018
105,2020-06-10,47950.0,-50.0,1672882,135150,291399,-156249,304266,555993,-251727,407976,1233466,825490,73.73299491536164,17.94897330441016,49.345381204412504,5.346646391306656
106,2020-06-09,48000.0,200.0,2692335,320839,446413,-125574,605288,1103450,-498162,623736,1766208,1142472,65.60134604349012,-8.13164887187152,42.43424388124063,-6.911137323171872
107,2020-06-08,47800.0,50.0,3795200,287575,904204,-616629,822165,1448804,-626639,1243268,2685460,1442192,70.7593802698145,5.158034226324375,38.000421585160204,-4.433822296080429
108,2020-06-05,47750.0,850.0,2293955,322575,341186,-18611,666175,574395,91780,-73169,1305205,1378374,56.89758517494894,-13.861795094865563,60.08722926125404,22.086807676093834
109,2020-06-04,46900.0,700.0,3805378,453074,257647,195427,1009813,1322864,-313051,117624,2342491,2224867,61.557380107836856,4.65979493288792,58.4663862565033,-1.6208430047507392
110,2020-06-03,46200.0,2200.0,4824403,866502,209837,656665,978272,1274044,-295772,-360893,2979629,3340522,61.76161071121131,0.2042306033744552,69.24218395519611,10.775797698692813
111,2020-06-02,44000.0,50.0,2228440,153270,932994,-779724,266422,563462,-297040,1076764,1808748,731984,81.16655597637809,19.40494526516678,32.847373050205526,-36.394810904990585
112,2020-06-01,43950.0,1100.0,3188899,272968,576460,-303492,2019537,1341824,677713,-374221,896394,1270615,28.10982724758608,-53.05672872879201,39.8449433487859,6.997570298580371
113,2020-05-29,42850.0,-650.0,3546245,650029,93510,556519,1806985,3005695,-1198710,642191,1089231,447040,30.715052118508453,2.605224870922374,12.606010019048316,-27.23893332973758
114,2020-05-28,43500.0,550.0,3212121,353328,164766,188562,1335017,1588270,-253253,64691,1523776,1459085,47.43831256668102,16.723260448172567,45.42434733934369,32.81833732029537
115,2020-05-27,42950.0,0.0,2489476,361923,256022,105901,986889,1607932,-621043,515142,1140664,625522,45.81944152102692,-1.6188710456541031,25.126653159138712,-20.297694180204978
116,2020-05-26,42950.0,-150.0,1773306,110804,236460,-125656,555904,863898,-307994,433650,1106598,672948,62.40310470950868,16.583663188481765,37.94878041353269,12.822127254393976
117,2020-05-25,43100.0,750.0,1966036,68892,548789,-479897,1316192,587471,728721,-248824,580952,829776,29.549408047462002,-32.85369666204668,42.20553438492479,4.256753971392101
118,2020-05-22,42350.0,-950.0,1779284,27249,174185,-146936,525951,933047,-407096,554032,1226084,672052,68.90884198362937,39.35943393616737,37.770923584992616,-4.434610799932173
119,2020-05-21,43300.0,0.0,1811715,27218,345654,-318436,881077,823715,57362,261074,903420,642346,49.8654589711958,-19.043383012433573,35.45513505159476,-2.315788533397857
120,2020-05-20,43300.0,100.0,1906862,121885,858437,-736552,1087481,368331,719150,17402,697496,680094,36.57821069379955,-13.287248277396252,35.66561187962212,0.21047682802736034
121,2020-05-19,43200.0,1600.0,2312820,357889,407645,-49756,941038,328525,612513,-562757,1013893,1576650,43.83795539644244,7.259744702642891,68.17002620177965,32.50441432215753
122,2020-05-18,41600.0,650.0,2241226,225994,541853,-315859,1273316,699025,574291,-258432,741916,1000348,33.10313194653284,-10.734823449909598,44.63396373235006,-23.536062469429588
123,2020-05-15,40950.0,300.0,1319699,64826,210332,-145506,618324,554926,63398,82108,636549,554441,48.23440799758127,15.131276051048431,42.01268622617733,-2.6212775061727314
124,2020-05-14,40650.0,-400.0,1230762,91142,230757,-139615,377960,595951,-217991,357606,761660,404054,61.88523857577663,13.650830578195361,32.829580373784694,-9.183105852392636
125,2020-05-13,41050.0,200.0,3016935,477783,404064,73719,1380144,2138950,-758806,685087,1159008,473921,38.41673751671812,-23.46850105905851,15.708691105376815,-17.12088926840788
126,2020-05-12,40850.0,-650.0,2091230,227184,197292,29892,364796,1389430,-1024634,994742,1499250,504508,71.69225766654075,33.27552014982263,24.124940824299575,8.41624971892276
127,2020-05-11,41500.0,-150.0,1090117,20001,163612,-143611,362684,462828,-100144,243755,707432,463677,64.89505254940525,-6.797205117135505,42.534608670445465,18.40966784614589
128,2020-05-08,41650.0,50.0,1134653,56311,292733,-236422,368935,533411,-164476,400898,709407,308509,62.52193401859423,-2.37311853081102,27.189722320392224,-15.34488635005324
129,2020-05-07,41600.0,-400.0,1090970,80778,220423,-139645,309411,598030,-288619,428264,700781,272517,64.23467189748573,1.7127378788914953,24.979330320723758,-2.2103919996684667
130,2020-05-06,42000.0,800.0,1801667,152571,440868,-288297,1102397,848227,254170,34127,546699,512572,30.344064691199872,-33.89060720628585,28.44987447735902,3.4705441566352633
131,2020-05-04,41200.0,-1050.0,2912417,104501,875522,-771021,961525,1487961,-526436,1297457,1846391,548934,63.39720582595143,33.053141134751556,18.84805644246686,-9.601818034892162
132,2020-04-29,42250.0,-150.0,1833554,70109,294658,-224549,865793,1088176,-222383,446932,897652,450720,48.95694372786403,-14.440262098087402,24.581768521679752,5.733712079212893
133,2020-04-28,42400.0,-350.0,1336911,58422,205448,-147026,312370,810818,-498448,645474,966119,320645,72.26501988539252,23.30807615752849,23.984019878660582,-0.5977486430191696
134,2020-04-27,42750.0,250.0,1160164,95628,262660,-167032,336123,391273,-55150,222182,728413,506231,62.78534758878918,-9.47967229660334,43.63443444202716,19.650414563366574
135,2020-04-24,42500.0,-500.0,1570842,65124,168609,-103485,879789,898442,-18653,122138,625929,503791,39.846719148074726,-22.938628440714453,32.07139865116925,-11.56303579085791
136,2020-04-23,43000.0,50.0,1324611,54379,177006,-122627,706313,554391,151922,-29295,563919,593214,42.57242314913586,2.725704001061132,44.78401583559249,12.712617184423245
137,2020-04-22,42950.0,300.0,1818663,225723,359169,-133446,443650,739500,-295850,429296,1149290,719994,63.19422564818221,20.621802499046353,39.58919272014661,-5.194823115445878
138,2020-04-21,42650.0,-850.0,2119935,33652,109432,-75780,469298,967711,-498413,574193,1616985,1042792,76.27521598539579,13.080990337213578,49.18981006493124,9.600617344784624
139,2020-04-20,43500.0,-550.0,1775737,124657,330580,-205923,306431,673499,-367068,572991,1344649,771658,75.7234320172413,-0.5517839681544956,43.45564686662496,-5.734163198306277
140,2020-04-17,44050.0,1750.0,3207970,242828,371848,-129020,1263696,874486,389210,-260190,1701446,1961636,53.03808950831834,-22.68534250892295,61.14882620473383,17.69317933810887
141,2020-04-16,42300.0,200.0,2341232,45995,52846,-6851,1626021,1554329,71692,-64841,669216,734057,28.583925044591908,-24.454164463726435,31.353449807622653,-29.795376397111177
142,2020-04-14,42100.0,300.0,1193998,145033,50284,94749,345846,413270,-67424,-27325,703119,730444,58.8877870817204,30.30386203712849,61.17631687825272,29.822867070630068
143,2020-04-13,41800.0,-400.0,1167757,8554,152725,-144171,366955,388967,-22012,166183,792248,626065,67.84356676945632,8.95577968773592,53.612609472689954,-7.563707405562766
144,2020-04-10,42200.0,150.0,969434,89695,86307,3388,154542,184385,-29843,26455,725197,698742,74.80622713872218,6.962660369265862,72.0773152169204,18.464705744230443
145,2020-04-09,42050.0,350.0,2145679,65332,299968,-234636,1321258,1118529,202729,31907,759089,727182,35.37756579618853,-39.42866134253365,33.89053068981893,-38.186784527101466
146,2020-04-08,41700.0,-100.0,1708879,102150,259710,-157560,921583,563425,358158,-200598,685146,885744,40.09330093002489,4.715735133836361,51.8318734094105,17.941342719591567
147,2020-04-07,41800.0,850.0,2930364,181169,218938,-37769,1168843,1279140,-110297,148066,1580352,1432286,53.93022846308513,13.83692753306024,48.877409086379714,-2.954464323030784
148,2020-04-06,40950.0,1150.0,1847567,260029,174340,85689,530240,493930,36310,-121999,1057298,1179297,57.22650382908982,3.296275366004693,63.82972850240343,14.952319416023713
149,2020-04-03,39800.0,400.0,1396180,175397,205012,-29615,509410,521795,-12385,42000,711373,669373,50.95138162701084,-6.2751222020789825,47.94317351630878,-15.886554986094644
150,2020-04-02,39400.0,400.0,2003481,273504,189353,84151,707793,1040378,-332585,248434,1022184,773750,51.02039899554824,0.06901736853740204,38.62028140022291,-9.322892116085875
151,2020-04-01,39000.0,-1100.0,2688956,77575,320141,-242566,1228664,1342635,-113971,356537,1382717,1026180,51.42207607710948,0.40167708156123894,38.162766516075386,-0.4575148841475212
152,2020-03-31,40100.0,-350.0,3287643,331308,445831,-114523,1088543,1818195,-729652,844175,1867792,1023617,56.81249454396357,5.390418466854086,31.135284457588615,-7.027482058486772
153,2020-03-30,40450.0,-650.0,2807999,523103,263162,259941,477426,1345583,-868157,608216,1807470,1199254,64.36861266688484,7.556118122921276,42.70849099305235,11.573206535463736
154,2020-03-27,41100.0,350.0,3423688,166805,237935,-71130,873466,1553427,-679961,751091,2383417,1632326,69.61548482221511,5.246872155330266,47.67741686742484,4.968925874372488
155,2020-03-26,40750.0,-700.0,3762796,114168,200408,-86240,1319501,1839080,-519579,605819,2329127,1723308,61.89883799174869,-7.716646830466416,45.798602953760984,-1.8788139136638549
156,2020-03-25,41450.0,2300.0,4241958,291652,705201,-413549,992910,1033261,-40351,453900,2957396,2503496,69.71771054781777,7.818872556069081,59.01746316205865,13.218860208297663
157,2020-03-24,39150.0,3150.0,4179097,415599,504961,-89362,1252148,1377504,-125356,214718,2511350,2296632,60.09312538091363,-9.624585166904147,54.95522118773505,-4.062241974323598
158,2020-03-23,36000.0,-2000.0,3367606,178201,456489,-278288,1277776,1470076,-192300,470588,1911629,1441041,56.76522134715284,-3.327904033760788,42.79125883491121,-12.163962352823837
159,2020-03-20,38000.0,2550.0,4623584,203042,1054173,-851131,1823895,1697886,126009,725122,2596647,1871525,56.160913265553305,-0.6043080815995339,40.47779817561442,-2.313460659296794
160,2020-03-19,35450.0,-2550.0,5640126,690415,575579,114836,1840840,2481673,-640833,525997,3108871,2582874,55.12059482359082,-1.0403184419624836,45.79461522668111,5.316817051066693
161,2020-03-18,38000.0,-1650.0,3745813,323334,203266,120068,981471,2190463,-1208992,1088924,2441008,1352084,65.16630702066547,10.04571219707465,36.09587558161606,-9.698739645065046
162,2020-03-17,39650.0,-1350.0,4684902,431186,272303,158883,1801235,2863042,-1061807,902924,2452481,1549557,52.34860835936376,-12.817698661301712,33.075547791608024,-3.0203277900080394
163,2020-03-16,41000.0,-1700.0,4531444,410881,135146,275735,1558150,3043976,-1485826,1210091,2562413,1352322,56.54738312996916,4.198774770605404,29.843069891187003,-3.2324779004210207
164,2020-03-13,42700.0,-400.0,5773939,696639,572617,124022,1749778,2729744,-979966,855944,3327522,2471578,57.630016527711845,1.0826333977426827,42.80575184462461,12.962681953437606
165,2020-03-12,43100.0,-1250.0,4624793,554303,1099579,-545276,1994973,2054872,-59899,605175,2075517,1470342,44.87805183929313,-12.751964688418717,31.79260131210197,-11.01315053252264
166,2020-03-11,44350.0,-1150.0,3413664,203555,537258,-333703,1288307,1763328,-475021,808724,1921802,1113078,56.29733916401849,11.41928732472536,32.60654827188616,0.8139469597841931
167,2020-03-10,45500.0,0.0,5812655,936173,633442,302731,1981127,3760755,-1779628,1476897,2895355,1418458,49.81123084029587,-6.486108323722618,24.40292774988366,-8.203620522002502
168,2020-03-09,45500.0,-1950.0,3515886,581936,460167,121769,474258,1907006,-1432748,1310979,2459692,1148713,69.95937866017272,20.148147819876847,32.67207753607483,8.269149786191171
169,2020-03-06,47450.0,-1600.0,3419692,397680,142898,254782,904200,2722449,-1818249,1563467,2117812,554345,61.929904798443836,-8.029473861728881,16.21037801065125,-16.46169952542358
170,2020-03-05,49050.0,850.0,2588823,114136,467726,-353590,1310484,1176010,134474,219116,1164203,945087,44.970359116865076,-16.95954568157876,36.50643555005499,20.296057539403737
171,2020-03-04,48200.0,1600.0,3658066,453933,381740,72193,1698271,1958441,-260170,187977,1505862,1317885,41.16552298400302,-3.8048361328620572,36.02682401028303,-0.4796115397719589
172,2020-03-03,46600.0,600.0,3308530,419928,412425,7503,895307,1821917,-926610,919107,1993295,1074188,60.2471490359767,19.08162605197368,32.46722864837254,-3.559595361910489
173,2020-03-02,46000.0,450.0,4067855,654357,353980,300377,1349849,2562526,-1212677,912300,2063649,1151349,50.7306430538945,-9.5165059820822,28.303589975552224,-4.163638672820316
174,2020-02-28,45550.0,-2000.0,3872934,559903,248226,311677,1278515,2118361,-839846,528169,2034516,1506347,52.53164655013486,1.8010034962403623,38.894207853787336,10.590617878235111
175,2020-02-27,47550.0,-550.0,2079918,289802,553173,-263371,445423,744423,-299000,562371,1344693,782322,64.65125067430543,12.119604124170571,37.61311744020678,-1.2810904135805572
176,2020-02-26,48100.0,-1500.0,3118050,234919,749982,-515063,651512,1847802,-1196290,1711353,2231619,520266,71.5709818636648,6.919731189359368,16.68562082070525,-20.92749661950153
177,2020-02-25,49600.0,900.0,3759466,463336,929506,-466170,1597453,1962757,-365304,831474,1698677,867203,45.183996876152094,-26.386984987512704,23.067185605615265,6.381564784910015
178,2020-02-24,48700.0,-1700.0,3559473,324094,953702,-629608,982569,1452353,-469784,1099392,2252810,1153418,63.29054890990885,18.106552033756756,32.40417893322972,9.336993327614458
179,2020-02-21,50400.0,-500.0,1931325,136936,375957,-239021,1054533,1004755,49778,189243,739856,550613,38.30820809547849,-24.98234081443036,28.50959833275083,-3.8945806004788928
180,2020-02-20,50900.0,-200.0,1875311,335698,420224,-84526,765169,904167,-138998,223524,774444,550920,41.29683023242545,2.988622136946958,29.37752724748055,0.8679289147297204
181,2020-02-19,51100.0,100.0,2681487,665227,649203,16024,611679,1414994,-803315,787291,1404581,617290,52.38067534916261,11.083845116737159,23.020436049102607,-6.357091198377944
182,2020-02-18,51000.0,-1500.0,2581442,316773,451437,-134664,310925,1561059,-1250134,1384798,1953744,568946,75.68421060786955,23.303535258706937,22.039852144654034,-0.9805839044485722
183,2020-02-17,52500.0,-200.0,2330946,163645,603351,-439706,759180,1304015,-544835,984541,1408121,423580,60.40985076445358,-15.274359843415965,18.172021145062992,-3.8678309995910425
184,2020-02-14,52700.0,1300.0,3009997,333061,902272,-569211,1530735,917287,613448,-44237,1146201,1190438,38.07980539515488,-22.330045369298702,39.549474634027874,21.377453488964882
185,2020-02-13,51400.0,500.0,2076607,167841,270577,-102736,987876,1041333,-53457,156193,920890,764697,44.345896936685655,6.266091541530777,36.82434856475009,-2.725126069277785
186,2020-02-12,50900.0,-100.0,1951794,407988,502902,-94914,406735,1088615,-681880,776794,1137071,360277,58.2577362160146,13.911839279328944,18.458761529136783,-18.365587035613306
187,2020-02-11,51000.0,0.0,2090150,257307,520367,-263060,678947,1005942,-326995,590055,1153896,563841,55.206372748367336,-3.0513634676472634,26.97610219362247,8.517340664485687
188,2020-02-10,51000.0,-200.0,1900584,423221,709094,-285873,666079,754932,-88853,374726,811284,436558,42.68603755477264,-12.520335193594697,22.969676688849322,-4.006425504773148
189,2020-02-07,51200.0,-100.0,1991501,373666,477778,-104112,734452,771784,-37332,141444,883383,741939,44.35764782442991,1.6716102696572719,37.25526625394615,14.285589565096824
190,2020-02-06,51300.0,600.0,2322521,262990,337526,-74536,714462,1322709,-608247,682783,1345069,662286,57.914180323880814,13.556532499450903,28.515823968868308,-8.739442285077839
191,2020-02-05,50700.0,1050.0,2396249,253341,1029296,-775955,812702,701028,111674,664281,1330206,665925,55.51201064663981,-2.4021696772410053,27.790308937009467,-0.7255150318588406
192,2020-02-04,49650.0,1900.0,2804961,572618,718071,-145453,1097517,1184731,-87214,232667,1134826,902159,40.45781741706926,-15.05419322957055,32.16297838009156,4.372669443082092
193,2020-02-03,47750.0,250.0,2541142,480228,485579,-5351,918676,1290775,-372099,377450,1142238,764788,44.94979029113682,4.491972874067564,30.09623232389217,-2.0667460561993884
194,2020-01-31,47500.0,-450.0,2976123,672726,502373,170353,1270569,1861804,-591235,420882,1032828,611946,34.703807604726016,-10.245982686410805,20.561851778303517,-9.534380545588654
195,2020-01-30,47950.0,-1650.0,2526970,601198,1182999,-581801,543354,771410,-228056,809857,1382418,572561,54.70654578408133,20.002738179355312,22.658005437341956,2.096153659038439
196,2020-01-29,49600.0,500.0,2066704,355729,752283,-396554,799529,861520,-61991,458545,911446,452901,44.10142913547368,-10.605116648607648,21.91416864727605,-0.743836790065906
197,2020-01-28,49100.0,-1200.0,3157911,779457,295430,484027,875339,1763305,-887966,403939,1503115,1099176,47.59839653492451,3.4969673994508312,34.807060743637166,12.892892096361116
198,2020-01-23,50300.0,-800.0,2419343,287887,564308,-276421,1099075,1335305,-236230,512651,1032381,519730,42.671956808108646,-4.926439726815865,21.482278453282564,-13.324782290354602
199,2020-01-22,51100.0,100.0,2775348,361095,431756,-70661,1329986,1807619,-477633,548294,1084267,535973,39.06778537322167,-3.604171434886979,19.311920523119984,-2.170357930162581
200,2020-01-21,51000.0,-1200.0,2591716,203372,410712,-207340,1128512,1786794,-658282,865622,1259832,394210,48.60995572045702,9.542170347235356,15.210385705841226,-4.101534817278758
201,2020-01-20,52200.0,1300.0,3405491,614050,577838,36212,1842312,2059694,-217382,181170,949129,767959,27.870547888689178,-20.739407831767846,22.550610176329933,7.340224470488707
202,2020-01-17,50900.0,500.0,2192507,383248,276110,107138,1006962,1509164,-502202,395064,802297,407233,36.59267678506842,8.722128896379242,18.573851759652307,-3.976758416677626
203,2020-01-16,50400.0,1150.0,1734748,262148,232448,29700,932270,1136879,-204609,174909,540330,365421,31.147463493256655,-5.445213291811765,21.06478866094672,2.4909369012944147
204,2020-01-15,49250.0,-500.0,3151318,269963,1264883,-994920,2239360,1618491,620869,374051,641995,267944,20.372269634483096,-10.775193858773559,8.50260113387478,-12.562187527071941
205,2020-01-14,49750.0,250.0,3776068,301961,803496,-501535,2434012,2406387,27625,473910,1040095,566185,27.54439273869009,7.172123104206992,14.994036124349455,6.491434990474675
206,2020-01-13,49500.0,950.0,2297331,203209,557577,-354368,1596180,1167903,428277,-73909,497942,571851,21.67480437081117,-5.869588367878919,24.89197246718039,9.897936342830937
207,2020-01-10,48550.0,150.0,2342259,309664,288919,20745,1074973,1656021,-581048,560303,957622,397319,40.884547780582764,19.209743409771594,16.963068559027842,-7.928903908152549
208,2020-01-09,48400.0,1700.0,2643434,388256,295520,92736,1599588,1494663,104925,-197661,655590,853251,24.80069485373949,-16.083852926843274,32.27812761733412,15.315059058306279
209,2020-01-08,46700.0,400.0,3625223,1050343,938430,111913,1838087,1250527,587560,-699473,736793,1436266,20.324073856973765,-4.476620996765725,39.61869380173302,7.340566184398902
210,2020-01-07,46300.0,600.0,1655637,232153,574413,-342260,1151287,712456,438831,-96571,272197,368768,16.440620739932726,-3.8834531170410393,22.273481445510097,-17.345212356222927
211,2020-01-06,45700.0,50.0,1212706,604770,422574,182196,272674,440553,-167879,-14317,335262,349579,27.64577729474415,11.205156554811424,28.82636022251065,6.552878777000554
212,2020-01-03,45650.0,50.0,1892001,453619,647902,-194283,913178,929173,-15995,210278,525204,314926,27.75918194546409,0.11340465071993933,16.645128623082122,-12.181231599428529
213,2020-01-02,45600.0,200.0,1512362,156642,555516,-398874,900456,673194,227262,171612,455264,283652,30.10284574724834,2.3436638017842526,18.75556249099091,2.110433867908789
214,2019-12-30,45400.0,-300.0,1913850,119835,442092,-322257,1438928,1172359,266569,55688,355087,299399,18.55354390364971,-11.54930184359863,15.643806985918438,-3.1117555050724732
215,2019-12-27,45700.0,400.0,1400514,257197,388495,-131298,287479,572543,-285064,416362,855838,439476,61.10885003648661,42.5553061328369,31.37962205304624,15.735815067127803
216,2019-12-26,45300.0,400.0,1119201,173161,330223,-157062,181776,230314,-48538,205600,764264,558664,68.28657229577172,7.177722259285112,49.916324234878275,18.536702181832034
217,2019-12-24,44900.0,-200.0,987529,194378,237115,-42737,266089,373732,-107643,150380,527062,376682,53.371799714236246,-14.914772581535473,38.14389248315745,-11.772431751720823
218,2019-12-23,45100.0,-50.0,1268063,317686,169698,147988,413078,629121,-216043,68055,537299,469244,42.371632955144975,-11.000166759091272,37.00478603981032,-1.1391064433471314
219,2019-12-20,45150.0,-600.0,2658532,742799,121378,621421,1122835,2217993,-1095158,473737,792898,319161,29.824655110414316,-12.546977844730659,12.0051592382563,-24.99962680155402
220,2019-12-19,45750.0,-950.0,3214033,1156059,375238,780821,761292,2220529,-1459237,678416,1296682,618266,40.344389743353595,10.51973463293928,19.236454635033308,7.231295396777007
221,2019-12-18,46700.0,200.0,2691398,430332,555099,-124767,1706436,1466337,240099,-115332,554630,669962,20.607505838972905,-19.73688390438069,24.89271374950862,5.656259114475311
222,2019-12-17,46500.0,1500.0,2426141,406531,320677,85854,1412145,1312427,99718,-185572,607465,793037,25.038322175009615,4.43081633603671,32.687176878837626,7.7944631293290065
223,2019-12-16,45000.0,100.0,1851324,254983,308007,-53024,1227220,1103055,124165,-71141,369121,440262,19.93821718942767,-5.100104985581943,23.780926515293917,-8.906250363543709
224,2019-12-13,44900.0,1300.0,2534594,530371,103494,426877,1488422,1515617,-27195,-399682,515801,915483,20.350438768497046,0.4122215790693744,36.11951263200339,12.338586116709475
225,2019-12-12,43600.0,1400.0,1714165,157329,80806,76523,1290315,642014,648301,-724824,266521,991345,15.548153182453264,-4.802285586043782,57.832530707370644,21.713018075367252
226,2019-12-11,42200.0,200.0,750327,205050,147457,57593,360611,402782,-42171,-15422,184666,200088,24.61140276172922,9.063249579275956,26.666773286846933,-31.16575742052371
227,2019-12-10,42000.0,100.0,735751,89451,231121,-141670,505188,361504,143684,-2014,141112,143126,19.179314740992538,-5.432088020736682,19.453048653688544,-7.213724633158389
228,2019-12-09,41900.0,150.0,1021251,168383,100727,67656,580969,637097,-56128,-11528,271899,283427,26.624111016782358,7.44479627578982,27.752922640957024,8.29987398726848
229,2019-12-06,41750.0,850.0,1233398,160810,382729,-221919,880191,460961,419230,-197311,192397,389708,15.598938866448625,-11.025172150333733,31.596289275643386,3.8433666346863617
230,2019-12-05,40900.0,0.0,1236208,283120,464204,-181084,751765,654018,97747,83337,201323,117986,16.285528001760223,0.686589135311598,9.544186738801237,-22.05210253684215
231,2019-12-04,40900.0,-200.0,1347956,115437,532732,-417295,972908,638975,333933,83362,259611,176249,19.259604912920008,2.9740769111597842,13.075278421550852,3.531091682749615
232,2019-12-03,41100.0,-200.0,1058152,164509,655537,-491028,673750,273253,400497,90531,219893,129362,20.7808519002941,1.5212469873740915,12.225275763784408,-0.8500026577664439
233,2019-12-02,41300.0,450.0,654720,91069,256403,-165334,323179,227213,95966,69368,240472,171104,36.728983382209194,15.948131481915095,26.133919843597265,13.908644079812857
234,2019-11-29,40850.0,-850.0,1452647,355965,423764,-67799,637786,901188,-263402,331201,458896,127695,31.590331305540854,-5.13865207666834,8.790504506600708,-17.343415336996557
235,2019-11-28,41700.0,-550.0,1064367,319827,96472,223355,408541,862887,-454346,230991,335999,105008,31.567964809130682,-0.02236649641017152,9.865769983473745,1.075265476873037
236,2019-11-27,42250.0,-50.0,1407280,150673,133709,16964,993160,1165744,-172584,155620,263447,107827,18.720297311125005,-12.847667498005677,7.662085725655164,-2.2036842578185816
237,2019-11-26,42300.0,250.0,4426145,359944,199889,160055,3819785,3948280,-128495,-31560,246416,277976,5.5672825901546386,-13.153014720970367,6.28031842607958,-1.3817672995755839
238,2019-11-25,42050.0,400.0,1359949,64569,395941,-331372,1110080,766860,343220,-11848,185300,197148,13.625510956660875,8.058228366506237,14.496720097591895,8.216401671512315
239,2019-11-22,41650.0,550.0,1081731,108072,152933,-44861,836860,742201,94659,-49798,136799,186597,12.646304857677185,-0.9792060989836902,17.249852320031504,2.753132222439609
240,2019-11-21,41100.0,-1250.0,1236496,155802,158336,-2534,603121,833871,-230750,233284,477573,244289,38.623092998279006,25.97678814060182,19.756554004218373,2.5067016841868686
241,2019-11-20,42350.0,-700.0,1066683,73111,221429,-148318,697908,681237,16671,131647,295664,164017,27.718075566967883,-10.905017431311123,15.37635829951354,-4.380195704704832
242,2019-11-19,43050.0,100.0,1192981,457691,177712,279979,531407,820041,-288634,8655,203883,195228,17.09021350717237,-10.627862059795515,16.364719974584673,0.9883616750711326
243,2019-11-18,42950.0,-150.0,1578051,522514,185478,337036,797489,1292089,-494600,157564,258048,100484,16.352323213888525,-0.7378902932838436,6.367601554068912,-9.997118420515761
244,2019-11-15,43100.0,750.0,1492581,891328,72501,818827,411682,1162715,-751033,-67794,189571,257365,12.700885245088877,-3.651437968799648,17.242950298844754,10.875348744775842
245,2019-11-14,42350.0,-350.0,1116878,459507,162850,296657,368006,906424,-538418,241761,289365,47604,25.90838032444009,13.207495079351212,4.262238131649115,-12.98071216719564
246,2019-11-13,42700.0,-100.0,499397,108939,46830,62109,255304,365042,-109738,47629,135154,87525,27.063438506839248,1.1550581823991593,17.526136520643895,13.26389838899478
247,2019-11-12,42800.0,400.0,861066,241247,126202,115045,400786,631884,-231098,116053,219033,102980,25.4374229153166,-1.6260155915226484,11.959594270357906,-5.566542250285989
248,2019-11-11,42400.0,-200.0,1184839,307108,202908,104200,670441,842914,-172473,68273,207290,139017,17.49520398974038,-7.942218925576221,11.732986507027537,-0.22660776333036914
249,합계,,,573506784,64533699,86972897,-22439198,218381535,265535175,-47153640,69592838,290591550,220998712,50.669243696339606,33.17403970659923,38.53462908644512,26.801642579417585
