,날짜,종가,대비,거래량,기관 매수,기관 매도,기관 순매수,외국인 매수,외국인 매도,외국인 순매수,개인 순매수,개인 매수,개인 매도,개인매수비율(%),개인매수비율증가(%p),개인매도비율(%),개인매도비율증가(%p)
0,2020-11-11,761000.0,9000.0,117807,24454,11174,13280,21628,14358,7270,-20550,71725,92275,60.88347891042128,,78.32726408447715,
1,2020-11-10,752000.0,-9000.0,210011,13664,62862,-49198,16918,37079,-20161,69359,179429,110070,85.43790563351443,24.55442672309315,52.41154034788654,-25.915723736590607
2,2020-11-09,761000.0,-16000.0,263933,26307,90159,-63852,21177,41222,-20045,83897,216449,132552,82.00907048379702,-3.4288351497174148,50.22183660247108,-2.189703745415464
3,2020-11-06,777000.0,-4000.0,157305,35489,16435,19054,17600,33559,-15959,-3095,104216,107311,66.25091382982104,-15.758156653975973,68.21842916626935,17.996592563798266
4,2020-11-05,781000.0,48000.0,447218,142471,18776,123695,133052,52863,80189,-203884,171695,375579,38.39179102808921,-27.859122801731836,83.98119038142472,15.762761215155379
5,2020-11-04,733000.0,34000.0,252251,73425,10633,62792,47598,16602,30996,-93788,131228,225016,52.02278682740603,13.630995799316821,89.20321425881365,5.222023877388921
6,2020-11-03,699000.0,1000.0,97868,28471,6274,22197,13912,27440,-13528,-8669,55485,64154,56.69370989496056,4.670923067554533,65.55155924306209,-23.651655015751558
7,2020-11-02,698000.0,16000.0,84738,25547,6787,18760,7590,20605,-13015,-5745,51601,57346,60.894757959829114,4.2010480648685515,67.67447898227478,2.1229197392126906
8,2020-10-30,682000.0,-15000.0,251134,52744,13609,39135,56292,66308,-10016,-29119,142098,171217,56.58254159134167,-4.312216368487441,68.17754664840284,0.5030676661280609
9,2020-10-29,697000.0,60000.0,301106,47551,14924,32627,87570,49300,38270,-70897,165985,236882,55.125105444594254,-1.457436146747419,78.67063426168858,10.493087613285738
10,2020-10-28,637000.0,2000.0,55140,6483,12697,-6214,11140,17763,-6623,12837,37517,24680,68.03953572723975,12.914430282645498,44.75879579252811,-33.911838469160465
11,2020-10-27,635000.0,5000.0,127882,14657,12079,2578,45873,37915,7958,-10536,67352,77888,52.667302669648585,-15.372233057591167,60.90614785505388,16.14735206252577
12,2020-10-26,630000.0,-6000.0,189595,17005,33255,-16250,48611,46105,2506,13744,123979,110235,65.39149239167699,12.724189722028406,58.142356074791,-2.7637917802628778
13,2020-10-23,636000.0,-22000.0,196988,22778,47041,-24263,29864,54600,-24736,48999,144346,95347,73.27654476414807,7.88505237247108,48.402440757812656,-9.739915316978347
14,2020-10-22,658000.0,-30000.0,186612,15767,63281,-47514,6520,59757,-53237,100751,164325,63574,88.05703813259598,14.780493368447907,34.06747690395044,-14.334963853862213
15,2020-10-21,688000.0,6000.0,46859,11759,14824,-3065,5283,8288,-3005,6070,29817,23747,63.63131949038605,-24.42571864220993,50.67756460871977,16.610087704769327
16,2020-10-20,682000.0,-4000.0,81702,15015,9186,5829,9748,30515,-20767,14938,56939,42001,69.69107243396735,6.059752943581302,51.4075542826369,0.7299896739171317
17,2020-10-19,686000.0,-1000.0,58832,20243,12600,7643,5713,16377,-10664,3021,32876,29855,55.881153113951584,-13.809919320015766,50.74619254827305,-0.6613617343638509
18,2020-10-16,687000.0,-17000.0,113875,10784,31936,-21152,18503,19305,-802,21954,84588,62634,74.2814489571899,18.40029584323831,55.002414928649834,4.256222380376784
19,2020-10-15,704000.0,-3000.0,67044,14646,15815,-1169,21384,15956,5428,-4259,31014,35273,46.25917308036514,-28.022275876824757,52.61171767794285,-2.3906972507069852
20,2020-10-14,707000.0,-16000.0,64578,6922,13020,-6098,15681,22388,-6707,12805,41975,29170,64.99891603951811,18.73974295915297,45.17018179565797,-7.441535882284882
21,2020-10-13,723000.0,4000.0,57458,15714,13625,2089,20048,4952,15096,-17185,21696,38881,37.759754951442794,-27.239161088075313,67.66855790316406,22.49837610750609
22,2020-10-12,719000.0,4000.0,54650,13689,8319,5370,19849,12332,7517,-12887,21112,33999,38.63129002744739,0.8715350760045979,62.21225983531564,-5.456298067848415
23,2020-10-08,715000.0,-6000.0,75344,13477,19917,-6440,11037,15815,-4778,11218,50830,39612,67.46389891696751,28.832608889520117,52.57485665746443,-9.637403177851212
24,2020-10-07,721000.0,9000.0,87946,28380,14113,14267,12466,16512,-4046,-10221,47100,57321,53.555590930798445,-13.908307986169063,65.17749528119528,12.602638623730847
25,2020-10-06,712000.0,27000.0,101544,16569,9551,7018,21214,7243,13971,-20989,63761,84750,62.79149925155597,9.235908320757524,83.46135665327346,18.283861372078178
26,2020-10-05,685000.0,-5000.0,69478,10692,19056,-8364,13709,17007,-3298,11662,45077,33415,64.87953021100205,2.0880309594460797,48.09436080485909,-35.36699584841436
27,2020-09-29,690000.0,5000.0,69147,10674,18560,-7886,12394,20452,-8058,15944,46079,30135,66.63918897421436,1.7596587632123146,43.58106642370602,-4.513294381153074
28,2020-09-28,685000.0,10000.0,59316,8885,5683,3202,11282,13787,-2505,-697,39149,39846,66.00074178973632,-0.6384471844780393,67.17580416750961,23.59473774380359
29,2020-09-25,675000.0,2000.0,109274,10884,14557,-3673,25379,19792,5587,-1914,73011,74925,66.8146128081703,0.8138710184339715,68.56617310613686,1.3903689386272475
30,2020-09-24,673000.0,-32000.0,186230,11402,27141,-15739,35331,35682,-351,16090,139497,123407,74.90576169253073,8.091148884360436,66.26590774848306,-2.3002653576537995
31,2020-09-23,705000.0,-26000.0,199488,10329,51252,-40923,22380,41003,-18623,59546,166779,107233,83.6035250240616,8.697763331530865,53.754110522938724,-12.511797225544335
32,2020-09-22,731000.0,-9000.0,174966,6654,26487,-19833,14755,27092,-12337,32170,153557,121387,87.76390841649234,4.160383392430745,69.37747905307316,15.623368530134435
33,2020-09-21,740000.0,-18000.0,96630,9798,19007,-9209,7374,14947,-7573,16782,79458,62676,82.2291213908724,-5.5347870256199485,64.86184414778019,-4.51563490529297
34,2020-09-18,758000.0,1000.0,64797,7504,11961,-4457,17062,16757,305,4152,40231,36079,62.087750976125434,-20.14137041474696,55.68004691575227,-9.181797232027918
35,2020-09-17,757000.0,-19000.0,121310,15888,22134,-6246,19156,48562,-29406,35652,86266,50614,71.11202703816669,9.024276062041253,41.72285879152584,-13.957188124226434
36,2020-09-16,776000.0,3000.0,79971,8217,17387,-9170,26856,10105,16751,-7581,44898,52479,56.14285178377162,-14.969175254395068,65.62253817008666,23.89967937856082
37,2020-09-15,773000.0,10000.0,93709,7217,16187,-8970,35354,18223,17131,-8161,51138,59299,54.57106574608629,-1.571786037685328,63.279941094238545,-2.3425970758481114
38,2020-09-14,763000.0,2000.0,77199,11886,23138,-11252,27845,18636,9209,2043,37468,35425,48.53430743921553,-6.036758306870759,45.88790010233293,-17.392040991905617
39,2020-09-11,761000.0,-3000.0,72604,9294,13618,-4324,25906,22696,3210,1114,37404,36290,51.51782270949259,2.98351527027706,49.983471985014596,4.095571882681668
40,2020-09-10,764000.0,5000.0,84507,18173,27891,-9718,25057,20348,4709,5009,41277,36268,48.84447442223721,-2.6733482872553793,42.917154791910725,-7.06631719310387
41,2020-09-09,759000.0,-15000.0,129170,6810,33573,-26763,37973,25495,12478,14285,84387,70102,65.33018502748315,16.48571060524594,54.27111558411396,11.353960792203232
42,2020-09-08,774000.0,-2000.0,71815,8151,18211,-10060,6116,12643,-6527,16587,57548,40961,80.1336768084662,14.803491780983052,57.036830745665945,2.765715161551988
43,2020-09-07,776000.0,3000.0,85511,12078,11275,803,15988,18616,-2628,1825,57445,55620,67.17849165604424,-12.955185152421961,65.04426331115295,8.007432565487
44,2020-09-04,773000.0,-6000.0,124897,24280,21545,2735,16288,25224,-8936,6201,84329,78128,67.51883552046887,0.34034386442462505,62.553944450226986,-2.49031886092596
45,2020-09-03,779000.0,9000.0,132075,11834,19369,-7535,39973,29161,10812,-3277,80268,83545,60.77455990914253,-6.744275611326337,63.25572591330684,0.701781463079854
46,2020-09-02,770000.0,-11000.0,188679,10591,13649,-3058,29030,63047,-34017,37075,149058,111983,79.00084270109551,18.226282791952976,59.3510671563873,-3.904658756919538
47,2020-09-01,781000.0,3000.0,162447,19170,14217,4953,28609,42582,-13973,9020,114668,105648,70.58794560687485,-8.412897094220654,65.03536538070878,5.684298224321481
48,2020-08-31,778000.0,-21000.0,233612,24670,22611,2059,19233,70900,-51667,49608,189709,140101,81.20687293460952,10.618927327734667,59.97166241460199,-5.063702966106796
49,2020-08-28,799000.0,-2000.0,100079,12434,15474,-3040,11942,18260,-6318,9358,75703,66345,75.64324183894723,-5.563631095662288,66.29262882322965,6.320966408627662
50,2020-08-27,801000.0,-11000.0,132306,10246,19082,-8836,15998,12574,3424,5412,106062,100650,80.16416489048116,4.520923051533927,76.07364745363022,9.781018630400567
51,2020-08-26,812000.0,-3000.0,101158,10272,17499,-7227,11878,13597,-1719,8946,79008,70062,78.10356076632594,-2.060604124155219,69.25996955258111,-6.813677901049104
52,2020-08-25,815000.0,-5000.0,104240,10701,17407,-6706,8653,22965,-14312,21018,84886,63868,81.43323100537222,3.32967023904628,61.27014581734459,-7.98982373523652
53,2020-08-24,820000.0,21000.0,131478,30869,10748,20121,22856,8159,14697,-34818,77753,112571,59.13765040539102,-22.2955805999812,85.61964739348028,24.349501576135687
54,2020-08-21,799000.0,5000.0,143094,13049,18854,-5805,37345,24398,12947,-7142,92700,99842,64.78259046500902,5.644940059618001,69.77371518023118,-15.8459322132491
55,2020-08-20,794000.0,-15000.0,201445,48394,27267,21127,26251,29727,-3476,-17651,126800,144451,62.94522077986547,-1.8373696851435497,71.7074139343245,1.933698754093328
56,2020-08-19,809000.0,7000.0,150028,17584,10650,6934,25124,29946,-4822,-2112,107320,109432,71.53331378142747,8.588093001561994,72.94105100381262,1.2336370694881111
57,2020-08-18,802000.0,2000.0,271955,46864,13065,33799,62064,38776,23288,-57087,163027,220114,59.946314647643916,-11.58699913378355,80.9376551267673,7.996604122954679
58,2020-08-14,800000.0,-20000.0,216375,15307,14818,489,31104,52819,-21715,21226,169964,148738,78.55066435586366,18.604349708219743,68.74084344309648,-12.196811683670816
59,2020-08-13,820000.0,-23000.0,366305,31759,47143,-15384,29442,83011,-53569,68953,305104,236151,83.29233835191985,4.741673996056193,64.46840747464545,-4.272435968451035
60,2020-08-12,843000.0,39000.0,760424,42405,35497,6908,133558,74888,58670,-65578,584461,650039,76.85988343345291,-6.432454918466945,85.48375643062292,21.015348955977473
61,2020-08-11,804000.0,33000.0,761446,51176,31801,19375,144660,35424,109236,-128611,565610,694221,74.28103897059016,-2.5788444628627474,91.17140283092957,5.687646400306647
62,2020-08-10,771000.0,3000.0,177707,15030,16113,-1083,18098,23373,-5275,6358,144579,138221,81.35807818487736,7.077039214287197,77.7802787734867,-13.391124057442866
63,2020-08-07,768000.0,-10000.0,167220,7510,17828,-10318,13805,32678,-18873,29191,145905,116714,87.25331898098314,5.8952407961057816,69.79667503887094,-7.983603734615755
64,2020-08-06,778000.0,-9000.0,286882,26843,21859,4984,22313,80723,-58410,53426,237726,184300,82.86542899171087,-4.387889989272267,64.24244114304835,-5.554233895822591
65,2020-08-05,787000.0,52000.0,521095,42420,12454,29966,141998,62740,79258,-109224,336677,445901,64.60952417505446,-18.25590481665641,85.57000163118049,21.327560488132136
66,2020-08-04,735000.0,-1000.0,108754,13755,11865,1890,17196,25521,-8325,6435,77803,71368,71.54035713628924,6.930832961234785,65.62333339463376,-19.946668236546728
67,2020-08-03,736000.0,3000.0,163725,13266,15834,-2568,22960,40038,-17078,19646,127499,107853,77.87387387387388,6.333516737584631,65.87448465414568,0.2511512595119143
68,2020-07-31,733000.0,-3000.0,95025,7378,18477,-11099,19560,23847,-4287,15386,68087,52701,71.65167061299658,-6.2222032608772935,55.46014206787687,-10.414342586268802
69,2020-07-30,736000.0,-5000.0,143504,14162,22129,-7967,17338,22185,-4847,12814,112004,99190,78.04939235143272,6.3977217384361325,69.12002452893299,13.659882461056114
70,2020-07-29,741000.0,-20000.0,191530,17463,40374,-22911,13476,56177,-42701,65612,160591,94979,83.84639482065472,5.797002469222008,49.58962042499869,-19.530404103934295
71,2020-07-28,761000.0,7000.0,167728,16002,18478,-2476,67787,67468,319,2157,83939,81782,50.04471525326719,-33.80167956738753,48.75870456930268,-0.8309158556960128
72,2020-07-27,754000.0,-1000.0,93656,16118,7004,9114,5953,26858,-20905,11791,71585,59794,76.43397112838473,26.389255875117534,63.844281199282484,15.085576629979805
73,2020-07-24,755000.0,-20000.0,145328,13363,18400,-5037,20677,16035,4642,395,111288,110893,76.57712209622372,0.1431509678389915,76.30532313112408,12.4610419318416
74,2020-07-23,775000.0,-15000.0,200661,12997,18048,-5051,21156,37644,-16488,21539,166508,144969,82.97975191990471,6.402629823680996,72.24572786939166,-4.059595261732426
75,2020-07-22,790000.0,40000.0,371837,45433,23119,22314,78099,41409,36690,-59004,248305,307309,66.77791612991713,-16.201835789987584,82.64615947310247,10.400431603710814
76,2020-07-21,750000.0,11000.0,167336,28549,17188,11361,30506,32100,-1594,-9767,108281,118048,64.70872974135871,-2.069186388558421,70.54548931491131,-12.100670158191164
77,2020-07-20,739000.0,-4000.0,190729,11066,16219,-5153,84355,96792,-12437,17590,95308,77718,49.97037681736914,-14.738352923989567,40.747867393002636,-29.79762192190867
78,2020-07-17,743000.0,11000.0,148719,8951,15549,-6598,40885,26977,13908,-7310,98883,106193,66.48982308918161,16.51944627181247,71.40513317061034,30.657265777607705
79,2020-07-16,732000.0,-17000.0,118279,10779,12637,-1858,10451,38163,-27712,29570,97049,67479,82.05091351803786,15.561090428856247,57.05070215338311,-14.354431017227235
80,2020-07-15,749000.0,14000.0,167363,20392,12987,7405,20707,43638,-22931,15526,126264,110738,75.44319831742979,-6.6077152006080695,66.16635696061853,9.115654807235423
81,2020-07-14,735000.0,5000.0,169708,19402,14075,5327,20194,47952,-27758,22431,130112,107681,76.66815942678011,1.2249611093503177,63.45075070120442,-2.715606259414109
82,2020-07-13,730000.0,-1000.0,179922,16265,11780,4485,38527,57151,-18624,14139,125130,110991,69.54680361489979,-7.121355811880321,61.688398305932566,-1.7623523952718543
83,2020-07-10,731000.0,-10000.0,163506,9097,21092,-11995,37859,39087,-1228,13223,116550,103327,71.28178782430003,1.7349842094002383,63.194622827296854,1.5062245213642882
84,2020-07-09,741000.0,5000.0,204703,26478,16022,10456,47670,48431,-761,-9695,130555,140250,63.777765836358036,-7.504021987941989,68.51389574163545,5.3192729143385975
85,2020-07-08,736000.0,-15000.0,287658,19030,26755,-7725,50751,90202,-39451,47176,217877,170701,75.74167935534558,11.963913518987546,59.34164876346216,-9.172246978173291
86,2020-07-07,751000.0,-3000.0,253614,17755,18159,-404,79812,114521,-34709,35113,156047,120934,61.529331976941336,-14.212347378404246,47.684276104631444,-11.657372658830717
87,2020-07-06,754000.0,-17000.0,250485,22329,13848,8481,26874,99278,-72404,63923,201282,137359,80.35690759925744,18.827575622316104,54.83721580134539,7.152939696713943
88,2020-07-03,771000.0,-15000.0,225308,11868,22555,-10687,14906,109559,-94653,105340,198534,93194,88.11671134624602,7.759803746988581,41.362934294388126,-13.474281506957261
89,2020-07-02,786000.0,34000.0,266716,39958,12652,27306,65177,49285,15892,-43198,161581,204779,60.58166739153257,-27.53504395471345,76.77792108459936,35.41498679021123
90,2020-07-01,752000.0,-23000.0,225298,13507,13539,-32,30118,60849,-30731,30763,181673,150910,80.63675665119086,20.055089259658295,66.9823966479951,-9.795524436604254
91,2020-06-30,775000.0,-9000.0,230619,22449,26232,-3783,49623,49960,-337,4120,158547,154427,68.74845524436408,-11.888301406826784,66.96195890191181,-0.020437746083288744
92,2020-06-29,784000.0,-26000.0,174433,18514,19695,-1181,21207,46954,-25747,26928,134712,107784,77.22850607396536,8.480050829601282,61.79106017783332,-5.170898724078491
93,2020-06-26,810000.0,-5000.0,175138,9320,23837,-14517,16431,31289,-14858,29375,149387,120012,85.29673742991241,8.068231355947049,68.52424944900592,6.7331892711725985
94,2020-06-25,815000.0,-4000.0,163339,20084,23021,-2937,18217,26764,-8547,11484,125038,113554,76.55122169230863,-8.745515737603782,69.52044520904377,0.9961957600378497
95,2020-06-24,819000.0,17000.0,284743,38759,19096,19663,49621,57321,-7700,-11963,196363,208326,68.96148456678478,-7.589737125523854,73.16281699637919,3.6423717873354207
96,2020-06-23,802000.0,9000.0,292065,35973,16184,19789,53819,65949,-12130,-7659,202273,209932,69.25615873178916,0.2946741650043805,71.87852019242293,-1.2842968039562663
97,2020-06-22,793000.0,-8000.0,175790,18105,12155,5950,25840,36865,-11025,5075,131845,126770,75.00142215143069,5.745263419641532,72.11445474714148,0.23593455471855407
98,2020-06-19,801000.0,-9000.0,349718,17360,28636,-11276,78867,59916,18951,-7675,253491,261166,72.48440171795562,-2.517020433475068,74.67902710183634,2.5645723546948602
99,2020-06-18,810000.0,-14000.0,189462,14150,21531,-7381,20980,27560,-6580,13961,154332,140371,81.45802324476676,8.973621526811144,74.08926328234685,-0.589763819489491
100,2020-06-17,824000.0,-2000.0,278676,18250,26686,-8436,34753,29738,5015,3421,225673,222252,80.98042170836383,-0.4776015364029291,79.75283124488654,5.6635679625396875
101,2020-06-16,826000.0,18000.0,404083,31845,37607,-5762,45644,68822,-23178,28940,326594,297654,80.82349418312575,-0.15692752523808906,73.66159922590161,-6.091232018984925
102,2020-06-15,808000.0,3000.0,846654,32547,45832,-13285,77492,121472,-43980,57265,736615,679350,87.00307327432458,6.179579091198832,80.239389408188,6.5777901822863925
103,2020-06-12,805000.0,58000.0,789465,57765,44969,12796,137714,105493,32221,-45017,593986,639003,75.23905429626393,-11.764018978060648,80.94127035397389,0.7018809457858879
104,2020-06-11,747000.0,43000.0,593199,38922,63848,-24926,84264,54510,29754,-4828,470013,474841,79.23361300339347,3.994558707129542,80.04750513739909,-0.8937652165748062
105,2020-06-10,704000.0,28000.0,282781,44836,13440,31396,49095,19366,29729,-61125,188850,249975,66.783128993815,-12.450484009578474,88.39879624161453,8.351291104215449
106,2020-06-09,676000.0,12000.0,296132,39394,28456,10938,47003,29984,17019,-27957,209735,237692,70.82483487093594,4.041705877120947,80.26555725149595,-8.133238990118585
107,2020-06-08,664000.0,-1000.0,298766,22955,33196,-10241,37115,75053,-37938,48179,238696,190517,79.89396383791998,9.069128966984039,63.767965565024134,-16.497591686471814
108,2020-06-05,665000.0,15000.0,326076,56874,22973,33901,54874,48594,6280,-40181,214328,254509,65.72946184325127,-14.164501994668711,78.0520492155203,14.284083650496164
109,2020-06-04,650000.0,24000.0,578811,51228,23348,27880,225938,143671,82267,-110147,301645,411792,52.11459353744141,-13.614868305809864,71.14446684669089,-6.907582368829409
110,2020-06-03,626000.0,-3000.0,185023,36034,45629,-9595,16020,28497,-12477,22072,132969,110897,71.86620041832637,19.751606880884964,59.936872713122156,-11.207594133568733
111,2020-06-02,629000.0,0.0,83476,13788,15799,-2011,15739,10578,5161,-3150,53949,57099,64.62815659590781,-7.238043822418561,68.40169629594135,8.464823582819193
112,2020-06-01,629000.0,7000.0,118807,12878,13603,-725,22172,24082,-1910,2635,83757,81122,70.4983713080879,5.870214712180086,68.2804885234035,-0.12120777253784354
113,2020-05-29,622000.0,11000.0,149536,14372,14558,-186,64959,46556,18403,-18217,70205,88422,46.948560881660605,-23.549810426427292,59.13091161994436,-9.149576903459149
114,2020-05-28,611000.0,-13000.0,223388,20847,42916,-22069,29651,43105,-13454,35523,172890,137367,77.39448851325945,30.445927631598842,61.49256003008219,2.361648410137832
115,2020-05-27,624000.0,-21000.0,207579,9632,24311,-14679,18558,46222,-27664,42343,179389,137046,86.41962818974945,9.02513967649,66.0211293049875,4.528569274905308
116,2020-05-26,645000.0,13000.0,233836,19557,11040,8517,50668,18198,32470,-40987,163611,204598,69.96826835902085,-16.45135983072859,87.49636497374227,21.475235668754777
117,2020-05-25,632000.0,14000.0,226644,23151,7212,15939,66465,11284,55181,-71120,137028,208148,60.45957536930163,-9.508692989719222,91.83918391839184,4.342818944649565
118,2020-05-22,618000.0,9000.0,397591,31146,27326,3820,54374,68593,-14219,10399,312071,301672,78.49045878805103,18.030883418749397,75.87495692809948,-15.96422699029236
119,2020-05-21,609000.0,9000.0,164932,11106,20852,-9746,44932,19065,25867,-16121,108894,125015,66.02357335144181,-12.466885436609218,75.79790459098294,-0.07705233711654103
120,2020-05-20,600000.0,0.0,101649,12445,14052,-1607,16968,27152,-10184,11791,72236,60445,71.06415213135398,5.040578779912167,59.46443152416649,-16.333473066816445
121,2020-05-19,600000.0,3000.0,186947,14867,31282,-16415,30198,43474,-13276,29691,141882,112191,75.89423740418407,4.83008527283009,60.012195969980795,0.5477644458143018
122,2020-05-18,597000.0,-8000.0,218856,11122,20101,-8979,43392,30173,13219,-4240,164342,168582,75.09138428921301,-0.8028531149710574,77.02873122052857,17.016535250547776
123,2020-05-15,605000.0,-7000.0,147881,28147,20261,7886,13672,28130,-14458,6572,106062,99490,71.72118122003502,-3.3702030691779896,67.27706737173808,-9.751663848790486
124,2020-05-14,612000.0,-4000.0,190133,26130,19866,6264,23292,39926,-16634,10370,140711,130341,74.00661642113678,2.2854352011017625,68.5525395381128,1.275472166374712
125,2020-05-13,616000.0,24000.0,510468,65275,11940,53335,116795,29054,87741,-141076,328398,469474,64.33272996544348,-9.673886455693307,91.96933010492333,23.416790566810533
126,2020-05-12,592000.0,6000.0,188243,33404,17605,15799,58053,23257,34796,-50595,96786,147381,51.415457679701234,-12.917272285742243,78.29295113231302,-13.676378972610308
127,2020-05-11,586000.0,-2000.0,164802,11739,20834,-9095,43889,42391,1498,7597,109174,101577,66.24555527238746,14.83009759268623,61.63578111916117,-16.65717001315185
128,2020-05-08,588000.0,21000.0,438329,50548,20400,30148,111097,36136,74961,-105109,276684,381793,63.122449119268865,-3.1231061531185986,87.10192572245961,25.46614460329844
129,2020-05-07,567000.0,-8000.0,138941,14222,11109,3113,22227,17356,4871,-7984,102492,110476,73.76656278564283,10.644113666373968,79.51288676488582,-7.589038957573791
130,2020-05-06,575000.0,19000.0,204420,26615,10604,16011,32170,24926,7244,-23255,145635,168890,71.24302905782213,-2.5235337278207055,82.61911750317972,3.1062307382939025
131,2020-05-04,556000.0,-25000.0,302753,22441,44602,-22161,44975,84247,-39272,61433,235337,173904,77.73234286695755,6.4893138091354245,57.44088415308849,-25.178233350091233
132,2020-04-29,581000.0,-7000.0,157790,15298,24322,-9024,18491,28877,-10386,19410,124001,104591,78.58609544331074,0.8537525763531875,66.28493567399708,8.844051520908593
133,2020-04-28,588000.0,0.0,189318,11417,17192,-5775,16879,15821,1058,4717,161022,156305,85.05371913922608,6.467623695915336,82.56214411730527,16.277208443308183
134,2020-04-27,588000.0,-3000.0,176447,14761,8686,6075,13884,22768,-8884,2809,147802,144993,83.76566334366694,-1.2880557955591314,82.17368388241229,-0.38846023489297465
135,2020-04-24,591000.0,-10000.0,400836,18276,18954,-678,58805,46211,12594,-11916,323755,335671,80.76994082367851,-2.9957225199884334,83.74272769910887,1.5690438166965777
136,2020-04-23,601000.0,21000.0,1028524,36422,32958,3464,114796,63115,51681,-55145,877306,932451,85.29757205471141,4.527631231032899,90.6591387269524,6.916411027843537
137,2020-04-22,580000.0,1000.0,625247,45335,27385,17950,64351,50495,13856,-31806,515561,547367,82.45717292525994,-2.8403991294514697,87.54412256276319,-3.115016164189214
138,2020-04-21,579000.0,13000.0,997287,72605,25389,47216,133885,73621,60264,-107480,790797,898277,79.29482686528551,-3.162346059974425,90.07206551373878,2.5279429509755857
139,2020-04-20,566000.0,0.0,472857,36127,25925,10202,29301,59653,-30352,20150,407429,387279,86.16325865959476,6.868431794309245,81.90192806704776,-8.170137446691015
140,2020-04-17,566000.0,26000.0,776987,56364,44485,11879,66732,71881,-5149,-6730,653891,660621,84.15726389244608,-2.005994767148678,85.02343025044176,3.121502183394
141,2020-04-16,540000.0,-2000.0,297720,37573,16042,21531,43197,81332,-38135,16604,216950,200346,72.87048233239285,-11.286781560053228,67.29343006852075,-17.730000181921014
142,2020-04-14,542000.0,3000.0,539127,22484,17657,4827,41570,60507,-18937,14110,475073,460963,88.11894043518504,15.248458102792185,85.50174634177104,18.20831627325029
143,2020-04-13,539000.0,-20000.0,1184911,36971,23541,13430,52928,163728,-110800,97370,1095012,997642,92.41301667382614,4.294076238641097,84.19552185775979,-1.3062244840112527
144,2020-04-10,559000.0,80500.0,3037570,116088,128810,-12722,361593,128584,233009,-220287,2559889,2780176,84.2742389475798,-8.138777726246332,91.5263187350415,7.330796877281713
145,2020-04-09,478500.0,1000.0,125253,18385,30774,-12389,22818,21669,1149,11240,84050,72810,67.10418113737795,-17.170057810201854,58.13034418337285,-33.39597455166865
146,2020-04-08,477500.0,-5000.0,124190,16563,22666,-6103,19502,24882,-5380,11483,88125,76642,70.95981963121024,3.855638493832288,61.71350350269748,3.583159319324629
147,2020-04-07,482500.0,5500.0,177208,33931,22046,11885,34849,23719,11130,-23015,108428,131443,61.186853866642586,-9.772965764567651,74.1744165048982,12.460913002200726
148,2020-04-06,477000.0,9500.0,219399,34610,8588,26022,31527,32978,-1451,-24571,153262,177833,69.85537764529465,8.668523778652066,81.05460827077607,6.880191765877868
149,2020-04-03,467500.0,3000.0,220451,51885,15720,36165,32101,27320,4781,-40946,136465,177411,61.90264503222939,-7.952732613065265,80.47638704292564,-0.5782212278504346
150,2020-04-02,464500.0,12000.0,187474,23581,14463,9118,38449,35677,2772,-11890,125444,137334,66.91274523400578,5.010100201776396,73.25495802084556,-7.221429022080073
151,2020-04-01,452500.0,-29500.0,313016,28553,30834,-2281,43366,67675,-24309,26590,241097,214507,77.02385820533135,10.111112971325568,68.52908477521916,-4.725873245626403
152,2020-03-31,482000.0,32000.0,665621,73127,26015,47112,91141,89296,1845,-48957,501353,550310,75.32109113143967,-1.7027670738916783,82.67617758454135,14.147092809322189
153,2020-03-30,450000.0,7000.0,216938,31432,14338,17094,47327,65003,-17676,582,138179,137597,63.69515714167181,-11.625933989767866,63.42687772543307,-19.249299859108277
154,2020-03-27,443000.0,-13500.0,399994,22529,37531,-15002,76373,124310,-47937,62939,301092,238153,75.27412911193669,11.578971970264881,59.53914308714631,-3.8877346382867657
155,2020-03-26,456500.0,-18500.0,324101,24768,45920,-21152,58588,101272,-42684,63836,240745,176909,74.28085689337584,-0.9932722185608469,54.584527662673054,-4.954615424473253
156,2020-03-25,475000.0,-1000.0,431318,24400,36676,-12276,105469,133457,-27988,40264,301449,261185,69.89019702400549,-4.390659869370353,60.55508928447224,5.970561621799185
157,2020-03-24,476000.0,40000.0,509039,46571,25387,21184,127020,84239,42781,-63965,335448,399413,65.89829070071251,-3.99190632329298,78.46412553851472,17.909036254042483
158,2020-03-23,436000.0,6000.0,589740,35307,30714,4593,117898,90512,27386,-31979,436535,468514,74.0216027401906,8.123312039478094,79.44416183402856,0.9800362955138411
159,2020-03-20,430000.0,64000.0,586738,47917,21616,26301,101257,77629,23628,-49929,437564,487493,74.57570499950575,0.5541022593151439,83.08529531068382,3.6411334766552557
160,2020-03-19,366000.0,-34500.0,470624,65163,23157,42006,69906,62931,6975,-48981,335555,384536,71.30001869857891,-3.2756863009268358,81.70769021554362,-1.377605095140197
161,2020-03-18,400500.0,-17000.0,276886,17634,17085,549,88836,48426,40410,-40959,170416,211375,61.547351617633254,-9.752667080945656,76.34008219989454,-5.367608015649083
162,2020-03-17,417500.0,-12500.0,423614,31995,12215,19780,97991,80900,17091,-36871,293628,330499,69.31498958957918,7.7676379719459305,78.01890400222844,1.6788218023338999
163,2020-03-16,430000.0,-26500.0,218369,10133,16606,-6473,65740,26538,39202,-32729,142496,175225,65.25468358604014,-4.06030600353904,80.24261685495652,2.2237128527280845
164,2020-03-13,456500.0,-26500.0,477093,56362,41562,14800,102892,118575,-15683,883,317839,316956,66.61992525566293,1.3652416696227903,66.43484603630738,-13.807770818649146
165,2020-03-12,483000.0,-1000.0,244877,54586,32076,22510,64637,54230,10407,-32917,125654,158571,51.31310821351127,-15.306817042151664,64.75536698015738,-1.6794790561500008
166,2020-03-11,484000.0,-12000.0,201904,20154,21958,-1804,44544,38255,6289,-4485,137206,141691,67.9560583247484,16.642950111237127,70.17741104683414,5.4220440666767615
167,2020-03-10,496000.0,2000.0,156243,31383,27580,3803,29599,31932,-2333,-1470,95261,96731,60.96977144576077,-6.986286878987627,61.910613595489075,-8.266797451345063
168,2020-03-09,494000.0,3000.0,202109,43882,14415,29467,66030,51421,14609,-44076,92197,136273,45.61746384376747,-15.352307601993303,67.42549812230034,5.514884526811265
169,2020-03-06,491000.0,-5500.0,93421,18660,15459,3201,29366,19566,9800,-13001,45395,58396,48.59185836161035,2.9743945178428817,62.50842958221385,-4.91706854008649
170,2020-03-05,496500.0,7500.0,130398,38018,19079,18939,24788,33523,-8735,-10204,67592,77796,51.835150845871865,3.2432924842615165,59.66042423963558,-2.8480053425782685
171,2020-03-04,489000.0,9500.0,140079,22315,15404,6911,30655,39131,-8476,1565,87109,85544,62.185623826555016,10.35047298068315,61.068397118768694,1.407972879133112
172,2020-03-03,479500.0,12500.0,233926,36155,25209,10946,41813,37544,4269,-15215,155958,171173,66.66980156117747,4.484177734622449,73.17399519506168,12.105598076292985
173,2020-03-02,467000.0,3500.0,149246,23378,18516,4862,32804,29869,2935,-7797,93064,100861,62.35611004650041,-4.313691514677053,67.58037066320036,-5.593624531861323
174,2020-02-28,463500.0,-16500.0,231859,34853,24855,9998,54189,82859,-28670,18672,142817,124145,61.596487520432675,-0.7596225260677372,53.543317274723,-14.037053388477354
175,2020-02-27,480000.0,0.0,166026,25668,23053,2615,57464,48601,8863,-11478,82894,94372,49.928324479298425,-11.66816304113425,56.841699492850516,3.2983822181275144
176,2020-02-26,480000.0,1000.0,156734,36995,18010,18985,22482,53639,-31157,12172,97257,85085,62.05226689805659,12.123942418758162,54.28624293388798,-2.5554565589625327
177,2020-02-25,479000.0,18000.0,246549,37212,20177,17035,46531,94656,-48125,31090,162806,131716,66.03393240288949,3.981665504832904,53.423863004919916,-0.8623799289680676
178,2020-02-24,461000.0,-25500.0,278895,34470,17262,17208,69627,79594,-9967,-7241,174798,182039,62.67520034421557,-3.3587320586739224,65.27151795478585,11.847654949865934
179,2020-02-21,486500.0,-12000.0,214090,18882,22125,-3243,72331,47013,25318,-22075,122877,144952,57.3950207856509,-5.280179558564669,67.70610490915035,2.434586954364505
180,2020-02-20,498500.0,-6500.0,261309,20170,25706,-5536,124902,116044,8858,-3322,116237,119559,44.482585750969164,-12.912435034681735,45.75387759319426,-21.952227315956094
181,2020-02-19,505000.0,-8000.0,175595,17978,28968,-10990,54416,52826,1590,9400,103201,93801,58.772174606338446,14.289588855369281,53.4189470087417,7.665069415547443
182,2020-02-18,513000.0,-6000.0,121475,12002,27889,-15887,42466,28447,14019,1868,67007,65139,55.16114426836798,-3.611030337970469,53.62337929615148,0.20443228740977304
183,2020-02-17,519000.0,-10000.0,145950,20587,24092,-3505,26410,26999,-589,4094,98953,94859,67.79924631723193,12.638102048863956,64.99417608770128,11.3707967915498
184,2020-02-14,529000.0,-1000.0,77388,13092,12235,857,16089,17364,-1275,418,48207,47789,62.29260350441928,-5.50664281281265,61.75246808290691,-3.2417080047943685
185,2020-02-13,530000.0,0.0,111860,23235,18961,4274,19245,27392,-8147,3873,69380,65507,62.023958519578045,-0.268644984841238,58.56159485070624,-3.1908732322006657
186,2020-02-12,530000.0,2000.0,131478,16783,16349,434,43724,47774,-4050,3616,70971,67355,53.97937297494638,-8.044585544631666,51.22910296779689,-7.332491882909352
187,2020-02-11,528000.0,-2000.0,170868,12563,10637,1926,30521,28871,1650,-3576,127784,131360,74.78521431748484,20.805841342538464,76.87805791605216,25.648954948255266
188,2020-02-10,530000.0,11000.0,153016,19452,11862,7590,35294,24365,10929,-18519,98270,116789,64.22204213938411,-10.563172178100729,76.32469807078999,-0.5533598452621646
189,2020-02-07,519000.0,0.0,125762,10978,14099,-3121,28566,31849,-3283,6404,86218,79814,68.55647969975031,4.334437560366197,63.464321496159414,-12.860376574630578
190,2020-02-06,519000.0,29000.0,298254,20557,8084,12473,80165,23928,56237,-68710,197532,266242,66.22945543060614,-2.327024269144175,89.26686649634205,25.802545000182633
191,2020-02-05,490000.0,-2500.0,95141,8851,22845,-13994,26342,14611,11731,2263,59948,57685,63.00963832627363,-3.219817104332506,60.6310633691048,-28.635803127237246
192,2020-02-04,492500.0,13000.0,113472,9381,26180,-16799,46813,11895,34918,-18119,57278,75397,50.47765087422448,-12.531987452049151,66.44546672306825,5.814403353963449
193,2020-02-03,479500.0,-5000.0,193254,20109,33795,-13686,61427,30416,31011,-17325,111718,129043,57.8088939944322,7.331243120207716,66.77377958541608,0.3283128623478291
194,2020-01-31,484500.0,-10500.0,132195,16807,12742,4065,44456,35135,9321,-13386,70932,84318,53.657097469647105,-4.151796524785091,63.78304777033927,-2.9907318150768063
195,2020-01-30,495000.0,4000.0,161574,18460,22678,-4218,43480,20449,23031,-18813,99634,118447,61.66462425885353,8.007526789206423,73.30820552811714,9.525157757777869
196,2020-01-29,491000.0,-3000.0,161493,13739,25956,-12217,64694,50174,14520,-2303,83060,85363,51.432569832748165,-10.232054426105364,52.85863783569567,-20.449567692421475
197,2020-01-28,494000.0,11000.0,320066,30525,30780,-255,100437,62441,37996,-37741,189104,226845,59.082814169577524,7.65024433682936,70.8744446457918,18.01580681009613
198,2020-01-23,483000.0,31000.0,438529,58270,48958,9312,159554,38467,121087,-130399,220705,351104,50.32848454720212,-8.754329622375401,80.06403225328313,9.189587607491333
199,2020-01-22,452000.0,14000.0,179649,29610,5404,24206,72957,16755,56202,-80408,77082,157490,42.90700198720839,-7.421482559993734,87.66539195876403,7.601359705480903
200,2020-01-21,438000.0,0.0,70311,13891,9871,4020,11322,13826,-2504,-1516,45098,46614,64.14074611369487,21.233744126486485,66.29688100012801,-21.368510958636023
201,2020-01-20,438000.0,1000.0,66165,17640,7181,10459,7490,14098,-6608,-3851,41035,44886,62.01919443814705,-2.1215516755478205,67.8394921786443,1.542611178516296
202,2020-01-17,437000.0,500.0,67353,11581,13146,-1565,19193,18386,807,758,36579,35821,54.309384882633296,-7.709809555513758,53.18397101836593,-14.655521160278376
203,2020-01-16,436500.0,2000.0,69427,19484,11679,7805,13970,19773,-5803,-2002,35973,37975,51.814135710890575,-2.4952491717427208,54.69774007230617,1.513769053940237
204,2020-01-15,434500.0,-500.0,61351,9162,11030,-1868,15615,16552,-937,2805,36574,33769,59.61435021434044,7.800214503449865,55.04229759906114,0.34455752675497564
205,2020-01-14,435000.0,-5500.0,105457,9361,16307,-6946,21818,32182,-10364,17310,74278,56968,70.43439506149426,10.820044847153817,54.020121945437474,-1.0221756536236697
206,2020-01-13,440500.0,4000.0,124102,17788,11777,6011,36272,38696,-2424,-3587,70042,73629,56.43905819406617,-13.995336867428087,59.329422571755494,5.30930062631802
207,2020-01-10,436500.0,16500.0,184177,33208,15787,17421,60155,11785,48370,-65791,90814,156605,49.30800262790685,-7.1310555661593185,85.02961824766393,25.70019567590844
208,2020-01-09,420000.0,11500.0,86176,19216,11423,7793,16219,19252,-3033,-4760,50741,55501,58.88066282955812,9.572660201651267,64.40424248050502,-20.625375767158914
209,2020-01-08,408500.0,-10500.0,151966,15928,19043,-3115,22291,16680,5611,-2496,113747,116243,74.85029546082677,15.969632631268652,76.49276811918455,12.088525638679528
210,2020-01-07,419000.0,7000.0,85655,11493,15663,-4170,26540,25796,744,3426,47622,44196,55.5974549063102,-19.252840554516574,51.597688401144126,-24.89507971804042
211,2020-01-06,412000.0,-10000.0,99978,13856,21890,-8034,15712,16948,-1236,9270,70410,61140,70.4254936085939,14.828038702283699,61.15345375982716,9.555765358683033
212,2020-01-03,422000.0,-6500.0,123810,12090,34078,-21988,26141,15014,11127,10861,85579,74718,69.12123414909944,-1.3042594594944603,60.3489217349164,-0.8045320249107561
213,2020-01-02,428500.0,-4500.0,108281,12508,49469,-36961,11201,16646,-5445,42406,84572,42166,78.10419187115006,8.982957722050628,38.94127316888466,-21.40764856603174
214,2019-12-30,433000.0,3500.0,136848,15797,24441,-8644,22372,45745,-23373,32017,98679,66662,72.10847071203087,-5.995721159119199,48.71244007950427,9.771166910619606
215,2019-12-27,429500.0,16000.0,222613,32292,41258,-8966,46233,18899,27334,-18368,144088,162456,64.72577971636878,-7.382690995662088,72.97687017379937,24.2644300942951
216,2019-12-26,413500.0,-3500.0,139723,58733,2263,56470,10588,17201,-6613,-49857,70402,120259,50.38683681283683,-14.338942903531944,86.06958052718593,13.092710353386565
217,2019-12-24,417000.0,-5500.0,171062,39427,9703,29724,14171,33237,-19066,-10658,117464,128122,68.66750067227088,18.280663859434043,74.89799020238276,-11.171590324803176
218,2019-12-23,422500.0,26000.0,385044,83572,10182,73390,124183,24893,99290,-172680,177289,349969,46.043828757232944,-22.62367191503793,90.8906514580152,15.992661255632441
219,2019-12-20,396500.0,1000.0,75612,23998,10566,13432,33085,18379,14706,-28138,18529,46667,24.505369518065915,-21.53845923916703,61.71903930593028,-29.17161215208492
220,2019-12-19,395500.0,1000.0,59475,20391,10615,9776,19360,14870,4490,-14266,19724,33990,33.16351408154687,8.658144563480956,57.150063051702396,-4.568976254227884
221,2019-12-18,394500.0,-500.0,75412,16530,17569,-1039,27275,22001,5274,-4235,31607,35842,41.91242773033469,8.74891364878782,47.52824484166976,-9.621818210032636
222,2019-12-17,395000.0,0.0,74299,19403,17882,1521,27466,21715,5751,-7272,27430,34702,36.91839728663912,-4.994030443695571,46.70587760265953,-0.8223672390102337
223,2019-12-16,395000.0,-1000.0,68439,27229,6133,21096,18435,27234,-8799,-12297,22775,35072,33.27780943614021,-3.6405878504989104,51.24563479887199,4.539757196212463
224,2019-12-13,396000.0,6000.0,89107,26960,8146,18814,28089,23582,4507,-23321,34058,57379,38.221464082507545,4.943654646367335,64.39336976892949,13.147734970057499
225,2019-12-12,390000.0,1000.0,93556,38358,34995,3363,36918,26037,10881,-14244,18280,32524,19.5390995767241,-18.682364505783443,34.76420539569883,-29.629164373230658
226,2019-12-11,389000.0,-1000.0,39782,12123,8948,3175,15150,15295,-145,-3030,12509,15539,31.44386908652154,11.90476950979744,39.06037906590921,4.296173670210379
227,2019-12-10,390000.0,2000.0,43279,8876,8751,125,17648,5098,12550,-12675,16755,29430,38.71392592250283,7.27005683598129,68.00064696504077,28.940267899131563
228,2019-12-09,388000.0,-7000.0,63355,12410,16506,-4096,13611,25057,-11446,15542,37334,21792,58.92826138426328,20.21433546176045,34.396653776339676,-33.6039931887011
229,2019-12-06,395000.0,-1000.0,86663,28038,37111,-9073,16672,21802,-5130,14203,41953,27750,48.40935578043686,-10.518905603826418,32.02058548630904,-2.376068290030638
230,2019-12-05,396000.0,4500.0,69626,22397,4613,17784,23041,15094,7947,-25731,24188,49919,34.73989601585615,-13.669459764580715,71.69591819148019,39.67533270517115
231,2019-12-04,391500.0,-2500.0,60031,15520,14167,1353,23138,25467,-2329,976,21373,20397,35.60327164298446,0.8633756271283133,33.97744498675684,-37.718473204723345
232,2019-12-03,394000.0,4000.0,51493,16857,9710,7147,20332,17286,3046,-10193,14304,24497,27.778533004486043,-7.824738638498417,47.57345658633213,13.596011599575284
233,2019-12-02,390000.0,-3500.0,64001,17335,10240,7095,18659,28692,-10033,2938,28007,25069,43.76025374603522,15.981720741549175,39.169700473430105,-8.403756112902023
234,2019-11-29,393500.0,-5500.0,74067,8659,16278,-7619,38835,32096,6739,880,26573,25693,35.87697625123199,-7.883277494803231,34.6888627863961,-4.480837687034004
235,2019-11-28,399000.0,2000.0,68488,15876,4894,10982,37485,10363,27122,-38104,15127,53231,22.087080948487326,-13.789895302744661,77.72310477747926,43.034241991083164
236,2019-11-27,397000.0,8000.0,72185,13343,9895,3448,35625,19401,16224,-19672,23217,42889,32.16319179885018,10.076110850362852,59.415391009212435,-18.30771376826683
237,2019-11-26,389000.0,-2000.0,100289,22054,5370,16684,54727,72019,-17292,608,23508,22900,23.440257655375962,-8.722934143474216,22.834009711932516,-36.58138129727992
238,2019-11-25,391000.0,6000.0,81180,17589,4844,12745,29954,37839,-7885,-4860,33637,38497,41.435082532643506,17.994824877267543,47.42177876324218,24.587769051309664
239,2019-11-22,385000.0,-6000.0,82542,13525,22078,-8553,28752,21763,6989,1564,40265,38701,48.78122652710136,7.346143994457854,46.886433573211214,-0.5353451900309665
240,2019-11-21,391000.0,-8500.0,100365,15291,21467,-6176,29339,29041,298,5878,55735,49857,55.53230707916106,6.7510805520596975,49.67568375429682,2.789250181085606
241,2019-11-20,399500.0,500.0,70048,16717,17495,-778,27182,19160,8022,-7244,26149,33393,37.33011649154865,-18.202190587612407,47.67159661946094,-2.0040871348358777
242,2019-11-19,399000.0,-3000.0,48691,12333,12080,253,12257,15980,-3723,3470,24101,20631,49.49785381281962,12.16773732127097,42.37128011336797,-5.300316506092969
243,2019-11-18,402000.0,4000.0,94620,30765,6061,24704,36823,9298,27525,-52229,27032,79261,28.569012893679986,-20.928840919139635,83.76770238850138,41.3964222751334
244,2019-11-15,398000.0,2500.0,60635,18696,10988,7708,25495,7293,18202,-25910,16444,42354,27.11965036694978,-1.449362526730205,69.85074626865672,-13.916956119844656
245,2019-11-14,395500.0,6000.0,54733,16649,15164,1485,15814,7857,7957,-9442,22270,31712,40.688432938081235,13.568782571131454,57.93945151919318,-11.911294749463543
246,2019-11-13,389500.0,-8500.0,77768,6048,18160,-12112,24719,24077,642,11470,47001,35531,60.43745499434215,19.749022056260912,45.68845797757432,-12.250993541618854
247,2019-11-12,398000.0,-1500.0,47139,9063,9081,-18,12795,14354,-1559,1577,25281,23704,53.63075160694966,-6.8067033873924885,50.285326375188276,4.596868397613953
248,2019-11-11,399500.0,9500.0,99605,12973,13285,-312,41522,19601,21921,-21609,45110,66719,45.2888911199237,-8.341860487025961,66.98358516138748,16.698258786199204
249,합계,,,55107120,6033474,5222329,811145,10458136,9889820,568316,-1379461,38615510,39994971,70.07354040639395,24.78464928647025,72.57677592296604,5.593190761578555
