,날짜,종가,대비,거래량,기관 매수,기관 매도,기관 순매수,외국인 매수,외국인 매도,외국인 순매수,개인 순매수,Unnamed: 11,Unnamed: 12,개인 매수,개인 매도,개인매수비율(%),개인매수비율증가(%p),개인매도비율(%),개인매도비율증가(%p)
0,2020-11-11,"61,300","1,100",25628510,10408477,7892021,2516456,11505883,4013242,7492641,-10009097,,,3714150,13723247,14.492258816450898,,53.54680002856193,
1,2020-11-10,"60,200",0,19073552,9426666,11630302,-2203636,5397909,4456509,941400,1262236,,,4248977,2986741,22.276799832563963,7.7845410161130655,15.659070738371122,-37.88772929019081
2,2020-11-09,"60,200",100,15892961,8354943,7342976,1011967,4850555,2715228,2135327,-3147294,,,2687463,5834757,16.90976904807103,-5.367030784492933,36.71283784060126,21.05376710223014
3,2020-11-06,"60,100",-200,16910230,8318707,8954209,-635502,5091351,2483093,2608258,-1972756,,,3500172,5472928,20.69854756558604,3.7887785175150093,32.36459823432325,-4.348239606278007
4,2020-11-05,"60,300","1,800",20639475,9984962,7935436,2049526,8267046,1307283,6959763,-9009289,,,2387467,11396756,11.567479308461092,-9.131068257124948,55.218245619135175,22.85364738481192
5,2020-11-04,"58,500",-300,21718561,12848309,10327082,2521227,2254620,7964082,-5709462,3188235,,,6615632,3427397,30.460728958976606,18.893249650515514,15.7809580478191,-39.43728757131608
6,2020-11-03,"58,800","1,400",14950919,9015302,7151295,1864007,2415909,1990900,425009,-2289016,,,3519708,5808724,23.541750176025968,-6.918978782950639,38.85195284651064,23.070994798691544
7,2020-11-02,"57,400",800,20489076,10606785,11413908,-807123,3381286,3813111,-431825,1238948,,,6501005,5262057,31.729127267623003,8.187377091597035,25.682256242301992,-13.16969660420865
8,2020-10-30,"56,600","-1,500",26907844,8665245,11314279,-2649034,5193660,11569686,-6376026,9025060,,,13048939,4023879,48.494925866226964,16.76579859860396,14.95429734169709,-10.727958900604902
9,2020-10-29,"58,100",-900,22636966,8065279,12611948,-4546669,2681878,5621701,-2939823,7486492,,,11889809,4403317,52.52386295937362,4.028937093146659,19.451886794369884,4.497589452672793
10,2020-10-28,"59,000",-800,14428882,5986879,8050393,-2063514,2225833,3532209,-1306376,3369890,,,6216170,2846280,43.081439019322495,-9.442423940051128,19.726268466260937,0.274381671891053
11,2020-10-27,"59,800",-600,17260416,6402172,9127410,-2725238,5658698,5585484,73214,2652024,,,5199546,2547522,30.124105931166433,-12.957333088156062,14.759331408930121,-4.966937057330815
12,2020-10-26,"60,400",200,13268226,7414586,6726804,687782,2424782,1599757,825025,-1512807,,,3428858,4941665,25.8426258340791,-4.281480097087332,37.24435354055621,22.48502213162609
13,2020-10-23,"60,200",100,9322232,4165179,4224150,-58971,3108494,3248030,-139536,198507,,,2048559,1850052,21.974984102519652,-3.8676417315594485,19.8455906267941,-17.398762913762113
14,2020-10-22,"60,100",-800,14294095,6139033,6044341,94692,3560649,6241458,-2680809,2586117,,,4594413,2008296,32.14203487524044,10.167050772720788,14.049829667425604,-5.795760959368495
15,2020-10-21,"60,900",0,15703443,8448717,8910433,-461716,4388715,2922594,1466121,-1004405,,,2866011,3870416,18.250844735132286,-13.891190140108154,24.646926154983976,10.597096487558373
16,2020-10-20,"60,900",900,19326115,9016172,7345042,1671130,7717089,2894679,4822410,-6493540,,,2592854,9086394,13.416322939193936,-4.83452179593835,47.01614369985897,22.369217544874996
17,2020-10-19,"60,000",500,14474985,9625220,8725632,899588,2889113,2558502,330611,-1230199,,,1960652,3190851,13.54510557351182,0.12878263431788461,22.04389849108652,-24.972245208772453
18,2020-10-16,"59,500",-500,16554190,8305276,8177542,127734,4098148,4665031,-566883,439149,,,4150766,3711617,25.073809108147245,11.528703534635424,22.421012444583514,0.3771139534969947
19,2020-10-15,"60,000",-900,17756232,8351348,8589349,-238001,4574371,5387130,-812759,1050760,,,4830513,3779753,27.204606247541708,2.1307971393944634,21.286909294719734,-1.1341031498637797
20,2020-10-14,"60,900",0,16086716,6563331,6766020,-202689,6982421,5082248,1900173,-1697484,,,2540964,4238448,15.795417784462659,-11.40918846307905,26.347503119965566,5.060593825245832
21,2020-10-13,"60,900",500,19247631,9478852,8857169,621683,5362762,3215378,2147384,-2769067,,,4406017,7175084,22.891217106146726,7.095799321684067,37.277751220396944,10.930248100431378
22,2020-10-12,"60,400",700,16145837,6819275,6060359,758916,6725428,3535849,3189579,-3948495,,,2601134,6549629,16.110245631737765,-6.780971474408961,40.56543491675285,3.2876836963559057
23,2020-10-08,"59,700",-200,24589924,9921649,13257993,-3336344,8333020,3618629,4714391,-1378047,,,6335255,7713302,25.763621717578307,9.653376085840542,31.367734198771824,-9.197700717981025
24,2020-10-07,"59,900",900,14861838,8541375,6536197,2005178,3719424,2579867,1139557,-3144735,,,2601039,5745774,17.5014624705235,-8.262159247054807,38.6612611441465,7.293526945374676
25,2020-10-06,"59,000",300,14463826,7646332,8077745,-431413,3572373,2800801,771572,-340159,,,3245121,3585280,22.436117525196998,4.934655054673499,24.78790881472164,-13.873352329424861
26,2020-10-05,"58,700",500,20228289,9093181,7502291,1590890,7149302,8152084,-1002782,-588108,,,3985806,4573914,19.704118326567315,-2.7319991986296834,22.61147247797379,-2.176436336747848
27,2020-09-29,"58,200",0,15503563,6270202,5968135,302067,5433642,6983926,-1550284,1248217,,,3799719,2551502,24.50868229451514,4.804563967947825,16.457520119729896,-6.153952358243895
28,2020-09-28,"58,200",300,12614080,5725234,4658138,1067096,3250366,4709979,-1459613,392517,,,3638480,3245963,28.844592709099672,4.335910414584532,25.732855666049364,9.275335546319468
29,2020-09-25,"57,900",100,11444683,4331440,4489045,-157605,2862475,3809778,-947303,1104908,,,4250768,3145860,37.14185880028307,8.297266091183396,27.487524119278795,1.7546684532294314
30,2020-09-24,"57,800",-800,17564020,8213923,8516139,-302216,3446415,4809350,-1362935,1665151,,,5903682,4238531,33.612362090227634,-3.529496710055433,24.13189577329108,-3.3556283459877143
31,2020-09-23,"58,600",400,20111398,10711496,12496178,-1784682,3120467,3253766,-133299,1917981,,,6279435,4361454,31.223264538845086,-2.389097551382548,21.686478483494785,-2.4454172897962962
32,2020-09-22,"58,200","-1,000",20830381,8504108,12529285,-4025177,3388954,3414729,-25775,4050952,,,8937319,4886367,42.90521138331555,11.681946844470467,23.45788586392155,1.7714073804267656
33,2020-09-21,"59,200",-100,15140387,7691994,7067776,624218,2664453,3599587,-935134,310916,,,4783940,4473024,31.59721082426757,-11.308000559047983,29.543656975214706,6.085771111293155
34,2020-09-18,"59,300",-200,18884571,8330120,8140234,189886,5540795,7440673,-1899878,1709992,,,5013656,3303664,26.548953640514263,-5.048257183753307,17.493984904396292,-12.049672070818414
35,2020-09-17,"59,500","-1,500",25108356,8553983,10705017,-2151034,5205810,7280868,-2075058,4226092,,,11348563,7122471,45.19835149700761,18.649397856493344,28.366934896095948,10.872949991699656
36,2020-09-16,"61,000",0,17041444,6109998,7813547,-1703549,6177163,3054760,3122403,-1418854,,,4754283,6173137,27.898357674384872,-17.299993822622735,36.22426010377994,7.857325207683992
37,2020-09-15,"61,000",600,17877075,5483976,7350982,-1867006,6272689,2114260,4158429,-2291423,,,6120410,8411833,34.23608168562251,6.337724011237636,47.05374341160397,10.829483307824027
38,2020-09-14,"60,400","1,400",20648281,9431478,7939575,1491903,3193759,2095183,1098576,-2590479,,,8023044,10613523,38.85574784651565,4.619666160893139,51.40148470470738,4.347741293103411
39,2020-09-11,"59,000",-200,16017098,6147564,7229185,-1081621,3142133,3779831,-637698,1719319,,,6727401,5008082,42.00137253327662,3.145624686760975,31.267099695587802,-20.134385009119576
40,2020-09-10,"59,200",800,29923293,12039173,13494751,-1455578,10900679,5422626,5478053,-4022475,,,6983441,11005916,23.337809110782025,-18.663563422494597,36.780430549538785,5.513330853950983
41,2020-09-09,"58,400",-300,30597399,12809298,12488363,320935,8451069,6165997,2285072,-2606007,,,9337032,11943039,30.515770311064678,7.1779612002826525,39.032857008532,2.252426458993213
42,2020-09-08,"58,700","2,200",31517520,13837893,10949638,2888255,7896969,3326225,4570744,-7458999,,,9782658,17241657,31.038793661430216,0.5230233503655377,54.7049926517061,15.672135643174101
43,2020-09-07,"56,500",900,18685880,7276449,8174334,-897885,3295549,3374248,-78699,976584,,,8113882,7137298,43.42253080935979,12.383737147929576,38.19621018651517,-16.508782465190933
44,2020-09-04,"55,600",-800,22139109,7897948,10406928,-2508980,4974290,6902893,-1928603,4437583,,,9266871,4829288,41.85747041581484,-1.5650603935449539,21.813380113897086,-16.38283007261808
45,2020-09-03,"56,400","2,000",28384920,11438303,11173267,265036,9914188,5893732,4020456,-4285492,,,7032429,11317921,24.775229241442286,-17.08224117437255,39.873006511908436,18.05962639801135
46,2020-09-02,"54,400",200,16905723,7518797,7459268,59529,3948623,5165164,-1216541,1157012,,,5438303,4281291,32.16841421097459,7.393184969532303,25.324506973171157,-14.548499538737278
47,2020-09-01,"54,200",200,19363117,8325888,9278228,-952340,4957472,6405494,-1448022,2400362,,,6079757,3679395,31.39864826515276,-0.7697659458218276,19.00208008865515,-6.322426884516009
48,2020-08-31,"54,000","-1,400",32671367,11677827,12187693,-509866,5716788,15619837,-9903049,10412915,,,15276752,4863837,46.75883932251748,15.36019105736472,14.887154859482923,-4.114925229172226
49,2020-08-28,"55,400",-200,14619888,7529973,7101937,428036,1197127,3907779,-2710652,2282616,,,5892788,3610172,40.306656247982204,-6.452183074535277,24.6935681039417,9.806413244458778
50,2020-08-27,"55,600",-800,16196568,6363117,9211509,-2848392,3181723,3116919,64804,2783588,,,6651728,3868140,41.06874987342998,0.7620936254477755,23.88246695225803,-0.811101151683669
51,2020-08-26,"56,400",0,17651593,7824319,11055547,-3231228,4559522,3422578,1136944,2094284,,,5267752,3173468,29.842926924499107,-11.225822948930873,17.978366031892985,-5.904100920365046
52,2020-08-25,"56,400",300,14021705,7467436,8646072,-1178636,2344432,2047839,296593,882043,,,4209837,3327794,30.023716801915317,0.18078987741620978,23.733162265216677,5.754796233323692
53,2020-08-24,"56,100",200,15055896,8068103,9261564,-1193461,2418206,2239571,178635,1014826,,,4569587,3554761,30.35081405982082,0.32709725790550337,23.610424779767342,-0.12273748544933483
54,2020-08-21,"55,900",500,21142288,10371369,11939098,-1567729,4136361,2992949,1143412,424317,,,6634558,6210241,31.380510945645995,1.0296968858251745,29.373552190756268,5.7631274109889254
55,2020-08-20,"55,400","-2,400",30386029,13010476,18274923,-5264447,2436221,2828721,-392500,5656947,,,14939332,9282385,49.16513441094919,17.7846234653032,30.54820029297017,1.1746481022139008
56,2020-08-19,"57,800",-600,16930719,8422351,9220692,-798341,2956240,3511191,-554951,1353292,,,5552128,4198836,32.793220417868845,-16.371913993080348,24.800104472822447,-5.7480958201477215
57,2020-08-18,"58,400",400,25307825,12186973,8582567,3604406,6819004,5568290,1250714,-4855120,,,6301848,11156968,24.90078859009022,-7.892431827778626,44.08505274554412,19.28494827272167
58,2020-08-14,"58,000",-700,15672548,7882446,7242288,640158,2359963,3604501,-1244538,604380,,,5430139,4825759,34.64745490012218,9.746666310031959,30.791157889578646,-13.293894855965473
59,2020-08-13,"58,700",-300,22089460,12226356,12000424,225932,3391503,4710498,-1318995,1093063,,,6471601,5378538,29.297234970886564,-5.350219929235614,24.3488885649536,-6.442269324625045
60,2020-08-12,"59,000",800,18573934,9597930,9650420,-52490,3573916,3350903,223013,-170523,,,5402088,5572611,29.084242465812576,-0.21299250507398781,30.002319379405566,5.653430814451966
61,2020-08-11,"58,200",400,24907912,12976398,12057921,918477,4402766,3104862,1297904,-2216381,,,7528748,9745129,30.22633129585491,1.1420888300423329,39.12463236581212,9.122312986406552
62,2020-08-10,"57,800",300,17774291,8519154,9147785,-628631,3221111,3433228,-212117,840748,,,6034026,5193278,33.94805452436893,3.721723228514019,29.21791929703413,-9.90671306877799
63,2020-08-07,"57,500",-500,18751717,8182263,11540534,-3358271,4620572,3159960,1460612,1897659,,,5948882,4051223,31.72446555160789,-2.223588972761039,21.604544266533033,-7.613375030501096
64,2020-08-06,"58,000","1,100",21625874,11635513,11487757,147756,3374350,2742886,631464,-779220,,,6616011,7395231,30.593034066507556,-1.1314314851003324,34.19621791933126,12.591673652798228
65,2020-08-05,"56,900",-400,17739706,6249162,9129786,-2880624,3176366,4648358,-1471992,4352616,,,8314178,3961562,46.86762001579959,16.27458594929203,22.331610230744523,-11.864607688586737
66,2020-08-04,"57,300",500,19419694,9707257,10329448,-622191,3907225,5088040,-1180815,1803006,,,5805212,4002206,29.893426745035224,-16.974193270764363,20.60900650648769,-1.7226037242568317
67,2020-08-03,"56,800","-1,100",21158940,7834321,9426432,-1592111,3214984,6318264,-3103280,4695391,,,10109635,5414244,47.7794965154209,17.886069770385678,25.588446302130446,4.9794397956427545
68,2020-07-31,"57,900","-1,100",21943345,8912779,11098657,-2185878,4444432,5753021,-1308589,3494467,,,8586134,5091667,39.128646977021965,-8.650849538398937,23.20369569908325,-2.3847506030471948
69,2020-07-30,"59,000",0,19285354,8608310,9636325,-1028015,5024632,3448079,1576553,-548538,,,5652412,6200950,29.309350505051658,-9.819296471970308,32.153674752353524,8.949979053270273
70,2020-07-29,"59,000",400,36476611,12869490,14322654,-1453164,12655537,7890072,4765465,-3312301,,,10951584,14263885,30.02357867072684,0.7142281656751841,39.104194740021214,6.95051998766769
71,2020-07-28,"58,600","3,000",48431566,16570592,16356101,214491,20943599,5080226,15863373,-16077864,,,10917375,26995239,22.541858340901054,-7.481720329825787,55.738934809582666,16.634740069561452
72,2020-07-27,"55,600","1,400",21054421,7941945,6377707,1564238,9067372,2124314,6943058,-8507296,,,4045104,12552400,19.21261097609856,-3.3292473648024945,59.61883254828047,3.8798977386978066
73,2020-07-24,"54,200",100,10994535,4729772,5789967,-1060195,3519611,2118457,1401154,-340959,,,2745152,3086111,24.96833199403158,5.75572101793302,28.069499983400842,-31.54933256487963
74,2020-07-23,"54,100",-600,16214932,4985462,7734677,-2749215,4505195,5765090,-1259895,4009110,,,6724275,2715165,41.46964661954796,16.50131462551638,16.744843579979243,-11.3246564034216
75,2020-07-22,"54,700",-600,12885057,5022943,5934137,-911194,3722251,4114814,-392563,1303757,,,4139863,2836106,32.129178784385665,-9.340467835162293,22.01081454276842,5.265970962789176
76,2020-07-21,"55,300","1,100",18297260,7307011,5774394,1532617,7629555,1948244,5681311,-7213928,,,3360694,10574622,18.36719814879386,-13.761980635591804,57.793472902500156,35.78265835973174
77,2020-07-20,"54,200",-200,10507530,4463568,5641250,-1177682,3448811,2312199,1136612,41070,,,2595151,2554081,24.698011806770953,6.330813657977092,24.307149253916002,-33.486323648584154
78,2020-07-17,"54,400",600,10096174,4248884,3887454,361430,3937473,2406605,1530868,-1892298,,,1909817,3802115,18.916244906238738,-5.781766900532215,37.65896863504928,13.351819381133275
79,2020-07-16,"53,800",-900,16779127,7189935,7148904,41031,5306672,6498134,-1191462,1150431,,,4282520,3132089,25.522901161663537,6.606656255424799,18.666579018085983,-18.992389616963294
80,2020-07-15,"54,700",900,24051450,9083044,6919714,2163330,10892786,5467321,5425465,-7588795,,,4075620,11664415,16.94542324891015,-8.577477912753388,48.497762089187965,29.831183071101982
81,2020-07-14,"53,800",400,14269484,6236669,7848374,-1611705,5301335,3005816,2295519,-683814,,,2731480,3415294,19.14210773143584,2.19668448252569,23.93425018031486,-24.563511908873107
82,2020-07-13,"53,400",700,12240188,5554184,4451949,1102235,4047948,2965273,1082675,-2184910,,,2638056,4822966,21.552414064228426,2.4103063327925867,39.40271178841371,15.468461608098853
83,2020-07-10,"52,700",-100,13714746,4794904,8391496,-3596592,3610216,2005688,1604528,1992064,,,5309626,3317562,38.714723553757395,17.16230948952897,24.18974438170419,-15.21296740670952
84,2020-07-09,"52,800",-200,17054850,7672370,9955619,-2283249,4729719,3219462,1510257,772992,,,4652761,3879769,27.281160491004027,-11.433563062753368,22.74877234335101,-1.4409720383531806
85,2020-07-08,"53,000",-400,19664652,8894979,10392756,-1497777,5193371,5409395,-216024,1713801,,,5576302,3862501,28.35698287465245,1.075822383648422,19.64184771741702,-3.106924625933992
86,2020-07-07,"53,400","-1,600",30760032,11690461,15754835,-4064374,5103654,5726685,-623031,4687405,,,13965917,9278512,45.40280387224564,17.045820997593193,30.16418188381599,10.52233416639897
87,2020-07-06,"55,000","1,400",19856623,10962106,6599152,4362954,3072581,1723880,1348701,-5711655,,,5821936,11533591,29.319869748244702,-16.08293412400094,58.084353014105176,27.920171130289187
88,2020-07-03,"53,600",700,11887868,6409811,5418146,991665,2769143,1150631,1618512,-2610177,,,2708914,5319091,22.78721466288152,-6.5326550853631815,44.743859874621755,-13.34049313948342
89,2020-07-02,"52,900",300,14142583,6957082,7427264,-470182,4101713,4188287,-86574,556756,,,3083788,2527032,21.80498428045287,-0.98223038242865,17.86824938556132,-26.875610489060435
90,2020-07-01,"52,600",-200,16706143,8449077,8021941,427136,3690754,5326597,-1635843,1208707,,,4566312,3357605,27.333131291884666,5.528147011431795,20.098026217062788,2.229776831501468
91,2020-06-30,"52,800",400,21157172,10311976,9071273,1240703,7136159,5515177,1620982,-2861685,,,3709037,6570722,17.530873218783682,-9.802258073100983,31.056712116345224,10.958685899282436
92,2020-06-29,"52,400",-900,17776925,9594661,10478909,-884248,3286709,3823944,-537235,1421483,,,4895555,3474072,27.53881787767007,10.007944658886387,19.542592433730803,-11.514119682614421
93,2020-06-26,"53,300","1,400",21575360,11059519,9614557,1444962,5560674,3293172,2267502,-3712464,,,4955167,8667631,22.966787112706346,-4.572030764963724,40.17374912863563,20.631156694904824
94,2020-06-25,"51,900","-1,000",18541624,8516119,12346277,-3830158,3891074,2268025,1623049,2207109,,,6134431,3927322,33.084647817257,10.117860704550655,21.181111212264902,-18.992637916370725
95,2020-06-24,"52,900","1,500",24519552,11584112,10309536,1274576,6094943,3275747,2819196,-4093772,,,6840497,10934269,27.898132070276,-5.1865157469810015,44.59408149055905,23.412970278294146
96,2020-06-23,"51,400",-600,18086152,9289508,10850224,-1560716,2739803,3213868,-474065,2034781,,,6056841,4022060,33.488831676301295,5.5906996060252965,22.238340140014305,-22.355741350544744
97,2020-06-22,"52,000",-900,13801350,7409457,7405819,3638,2268957,3656158,-1387201,1383563,,,4122936,2739373,29.873425425773565,-3.6154062505277302,19.84858727588243,-2.389752864131875
98,2020-06-19,"52,900",600,18157985,7603628,8121314,-517686,7652948,5665356,1987592,-1469906,,,2901409,4371315,15.978694772575261,-13.894730653198303,24.073789024498037,4.225201748615607
99,2020-06-18,"52,300",100,15982926,7720237,8129722,-409485,4986965,4714330,272635,136850,,,3275724,3138874,20.495145882549917,4.516451109974655,19.63891968216583,-4.434869342332206
100,2020-06-17,"52,200",100,26672595,12827521,12979182,-151661,9281541,7537292,1744249,-1592588,,,4563533,6156121,17.109445106484763,-3.3857007760651534,23.080322705758476,3.4414030235926454
101,2020-06-16,"52,100","2,200",21808375,11969652,8859331,3110321,3547574,5678813,-2131239,-979082,,,6291149,7270231,28.847399221629306,11.737954115144543,33.336876314718545,10.256553608960068
102,2020-06-15,"49,900","-2,400",28772921,9309859,13176403,-3866544,5049064,6589494,-1540430,5406974,,,14413998,9007024,50.09570630663463,21.248307085005326,31.303822090221566,-2.033054224496979
103,2020-06-12,"52,300","-2,000",26976019,9455821,11272827,-1817006,4828221,5623752,-795531,2612537,,,12691977,10079440,47.0491105451846,-3.0465957614500354,37.36444580647723,6.060623716255662
104,2020-06-11,"54,300","-1,100",33815123,13674291,20369695,-6695404,4704763,6312687,-1607924,8303328,,,15436069,7132741,45.648418904169006,-1.400691641015591,21.09334631135306,-16.27109949512417
105,2020-06-10,"55,400",-100,16742493,8288528,7199036,1089492,4125743,4476024,-350281,-739211,,,4328222,5067433,25.85171754290117,-19.796701361267836,30.266896333777773,9.173550022424713
106,2020-06-09,"55,500",600,23998831,10595919,13319422,-2723503,4211227,3094201,1117026,1606477,,,9191685,7585208,38.30055305610511,12.448835513203939,31.606572836818593,1.3396765030408204
107,2020-06-08,"54,900",-600,25634965,11523849,12668890,-1145041,4336552,5969457,-1632905,2777946,,,9774564,6996618,38.129812153049556,-0.17074090305555245,27.293261371724125,-4.313311465094468
108,2020-06-05,"55,500",900,22743629,12687208,9938655,2748553,3844962,3979527,-134565,-2613988,,,6211459,8825447,27.310764698105128,-10.819047454944428,38.80404046337548,11.510779091651354
109,2020-06-04,"54,600",100,40220334,17549603,15940604,1608999,9195981,7552302,1643679,-3252678,,,13474750,16727428,33.50233242717477,6.191567729069643,41.5894805846217,2.785440121246218
110,2020-06-03,"54,500","3,100",49257814,22439769,12877071,9562698,9905957,6627240,3278717,-12841415,,,16912088,29753503,34.33381757460857,0.8314851474337956,60.40362042862885,18.81413984400715
111,2020-06-02,"51,400",200,14247933,7258948,6357564,901384,2529164,2852030,-322866,-578518,,,4459821,5038339,31.30152984296038,-3.0322877316481858,35.361894248099006,-25.041726180529842
112,2020-06-01,"51,200",500,16949183,8267920,6170209,2097711,3883525,3940820,-57295,-2040416,,,4797738,6838154,28.30660333303381,-2.9949265099265716,40.34503609997013,4.983141851871125
113,2020-05-29,"50,700",300,27596961,8598574,10491385,-1892811,15415280,11648307,3766973,-1874162,,,3583107,5457269,12.983701357551652,-15.322901975482157,19.77489115558775,-20.57014494438238
114,2020-05-28,"50,400",500,31309318,13880170,11109010,2771160,8265604,5857102,2408502,-5179662,,,9163544,14343206,29.267785392195382,16.28408403464373,45.81130128736755,26.0364101317798
115,2020-05-27,"49,900",650,19548479,7943324,7819126,124198,5638212,2611763,3026449,-3150647,,,5966943,9117590,30.523822339323686,1.2560369471283046,46.640917689811054,0.8296164024435058
116,2020-05-26,"49,250",400,15127490,7483678,5821982,1661696,3211317,4057311,-845994,-815702,,,4432495,5248197,29.30092830998401,-1.2228940293396775,34.69311167946566,-11.947806010345396
117,2020-05-25,"48,850",100,14337913,7080068,6856281,223787,1864864,4090677,-2225813,2002026,,,5392981,3390955,37.613430908668505,8.312502598684496,23.650269045432204,-11.042842634033455
118,2020-05-22,"48,750","-1,200",19706284,6115808,8982988,-2867180,2210869,5710330,-3499461,6366641,,,11379607,5012966,57.74608241716196,20.132651508493453,25.43841345227746,1.7881444068452552
119,2020-05-21,"49,950",-50,14949266,5774835,8129197,-2354362,4770224,2865955,1904269,450093,,,4404207,3954114,29.461025042968664,-28.285057374193293,26.45022170319265,1.011808250915191
120,2020-05-20,"50,000",-300,14896899,5817531,5952563,-135032,5281725,5093113,188612,-53580,,,3797643,3851223,25.492842503664686,-3.968182539303978,25.852514674362766,-0.597707028829884
121,2020-05-19,"50,300","1,500",25168295,11201399,5980185,5221214,6136287,4377943,1758344,-6979558,,,7830609,14810167,31.11298957676712,5.620147073102434,58.84453833682417,32.992023662461406
122,2020-05-18,"48,800",950,20481981,8964510,7188363,1776147,5442883,4329456,1113427,-2889574,,,6074588,8964162,29.65820542456318,-1.4547841522039384,43.766088836817104,-15.078449500007068
123,2020-05-15,"47,850",-150,18463118,8734136,6896282,1837854,5077884,7183062,-2105178,267324,,,4651098,4383774,25.19129217502699,-4.466913249536191,23.74341105332263,-20.022677783494473
124,2020-05-14,"48,000",-550,19305974,8586280,9861037,-1274757,5403451,6623672,-1220221,2494978,,,5316243,2821265,27.536776958261726,2.3454847832347347,14.613430019122578,-9.129981034200053
125,2020-05-13,"48,550",650,20223277,6934988,7434183,-499195,8164890,8679255,-514365,1013560,,,5123399,4109839,25.33416814693286,-2.202608811328865,20.322319671534935,5.708889652412356
126,2020-05-12,"47,900",-500,23433590,7226425,10500588,-3274163,6295160,8276175,-1981015,5255178,,,9912005,4656827,42.29827781402678,16.964109667093922,19.872443786888823,-0.4498758846461115
127,2020-05-11,"48,400",-400,16357743,6405224,8093736,-1688512,3182796,4435166,-1252370,2940882,,,6769723,3828841,41.385434408646724,-0.9128434053800589,23.406902773811765,3.5344589869229424
128,2020-05-08,"48,800",0,15319700,6803516,5761273,1042243,3640751,5872372,-2231621,1189378,,,4875433,3686055,31.824598392918922,-9.560836015727801,24.060882393258353,0.6539796194465879
129,2020-05-07,"48,800",-400,13884411,6667366,6566134,101232,3326243,4752107,-1425864,1324632,,,3890802,2566170,28.02280917786142,-3.8017892150575037,18.482382868095737,-5.578499525162616
130,2020-05-06,"49,200",700,18070225,7246520,6246922,999598,5539413,7210229,-1670816,671218,,,5284292,4613074,29.243089114828397,1.2202799369669783,25.52859192400759,7.046209055911852
131,2020-05-04,"48,500","-1,500",26083749,5871802,10972059,-5100257,6224658,12103092,-5878434,10978691,,,13987289,3008598,53.62453457131488,24.381445456486485,11.534377209349776,-13.994214714657813
132,2020-04-29,"50,000",-100,15604533,7501517,7112352,389165,4137958,4031124,106834,-495999,,,3965058,4461057,25.409655002171483,-28.2148795691434,28.588212156044655,17.053834946694877
133,2020-04-28,"50,100",250,16095399,6170738,7089274,-918536,5369893,4768907,600986,317550,,,4554768,4237218,28.298571535878047,2.8889165337065634,26.32564747229938,-2.262564683745275
134,2020-04-27,"49,850",500,14049471,7276381,5026355,2250026,3509158,3799633,-290475,-1959551,,,3263932,5223483,23.23170744293504,-5.066864092943007,37.1792147903647,10.853567318065323
135,2020-04-24,"49,350",-500,15618347,5413509,8131335,-2717826,5143553,4512919,630634,2087192,,,5061285,2974093,32.406022225015235,9.174314782080195,19.042303260389847,-18.136911529974856
136,2020-04-23,"49,850",0,18754442,9298199,8593761,704438,4425233,5324472,-899239,194801,,,5031010,4836209,26.825698146604417,-5.580324078410818,25.78700555313776,6.744702292747913
137,2020-04-22,"49,850",600,18613864,7046805,9610308,-2563503,4184237,3399328,784909,1778594,,,7382822,5604228,39.66302751540465,12.837329368800233,30.107816410391735,4.320810857253974
138,2020-04-21,"49,250",-850,27407543,10395528,12071337,-1675809,4399145,8185791,-3786646,5462455,,,12612870,7150415,46.01970340792679,6.356675892522141,26.08922295588481,-4.018593454506924
139,2020-04-20,"50,100","-1,300",21866354,7255381,10829161,-3573780,5093828,6328269,-1234441,4808221,,,9517145,4708924,43.52415130570007,-2.4955521022267177,21.535021339177078,-4.554201616707733
140,2020-04-17,"51,400","2,400",32041675,10887353,8563576,2323777,10284642,5146545,5138097,-7461874,,,10869680,18331554,33.923569850827086,-9.600581454872987,57.21159708410999,35.67657574493291
141,2020-04-16,"49,000",0,23349760,7541934,7219293,322641,11542043,12611825,-1069782,747141,,,4265783,3518642,18.269065720589847,-15.654504130237239,15.069285508716149,-42.14231157539384
142,2020-04-14,"49,000",700,14206216,7250899,4609532,2641367,3852119,3371982,480137,-3121504,,,3103198,6224702,21.843944932274717,3.5748792116848698,43.8167489498963,28.74746344118015
143,2020-04-13,"48,300",-950,14431800,6155374,9083047,-2927673,1331430,1666626,-335196,3262869,,,6944996,3682127,48.122867556368575,26.27892262409386,25.513983009742375,-18.302765940153925
144,2020-04-10,"49,250",150,17839111,6760668,9191763,-2431095,4709425,4187861,521564,1909531,,,6369018,4459487,35.702552666441726,-12.42031488992685,24.998370154207798,-0.5156128555345774
145,2020-04-09,"49,100",500,22628058,11523038,12859513,-1336475,4710106,4610895,99211,1237264,,,6394914,5157650,28.260993497541858,-7.441559168899868,22.793162365060226,-2.205207789147572
146,2020-04-08,"48,600","-1,000",25010314,9936297,12847816,-2911519,6380493,4438803,1941690,969829,,,8693524,7723695,34.75975551526462,6.498762017722765,30.882039305863973,8.088876940803747
147,2020-04-07,"49,600",900,31524034,13818156,12711964,1106192,6507427,5452715,1054712,-2160904,,,11198451,13359355,35.52353420250721,0.7637786872425849,42.378316810596004,11.496277504732031
148,2020-04-06,"48,700","1,700",23395726,12123249,6142424,5980825,4526138,4766036,-239898,-5740927,,,6746339,12487266,28.835775389060377,-6.68775881344683,53.37413337803666,10.995816567440656
149,2020-04-03,"47,000",200,22784682,9724428,10312344,-587916,6744753,6725491,19262,568654,,,6315501,5746847,27.718188035277386,-1.1175873537829908,25.222414778490215,-28.151718599546445
150,2020-04-02,"46,800","1,000",21621076,9842011,8496077,1345934,3932956,5440758,-1507802,161868,,,7846109,7684241,36.289169882201975,8.570981846924589,35.54051148980745,10.318096711317235
151,2020-04-01,"45,800","-1,950",27259532,8949390,13604432,-4655042,4842970,7286451,-2443481,7098523,,,13467172,6368649,49.4035334135597,13.114363531357725,23.363016650469273,-12.177494839338177
152,2020-03-31,"47,750",-100,30654261,10811188,13812615,-3001427,9001485,9204136,-202651,3204078,,,10841588,7637510,35.36731157864155,-14.036221834918152,24.91500284413968,1.5519861936704054
153,2020-03-30,"47,850",-450,26797395,12525328,12544154,-18826,4598853,5633049,-1034196,1053022,,,9673214,8620192,36.09759082925784,0.7302792506162916,32.168022302167806,7.2530194580281275
154,2020-03-27,"48,300",500,39896178,17145659,16179095,966564,6132373,9245415,-3113042,2146478,,,16618146,14471668,41.65347868660502,5.55588785734718,36.27331921368508,4.1052969115172715
155,2020-03-26,"47,800",-850,42185129,15191243,18899191,-3707948,9361738,8809095,552643,3155305,,,17632148,14476843,41.797070242454396,0.1435915558493761,34.317408392895985,-1.955910820789093
156,2020-03-25,"48,650","1,700",52735922,17523950,19219398,-1695448,7534954,10255254,-2720300,4415748,,,27677018,23261270,52.482287121101244,10.685216878646848,44.1089661805856,9.791557787689612
157,2020-03-24,"46,950","4,450",49801908,19575238,16320914,3254324,10078776,7167814,2910962,-6165286,,,20147894,26313180,40.4560684703084,-12.026218650792842,52.83568653634716,8.726720355761564
158,2020-03-23,"42,500","-2,900",41701626,14029123,17278114,-3248991,5770669,13878748,-8108079,11357070,,,21901834,10544764,52.52033577779437,12.06426730748597,25.286217856349296,-27.549468679997865
159,2020-03-20,"45,400","2,450",49730008,20147823,18478699,1669124,8548993,13678188,-5129195,3460071,,,21033192,17573121,42.2947689853579,-10.225566792436474,35.337056450905855,10.05083859455656
160,2020-03-19,"42,950","-2,650",56925513,21441169,19828729,1612440,7933533,13717525,-5783992,4171552,,,27550811,23379259,48.398002140094896,6.103233154736998,41.069913590414195,5.73285713950834
161,2020-03-18,"45,600","-1,700",40152623,10842188,16506126,-5663938,8218781,9363239,-1144458,6808396,,,21091654,14283258,52.528707775828245,4.130705635733349,35.57241577966152,-5.497497810752677
162,2020-03-17,"47,300","-1,600",51218151,15784920,13296336,2488584,9432725,20876024,-11443299,8954715,,,26000506,17045791,50.764241762651686,-1.764466013176559,33.28076212669215,-2.291653652969366
163,2020-03-16,"48,900","-1,050",33339821,9340167,12617890,-3277723,4288960,8659561,-4370601,7648324,,,19710694,12062370,59.12057536241721,8.356333599765527,36.18006827331197,2.8993061466198142
164,2020-03-13,"49,950",-850,59462933,18257711,14220758,4036953,9511187,21372340,-11861153,7824200,,,31694035,23869835,53.30049057620484,-5.820084786212377,40.14237743704973,3.962309163737764
165,2020-03-12,"50,800","-1,300",48149999,21240119,17749174,3490945,6858505,15967709,-9109204,5618259,,,20051375,14433116,41.64356265095665,-11.656927925248183,29.97531941797133,-10.1670580190784
166,2020-03-11,"52,100","-2,500",45707281,10272886,13115780,-2842894,15162035,25457808,-10295773,13138667,,,20272360,7133693,44.352583563218296,2.709020912261643,15.60734492169858,-14.367974496272751
167,2020-03-10,"54,600",400,32106554,15124953,11233323,3891630,5972992,12438256,-6465264,2573634,,,11008609,8434975,34.287731408359804,-10.064852154858492,26.271816651516072,10.664471729817492
168,2020-03-09,"54,200","-2,300",30261485,10484995,10633303,-148308,3391360,13311173,-9919813,10068121,,,16385130,6317009,54.145161746027995,19.85743033766819,20.874748876335712,-5.397067775180361
169,2020-03-06,"56,500","-1,300",18716656,8528734,9521959,-993225,3190520,5944424,-2753904,3747129,,,6997402,3250273,37.385962535187915,-16.75919921084008,17.365671517390712,-3.5090773589449995
170,2020-03-05,"57,800",400,21698990,9518866,10370659,-851793,4203739,6408213,-2204474,3056267,,,7976385,4920118,36.759245476402356,-0.6267170587855588,22.67441019144209,5.3087386740513764
171,2020-03-04,"57,400","2,000",24765728,9855970,10903410,-1047440,8077274,5003529,3073745,-2026305,,,6832484,8858789,27.58846418728333,-9.170781289119027,35.77035571092439,13.095945519482303
172,2020-03-03,"55,400",400,30330295,11633603,13331971,-1698368,7244305,9722384,-2478079,4176447,,,11452387,7275940,37.7589040924264,10.17043990514307,23.989018240673225,-11.781337470251167
173,2020-03-02,"55,000",800,30403412,12206451,9990735,2215716,6634403,13655390,-7020987,4805271,,,11562558,6757287,38.030461844216696,0.2715577517902972,22.225423251837658,-1.7635949888355675
174,2020-02-28,"54,200","-1,700",30054227,12611677,9786648,2825029,8140327,13314782,-5174455,2349426,,,9302223,6952797,30.95146316689496,-7.078998677321735,23.134173439230363,0.9087501873927053
175,2020-02-27,"55,900",-600,23209541,10368801,10478966,-110165,5259588,8211594,-2952006,3062171,,,7581152,4518981,32.6639462624444,1.7124830955494375,19.470359194091774,-3.663814245138589
176,2020-02-26,"56,500","-1,400",25483102,11489239,10983443,505796,4194810,11228355,-7033545,6527749,,,9799053,3271304,38.45314043792627,5.7891941754818745,12.837149888581067,-6.633209305510707
177,2020-02-25,"57,900","1,100",23885408,11074596,9684954,1389642,4805764,9663023,-4857259,3467617,,,8005048,4537431,33.5143866916571,-4.938753746269171,18.99666524431988,6.159515355738812
178,2020-02-24,"56,800","-2,400",25627537,10778617,8165657,2612960,3407907,11867125,-8459218,5846258,,,11441013,5594755,44.643435691849746,11.129049000192644,21.83102886555193,2.8343636212320504
179,2020-02-21,"59,200",-800,13777393,4715645,7104588,-2388943,4805802,4012758,793044,1595899,,,4255946,2660047,30.890793345301248,-13.752642346548498,19.30733194589136,-2.523696919660569
180,2020-02-20,"60,000",-200,14591924,6929465,7319130,-389665,4075502,4272780,-197278,586943,,,3586957,3000014,24.581796067468552,-6.308997277832695,20.559413549577148,1.252081603685788
181,2020-02-19,"60,200",400,12951496,5850073,5152797,697276,3684793,5586125,-1901332,1204056,,,3416630,2212574,26.38019577043455,1.7983997029659982,17.083540001865423,-3.475873547711725
182,2020-02-18,"59,800","-1,700",16674266,4255398,6713785,-2458387,3829417,7650843,-3821426,6279813,,,8589451,2309638,51.51321803310562,25.133022262671073,13.851512264467894,-3.2320277373975284
183,2020-02-17,"61,500",-300,8740596,4598057,4127009,471048,1610543,2791313,-1180770,709722,,,2531996,1822274,28.96823054171592,-22.544987491389705,20.84839523529059,6.9968829708226945
184,2020-02-14,"61,800","1,100",13276067,6639086,5939404,699682,4148327,2174510,1973817,-2673499,,,2488654,5162153,18.74541609348612,-10.222814448229798,38.883149655692456,18.034754420401867
185,2020-02-13,"60,700",200,18449775,8992459,10908956,-1916497,6249910,2030492,4219418,-2302921,,,3207406,5510327,17.38452636956277,-1.36088972392335,29.866635229968928,-9.016514425723528
186,2020-02-12,"60,500",600,12904207,6604865,5088037,1516828,4157087,5151944,-994857,-521971,,,2142255,2664226,16.601213852195645,-0.7833125173671256,20.646181512742316,-9.220453717226611
187,2020-02-11,"59,900",200,11071231,5918977,4029730,1889247,2407596,4071426,-1663830,-225417,,,2744658,2970075,24.790901752479016,8.18968790028337,26.82696260244231,6.180781089699995
188,2020-02-10,"59,700",-700,13107121,5911134,6174188,-263054,3408881,5091760,-1682879,1945933,,,3787106,1841173,28.89349995319338,4.102598200714365,14.04711988239065,-12.779842720051661
189,2020-02-07,"60,400",-700,16402493,5808729,8245340,-2436611,5792845,5245559,547286,1889325,,,4800919,2911594,29.269447028570596,0.3759470753772156,17.750923594358493,3.7038037119678435
190,2020-02-06,"61,100","1,600",14727159,7109877,4626222,2483655,4983749,4214701,769048,-3252703,,,2633533,5886236,17.88215228748464,-11.387294741085956,39.96857778204201,22.217654187683518
191,2020-02-05,"59,500",600,19278165,7232661,11691935,-4459274,7895824,3834364,4061460,397814,,,4149680,3751866,21.525285212570804,3.6431329250861637,19.46173818929343,-20.50683959274858
192,2020-02-04,"58,900","1,700",21800192,7284469,11081983,-3797514,8830414,5209866,3620548,176966,,,5685309,5508343,26.079169394471386,4.553884181900582,25.267405901746187,5.805667712452756
193,2020-02-03,"57,200",800,23995260,10171327,9094374,1076953,7284685,8894168,-1609483,532530,,,6539248,6006718,27.25224898584137,1.1730795913699836,25.032935671461782,-0.23447023028440483
194,2020-01-31,"56,400",-800,19749457,8379882,6731201,1648681,5503936,9280651,-3776715,2128034,,,5865639,3737605,29.7002545437072,2.44800555786583,18.925102599023354,-6.107833072438428
195,2020-01-30,"57,200","-1,900",20821939,7553738,9816238,-2262500,3406694,7053492,-3646798,5909298,,,9861507,3952209,47.361136731790445,17.660882188083246,18.980984431853347,0.05588183282999282
196,2020-01-29,"59,100",300,16446102,6803858,9341679,-2537821,4396676,3922955,473721,2064100,,,5245568,3181468,31.89550934318661,-15.465627388603835,19.3448149598002,0.36383052794685256
197,2020-01-28,"58,800","-2,000",23664541,8873498,7815901,1057597,5919965,11220719,-5300754,4243157,,,8871078,4627921,37.48679511679521,5.591285773608597,19.55635226561124,0.21153730581103858
198,2020-01-23,"60,800","-1,500",14916555,5581260,7487596,-1906336,3237422,5461159,-2223737,4130073,,,6097873,1967800,40.8799015590396,3.3931064422443953,13.19205406342148,-6.364298202189758
199,2020-01-22,"62,300",900,15339565,6882158,5233150,1649008,5156339,5041793,114546,-1763554,,,3301068,5064622,21.519958356055078,-19.359943202984525,33.01672505054739,19.824670987125913
200,2020-01-21,"61,400","-1,000",11142693,4238313,5493358,-1255045,2458514,3348998,-890484,2145529,,,4445866,2300337,39.89938518453304,18.37942682847796,20.644354107216273,-12.37237094333112
201,2020-01-20,"62,400","1,100",12528855,5296326,5074244,222082,3476695,3689452,-212757,-9325,,,3755834,3765159,29.977472003626826,-9.921913180906213,30.051900193593113,9.40754608637684
202,2020-01-17,"61,300",600,16025661,6303523,7571072,-1267549,6248069,5253232,994837,272712,,,3474069,3201357,21.678163540336964,-8.299308463289861,19.976442781361715,-10.075457412231398
203,2020-01-16,"60,700","1,700",14381774,5117080,5793111,-676031,6459303,5319891,1139412,-463381,,,2805391,3268772,19.50657130337328,-2.171592236963683,22.728572984111693,2.752130202749978
204,2020-01-15,"59,000","-1,000",14300928,5619653,5375506,244147,4353963,7328019,-2974056,2729909,,,4327312,1597403,30.25895941857759,10.752388115204308,11.169925476164904,-11.55864750794679
205,2020-01-14,"60,000",0,16906295,5833294,7499380,-1666086,6016848,5672260,344588,1321498,,,5056153,3734655,29.906925201529962,-0.3520342170476276,22.090321977701205,10.9203965015363
206,2020-01-13,"60,000",500,11359139,3772640,5285463,-1512823,4370414,2945747,1424667,88156,,,3216085,3127929,28.31275328174081,-1.5941719197891508,27.5366733341321,5.446351356430895
207,2020-01-10,"59,500",900,16000170,4809954,7764148,-2954194,6395150,4767170,1627980,1326214,,,4795066,3468852,29.968844081031637,1.6560907992908263,21.680094648994356,-5.856578685137745
208,2020-01-09,"58,600","1,800",24102579,9264381,11567351,-2302970,11483869,7807976,3675893,-1372923,,,3354329,4727252,13.916888313072223,-16.051955767959413,19.613054685973648,-2.067039963020708
209,2020-01-08,"56,800","1,000",23501171,9268860,9195447,73413,10641781,6382596,4259185,-4332598,,,3590530,7923128,15.278089759867711,1.361201446795489,33.713758348466975,14.100703662493327
210,2020-01-07,"55,800",300,10009778,4359392,4307496,51896,3895791,3930090,-34299,-17597,,,1754595,1772192,17.52881032926005,2.250720569392339,17.70460843387336,-16.009149914593614
211,2020-01-06,"55,500",0,10278951,4431535,5631189,-1199654,3545061,2767925,777136,422518,,,2302355,1879837,22.39873504601783,4.8699247167577795,18.288218321110783,0.5836098872374222
212,2020-01-03,"55,500",300,15422255,6860314,9088643,-2228329,5033166,3913035,1120131,1108198,,,3528775,2420577,22.88105727729181,0.48232223127397944,15.695350647489617,-2.592867673621166
213,2020-01-02,"55,200",-600,12993228,4587665,6942431,-2354766,4376476,4904874,-528398,2883164,,,4029087,1145923,31.009130294642716,8.128073017350907,8.819386529659912,-6.875964117829705
214,2019-12-30,"55,800",-700,8356767,4155717,2291956,1863761,1925544,5077485,-3151941,1288180,,,2275506,987326,27.229501552454437,-3.7796287421882795,11.814688623004566,2.9953020933446535
215,2019-12-27,"56,500","1,100",12313056,6438579,5842109,596470,2051972,3248374,-1196402,599932,,,3822505,3222573,31.04432400859705,3.8148224561426147,26.171999867457764,14.357311244453198
216,2019-12-26,"55,400",400,9645034,5251572,2295997,2955575,897946,1946540,-1048594,-1906981,,,3495516,5402497,36.24161407829148,5.197290069694425,56.01324992737196,29.841250059914195
217,2019-12-24,"55,000",-500,11868463,4924390,3533795,1390595,4681819,5694456,-1012637,-377958,,,2262254,2640212,19.061052808607144,-17.180561269684333,22.245610067622067,-33.76763985974989
218,2019-12-23,"55,500",-500,9839252,4737230,3691280,1045950,2923607,3153731,-230124,-815826,,,2178415,2994241,22.14004682469765,3.0789940160905047,30.431591751080266,8.185981683458198
219,2019-12-20,"56,000",0,12095519,2741824,2882694,-140870,7207463,6758452,449011,-308141,,,2146232,2454373,17.744025700757447,-4.396021123940201,20.291588976049727,-10.140002775030538
220,2019-12-19,"56,000",-300,14180520,4375684,5436231,-1060547,6661094,5211671,1449423,-388876,,,3143742,3532618,22.169440894974233,4.425415194216786,24.911766282195575,4.620177306145848
221,2019-12-18,"56,300",-400,15558208,4412916,6078754,-1665838,8187130,6303450,1883680,-217842,,,2958162,3176004,19.013513638588712,-3.155927256385521,20.41368774604376,-4.498078536151816
222,2019-12-17,"56,700","2,000",19358433,6276350,6589026,-312676,10471597,4344116,6127481,-5814805,,,2610486,8425291,13.485006766818369,-5.528506871770343,43.52258780449843,23.10890005845467
223,2019-12-16,"54,700",0,11512405,5441995,3093545,2348450,4821020,4888585,-67565,-2280885,,,1249390,3530275,10.852554266463002,-2.6324525003553667,30.664965313503128,-12.8576224909953
224,2019-12-13,"54,700","1,400",18120261,7569213,5106749,2462464,8511010,3300961,5210049,-7672513,,,2040038,9712551,11.258325694094582,0.4057714276315796,53.60050277421501,22.93553746071188
225,2019-12-12,"53,300","1,400",29178697,17546359,16164568,1381791,10636407,5090524,5545883,-6927674,,,995931,7923605,3.4132127284504854,-7.8451129656440965,27.15544494670204,-26.44505782751297
226,2019-12-11,"51,900",400,11379521,5360738,4583015,777723,4988373,4528476,459897,-1237620,,,1030410,2268030,9.05495055547593,5.641737827025445,19.930803765817558,-7.224641180884483
227,2019-12-10,"51,500",300,6882771,3042780,2218547,824233,3279623,3167771,111852,-936085,,,560368,1496453,8.141604595009772,-0.9133459604661578,21.74201350008594,1.811209734268381
228,2019-12-09,"51,200",800,8470627,3244473,3131330,113143,4476082,3722280,753802,-866945,,,750072,1617017,8.854976142852236,0.7133715478424634,19.089696665902064,-2.6523168341838748
229,2019-12-06,"50,400",900,11414563,4587232,3300842,1286390,5532969,6104057,-571088,-715302,,,1294362,2009664,11.339566832300106,2.48459068944787,17.606140506649268,-1.483556159252796
230,2019-12-05,"49,500",50,10449715,3608102,4022346,-414244,5005397,5403754,-398357,812601,,,1836216,1023615,17.5719242103732,6.232357378073095,9.795626005111144,-7.810514501538124
231,2019-12-04,"49,450",-450,13246549,4538778,4391588,147190,5568569,7306678,-1738109,1590919,,,3139202,1548283,23.698262845666445,6.126338635293244,11.688198941475248,1.892572936364104
232,2019-12-03,"49,900",-500,12059812,4996217,3289254,1706963,4463260,7885236,-3421976,1715013,,,2600335,885322,21.561986206750156,-2.1362766389162893,7.3410928793914865,-4.347106062083761
233,2019-12-02,"50,400",100,18877252,4568636,2162147,2406489,12846467,15671284,-2824817,418328,,,1462149,1043821,7.745560635626414,-13.816425571123741,5.529517749723318,-1.8115751296681681
234,2019-11-29,"50,300","-1,000",11179334,3758668,4052427,-293759,3298981,6102819,-2803838,3097597,,,4121685,1024088,36.86878842693134,29.123227791304924,9.160545699770665,3.631027950047347
235,2019-11-28,"51,300",-900,6833885,2840069,2306947,533122,2022499,3640716,-1618217,1085095,,,1971317,886222,28.84621265941701,-8.02257576751433,12.968055505762827,3.8075098059921615
236,2019-11-27,"52,200",400,7546261,3427885,2618110,809775,3021288,3593995,-572707,-237068,,,1097088,1334156,14.538166649682537,-14.308046009734472,17.67969594478643,4.711640439023604
237,2019-11-26,"51,800",0,27372226,9927143,2955697,6971446,15052404,22552793,-7500389,528943,,,2392679,1863736,8.741265690265745,-5.796900959416792,6.808858000807096,-10.870837943979335
238,2019-11-25,"51,800",200,9050625,4992058,2556269,2435789,2640225,5254706,-2614481,178692,,,1418342,1239650,15.671205027277122,6.929939337011376,13.696844140598024,6.887986139790929
239,2019-11-22,"51,600",600,8478310,4082793,2045472,2037321,3070140,4955639,-1885499,-151822,,,1325377,1477199,15.632561206183778,-0.03864382109334308,17.423271854886174,3.7264277142881497
240,2019-11-21,"51,000","-1,000",14298646,6018109,3849163,2168946,4623245,8129754,-3506509,1337563,,,3657292,2319729,25.577890382068347,9.945329175884568,16.223417238247592,-1.1998546166385822
241,2019-11-20,"52,000","-1,500",12560070,4336129,4114335,221794,4237192,7240785,-3003593,2781799,,,3986749,1204950,31.741455262590097,6.163564880521751,9.593497488469412,-6.62991974977818
242,2019-11-19,"53,500",0,8907177,3435539,3909216,-473677,4125346,4045269,80077,393600,,,1346292,952692,15.114687852279124,-16.626767410310975,10.695779369827276,1.1022818813578645
243,2019-11-18,"53,500",-200,7746554,3360950,2662433,698517,3046887,4222232,-1175345,476828,,,1338717,861889,17.281451855883272,2.1667640036041487,11.126095551647868,0.43031618182059184
244,2019-11-15,"53,700",900,9703360,6036818,1722740,4314078,2947646,3089602,-141956,-4172122,,,718896,4891018,7.408732645186822,-9.87271921069645,50.40540596247073,39.27931041082286
245,2019-11-14,"52,800",300,12010018,8262702,6747016,1515686,2927089,4288924,-1361835,-153851,,,820227,974078,6.829523486142985,-0.5792091590438364,8.110545712754135,-42.29486024971659
246,2019-11-13,"52,500",-100,6225196,2331779,3470119,-1138340,3008205,2237778,770427,367913,,,885212,517299,14.219825367747458,7.390301881604472,8.309762455672079,0.1992167429179439
247,2019-11-12,"52,600","1,000",6576148,2865792,2558517,307275,3060693,2975661,85032,-392307,,,649663,1041970,9.879081188562058,-4.3407441791854,15.844685977262069,7.53492352158999
248,2019-11-11,"51,600",-500,8185952,3582483,3730550,-148067,3147085,3608134,-461049,609116,,,1456384,847268,17.79125995363765,7.912178765075591,10.350268362189272,-5.494417615072797
249,합계,,,5022103476,2099438215,2143352554,-43914339,1314942280,1404161516,-89219236,133133575,,,1607722981,1474589406,32.01294016905676,14.221680215419113,29.36198772181571,19.011719359626436
