,날짜,종가,대비,거래량,기관 매수,기관 매도,기관 순매수,외국인 매수,외국인 매도,외국인 순매수,개인 순매수,개인 매수,개인 매도,개인매수비율(%),개인매수비율증가(%p),개인매도비율(%),개인매도비율증가(%p)
0,2020-11-11,123000.0,6500.0,1551092,405513,268314,137199,340370,127502,212868,-350067,805209,1155276,51.912394622627154,,74.48146209251288,
1,2020-11-10,116500.0,1500.0,548716,114751,165730,-50979,167005,24232,142773,-91794,266960,358754,48.651761567003696,-3.260633055623458,65.38063406206489,-9.100828030448
2,2020-11-09,115000.0,0.0,470472,146003,136404,9599,37234,39755,-2521,-7078,287235,294313,61.052517471815534,12.400755904811838,62.55696407012532,-2.8236699919395676
3,2020-11-06,115000.0,-1500.0,456819,97396,149125,-51729,60549,48762,11787,39942,298874,258932,65.42503704968489,4.372519577869355,56.68153032163723,-5.875433748488085
4,2020-11-05,116500.0,2500.0,536669,134658,108724,25934,102928,32052,70876,-96810,299083,395893,55.7295092505809,-9.695527799103992,73.76856125470262,17.087030933065385
5,2020-11-04,114000.0,1500.0,826560,256460,185736,70724,228934,70088,158846,-229570,341166,570736,41.275406504065046,-14.45410274651585,69.0495547812621,-4.7190064734405155
6,2020-11-03,112500.0,500.0,487902,116127,103216,12911,44727,35088,9639,-22550,327048,349598,67.03149402953872,25.756087525473674,71.6533238232268,2.6037690419646964
7,2020-11-02,112000.0,1500.0,500486,111471,110168,1303,57467,25272,32195,-33498,331548,365046,66.24520965621416,-0.7862843733245626,72.93830396854257,1.284980145315771
8,2020-10-30,110500.0,-500.0,1172993,277802,311481,-33679,142580,140380,2200,31479,752611,721132,64.16159346219457,-2.0836161940195836,61.477945733691506,-11.460358234851064
9,2020-10-29,111000.0,-2000.0,1151122,229718,419198,-189480,166442,77311,89131,100349,754962,654613,65.58488153297391,1.4232880707793356,56.867386775684935,-4.610558958006571
10,2020-10-28,113000.0,-2500.0,1529935,360235,518329,-158094,185692,114128,71564,86530,984008,897478,64.31698078676546,-1.2679007462084542,58.661184952301895,1.79379817661696
11,2020-10-27,115500.0,-2500.0,2862367,422337,588436,-166099,597892,470166,127726,38373,1842138,1803765,64.35715615782323,0.0401753710577708,63.01655238479202,4.355367432490127
12,2020-10-26,118000.0,14000.0,9493136,2344988,1499246,845742,376260,1145223,-768963,-76779,6771888,6848667,71.33457268493784,6.977416527114613,72.1433570529275,9.126804668135478
13,2020-10-23,104000.0,-500.0,285334,58075,129642,-71567,81180,29349,51831,19736,146079,126343,51.19579159861776,-20.13878108632008,44.27898532947353,-27.86437172345397
14,2020-10-22,104500.0,500.0,216486,65012,75093,-10081,78905,39346,39559,-29478,72569,102047,33.5213362526907,-17.674455345927058,47.137921158874015,2.8589358294004867
15,2020-10-21,104000.0,1500.0,208146,61784,76693,-14909,78043,34556,43487,-28578,68319,96897,32.822634112594045,-0.6987021400966569,46.55241993600646,-0.5855012228675562
16,2020-10-20,102500.0,-500.0,281942,63322,119209,-55887,24541,39447,-14906,70793,194079,123286,68.83649828688169,36.01386417428765,43.72743330188478,-2.8249866341216787
17,2020-10-19,103000.0,1000.0,401448,151105,170037,-18932,66745,80114,-13369,32301,183598,151297,45.733943125884295,-23.102555160997397,37.6878200912696,-6.03961321061518
18,2020-10-16,102000.0,-500.0,344823,104718,212594,-107876,23327,19870,3457,104419,216778,112359,62.86645612386644,17.132512997982147,32.58454337442688,-5.103276716842721
19,2020-10-15,102500.0,-1500.0,272073,76158,80215,-4057,19110,54803,-35693,39750,176805,137055,64.98439756976988,2.1179414459034405,50.37434806099833,17.78980468657145
20,2020-10-14,104000.0,-1500.0,268768,48076,81802,-33726,88355,93386,-5031,38757,132337,93580,49.23837659245148,-15.746020977318402,34.818133111084656,-15.556214949913674
21,2020-10-13,105500.0,500.0,263342,79977,115002,-35025,26763,31471,-4708,39733,156602,116869,59.467156777118724,10.228780184667244,44.37917233103721,9.561039219952555
22,2020-10-12,105000.0,500.0,259281,78951,110669,-31718,19381,40435,-21054,52772,160949,108177,62.07512312896048,2.6079663518417533,41.721915605077115,-2.657256725960096
23,2020-10-08,104500.0,-500.0,435015,126068,204858,-78790,76221,105576,-29355,108145,232726,124581,53.49838511315702,-8.576738015803457,28.638322816454604,-13.08359278862251
24,2020-10-07,105000.0,1000.0,319146,99735,107358,-7623,77850,133230,-55380,63003,141561,78558,44.35618807693031,-9.142197036226712,24.61506645861142,-4.023256357843184
25,2020-10-06,104000.0,-1000.0,272047,64784,98815,-34031,26874,59398,-32524,66555,180389,113834,66.30802765698574,21.951839580055434,41.84350498259492,17.228438523983503
26,2020-10-05,105000.0,0.0,291328,105841,114006,-8165,43295,98997,-55702,63867,142192,78325,48.80821616871705,-17.49981148826869,26.885503624780316,-14.958001357814606
27,2020-09-29,105000.0,500.0,315583,102226,95033,7193,80947,128547,-47600,40407,132410,92003,41.95726639267641,-6.850949776040643,29.153344761916834,2.267841137136518
28,2020-09-28,104500.0,2000.0,201432,78586,78570,16,30469,28082,2387,-2403,92377,94780,45.86014138766432,3.9028749949879114,47.05309980539339,17.899755043476553
29,2020-09-25,102500.0,500.0,287351,80086,126039,-45953,13686,61940,-48254,94207,193579,99372,67.36673963201798,21.50659824435366,34.58209646042645,-12.471003344966938
30,2020-09-24,102000.0,-3500.0,452821,86134,93072,-6938,45847,89263,-43416,50354,320840,270486,70.85360440438937,3.4868647723713906,59.733537093023514,25.151440632597065
31,2020-09-23,105500.0,0.0,335294,76854,116532,-39678,41253,82641,-41388,81066,217187,136121,64.77509290354136,-6.078511500848009,40.59750547280893,-19.13603162021458
32,2020-09-22,105500.0,-3000.0,592653,75227,141437,-66210,39548,76852,-37304,103514,477878,374364,80.63369290292971,15.858599999388346,63.1674858644097,22.569980391600765
33,2020-09-21,108500.0,-1000.0,364751,98179,98865,-686,24152,52064,-27912,28598,242420,213822,66.46177803487859,-14.171914868051118,58.62136087358225,-4.546124990827451
34,2020-09-18,109500.0,500.0,312258,91121,107043,-15922,60080,103810,-43730,59652,161057,101405,51.5781821442525,-14.88359589062609,32.474748445195964,-26.146612428386284
35,2020-09-17,109000.0,-2000.0,396882,73601,129360,-55759,21172,85915,-64743,120502,302109,181607,76.12061015616732,24.542428011914815,45.758437016543965,13.283688571348002
36,2020-09-16,111000.0,-2500.0,413185,110419,120599,-10180,14911,111628,-96717,106897,287855,180958,69.66734029550928,-6.45326986065804,43.79587835957259,-1.9625586569713747
37,2020-09-15,113500.0,-500.0,492371,96310,153584,-57274,108942,74900,34042,23232,287119,263887,58.31354811717181,-11.353792178337464,53.59515487305304,9.79927651348045
38,2020-09-14,114000.0,1000.0,433719,91487,94320,-2833,44972,54720,-9748,12581,297260,284679,68.5374631962169,10.223915079045092,65.63673715009027,12.041582277037229
39,2020-09-11,113000.0,4500.0,1495263,395769,296809,98960,204798,126009,78789,-177749,894696,1072445,59.835360067091884,-8.702103129125021,71.72283404324189,6.08609689315162
40,2020-09-10,108500.0,500.0,619678,144236,285945,-141709,77737,100384,-22647,164356,397705,233349,64.17929957171306,4.343939504621176,37.65649256549369,-34.066341477748196
41,2020-09-09,108000.0,-3000.0,480233,88231,162081,-73850,27694,55141,-27447,101297,364308,263011,75.8606759635427,11.681376391829644,54.76737333752574,17.110880772032047
42,2020-09-08,111000.0,2000.0,441253,116235,139750,-23515,62813,46887,15926,7589,262205,254616,59.422825453877934,-16.43785050966477,57.702950461526605,2.935577124000865
43,2020-09-07,109000.0,1500.0,373531,61475,125722,-64247,51864,47154,4710,59537,260192,200655,69.65740460631112,10.234579152433184,53.7184330082376,-3.9845174532890084
44,2020-09-04,107500.0,-2000.0,534339,85341,239230,-153889,44427,69032,-24605,178494,404571,226077,75.71429373487616,6.056889128565047,42.30965735235497,-11.408775655882629
45,2020-09-03,109500.0,1000.0,453620,104555,132707,-28152,78037,72966,5071,23081,271028,247947,59.74780653410343,-15.966487200772733,54.65962700057317,12.349969648218199
46,2020-09-02,108500.0,-2000.0,605126,81595,186277,-104682,47651,146436,-98785,203467,475880,272413,78.64147301553726,18.893666481433826,45.01756658943757,-9.642060411135596
47,2020-09-01,110500.0,2500.0,782824,195768,230637,-34869,131960,129822,2138,32731,455096,422365,58.13516192656331,-20.506311088973945,53.954017761335884,8.936451171898312
48,2020-08-31,108000.0,-4500.0,1059470,192779,197106,-4327,335964,522591,-186627,190954,530727,339773,50.093631721521135,-8.041530205042179,32.07009164959839,-21.883926111737495
49,2020-08-28,112500.0,1500.0,432454,129252,141475,-12223,57133,67484,-10351,22574,246069,223495,56.90061833166071,6.806986610139575,51.68064117802125,19.610549528422858
50,2020-08-27,111000.0,-4000.0,741838,117368,236347,-118979,107325,126357,-19032,138011,517145,379134,69.71131163407645,12.810693302415743,51.10738463114588,-0.5732565468753705
51,2020-08-26,115000.0,-3000.0,583585,184008,248491,-64483,65344,88699,-23355,87838,334233,246395,57.272376774591535,-12.438934859484917,42.22092754268873,-8.88645708845715
52,2020-08-25,118000.0,1000.0,589944,248652,237943,10709,76386,109840,-33454,22745,264906,242161,44.90358406899638,-12.368792705595155,41.048133382151526,-1.172794160537201
53,2020-08-24,117000.0,1500.0,493821,178422,159731,18691,38157,73470,-35313,16622,277242,260620,56.14220537401204,11.238621305015663,52.77620838319959,11.728075001048062
54,2020-08-21,115500.0,1000.0,711139,279246,218442,60804,99770,83527,16243,-77047,332123,409170,46.70296524308187,-9.439240130930173,57.537274710007466,4.761066326807878
55,2020-08-20,114500.0,-6000.0,978030,240880,312987,-72107,137321,81296,56025,16082,599829,583747,61.330327290573905,14.627362047492035,59.68600145189821,2.1487267418907408
56,2020-08-19,120500.0,4000.0,823147,228337,210677,17660,107582,91559,16023,-33683,487228,520911,59.19088571057175,-2.1394415800021562,63.282864421543174,3.5968629696449668
57,2020-08-18,116500.0,-7500.0,1289969,338384,307818,30566,180975,161554,19421,-49987,770610,820597,59.73864488216384,0.5477591715920909,63.613699243935315,0.33083482239214135
58,2020-08-14,124000.0,-2500.0,1478454,401570,443827,-42257,112475,150232,-37757,80014,964409,884395,65.23091012638879,5.492265244224953,59.81890542417958,-3.794793819755732
59,2020-08-13,126500.0,7000.0,3201899,918495,557852,360643,216974,343742,-126768,-233875,2066430,2300305,64.53763844518518,-0.6932716812036119,71.84189757390848,12.0229921497289
60,2020-08-12,119500.0,9000.0,1779300,642213,311259,330954,111846,100622,11224,-342178,1025241,1367419,57.62046872365537,-6.91716972152981,76.85151464058899,5.009617066680505
61,2020-08-11,110500.0,1000.0,741766,224260,198211,26049,51636,81092,-29456,3407,465870,462463,62.805520878552,5.185052154896631,62.34621160851266,-14.505303032076327
62,2020-08-10,109500.0,3000.0,713622,175886,179159,-3273,91338,44702,46636,-43363,446398,489761,62.553845032804475,-0.25167584574752766,68.63031128524625,6.2840996767335895
63,2020-08-07,106500.0,-2000.0,427843,108019,173100,-65081,39249,24338,14911,50170,280575,230405,65.57896237638573,3.0251173435812575,53.85269830288213,-14.777612982364118
64,2020-08-06,108500.0,2500.0,569838,169847,169157,690,46692,24174,22518,-23208,353299,376507,61.99990172645558,-3.579060649930149,66.0726381883974,12.219939885515274
65,2020-08-05,106000.0,1000.0,399085,166899,173760,-6861,46453,30484,15969,-9108,185733,194841,46.53970958567724,-15.460192140778346,48.821930165253015,-17.25070802314439
66,2020-08-04,105000.0,1000.0,316832,82029,107977,-25948,55339,55846,-507,26455,179464,153009,56.643268356731646,10.10355877105441,48.29341733158267,-0.528512833670348
67,2020-08-03,104000.0,-2000.0,496866,107725,261398,-153673,31789,90160,-58371,212044,357352,145308,71.92120209472976,15.277933737998119,29.24490707756216,-19.048510254020506
68,2020-07-31,106000.0,-2000.0,427425,74841,212293,-137452,46776,68453,-21677,159129,305808,146679,71.54658712054747,-0.3746149741822933,34.31689770135111,5.071990623788949
69,2020-07-30,108000.0,-2500.0,325177,101965,166936,-64971,21231,28988,-7757,72728,201981,129253,62.11417166650778,-9.432415454039692,39.74850619816285,5.431608496811741
70,2020-07-29,110500.0,2000.0,493854,252109,190008,62101,24218,53898,-29680,-32421,217527,249948,44.04682355513978,-18.067348111368,50.611719253058595,10.863213054895745
71,2020-07-28,108500.0,2000.0,554410,212773,235960,-23187,87393,34322,53071,-29884,254244,284128,45.85848018614383,1.8116566310040483,51.24871485002074,0.6369955969621444
72,2020-07-27,106500.0,500.0,244253,105421,119548,-14127,23760,15361,8399,5728,115072,109344,47.11180620094738,1.253326014803548,44.76669682665106,-6.482018023369683
73,2020-07-24,106000.0,-2000.0,316751,67261,158067,-90806,18276,24909,-6633,97439,231214,133775,72.99550751220991,25.883701311262534,42.23348939703426,-2.5332074296167946
74,2020-07-23,108000.0,-3000.0,324123,69792,167032,-97240,28451,46930,-18479,115719,225880,110161,69.68959314828012,-3.305914363929787,33.98740601561753,-8.246083381416732
75,2020-07-22,111000.0,1000.0,291068,59424,124298,-64874,54476,37032,17444,47430,177168,129738,60.86825071804527,-8.821342430234857,44.573089449887995,10.585683434270464
76,2020-07-21,110000.0,2500.0,374236,161247,178361,-17114,83205,16755,66450,-49336,129784,179120,34.67972081787963,-26.18852990016564,47.86284590472322,3.289756454835228
77,2020-07-20,107500.0,-2500.0,386459,117142,218274,-101132,26401,21884,4517,96615,242916,146301,62.85686191808186,28.177141100202235,37.856797228166506,-10.006048676556716
78,2020-07-17,110000.0,500.0,233421,75878,127318,-51440,35641,14920,20721,30719,121902,91183,52.224092947935276,-10.632768970146586,39.06375176183805,1.2069545336715422
79,2020-07-16,109500.0,-1500.0,281137,100057,125980,-25923,54044,36895,17149,8774,127036,118262,45.186510491326295,-7.03758245660898,42.06561213927729,3.001860377439243
80,2020-07-15,111000.0,2000.0,426006,159330,155079,4251,89713,63490,26223,-30474,176963,207437,41.54002525786022,-3.6464852334660733,48.69344563222114,6.62783349294385
81,2020-07-14,109000.0,1000.0,293687,85705,140078,-54373,92622,57980,34642,19731,115360,95629,39.27991364956569,-2.2601116082945296,32.56153660189249,-16.13190903032865
82,2020-07-13,108000.0,3500.0,368363,93724,124510,-30786,105126,78040,27086,3700,169513,165813,46.01792253836569,6.738008888799996,45.01347855240619,12.4519419505137
83,2020-07-10,104500.0,-2500.0,370802,84183,167344,-83161,62437,35208,27229,55932,224182,168250,60.4586814526351,14.44075891426941,45.374620417365605,0.36114186495941425
84,2020-07-09,107000.0,-1500.0,529951,176982,272784,-95802,109701,80057,29644,66158,243268,177110,45.90386658389172,-14.554814868743378,33.42007091221641,-11.954549505149195
85,2020-07-08,108500.0,-2000.0,447414,118896,209111,-90215,80771,55173,25598,64617,247747,183130,55.373099634790144,9.469233050898424,40.93077105320799,7.510700140991581
86,2020-07-07,110500.0,-2500.0,469616,116398,220155,-103757,52953,72017,-19064,122821,300265,177444,63.93840925351777,8.565309618727625,37.78491363156281,-3.1458574216451822
87,2020-07-06,113000.0,1000.0,394955,122650,128555,-5905,75473,48226,27247,-21342,196832,218174,49.83656365915105,-14.101845594366722,55.24021723993873,17.45530360837592
88,2020-07-03,112000.0,-3000.0,711497,156177,285605,-129428,67534,62382,5152,124276,487786,363510,68.5577029839901,18.72113932483905,51.09086897063515,-4.14934826930358
89,2020-07-02,115000.0,2000.0,306224,124243,118580,5663,93056,43698,49358,-55021,88925,143946,29.0392000626992,-39.518502921290896,47.00676628872982,-4.084102681905328
90,2020-07-01,113000.0,-3000.0,443568,156604,175780,-19176,62262,50541,11721,7455,224702,217247,50.65784727482596,21.61864721212676,48.977157955488224,1.9703916667584025
91,2020-06-30,116000.0,-500.0,439721,180863,154460,26403,56156,87270,-31114,4711,202702,197991,46.097866601777035,-4.559980673048926,45.026505443224224,-3.950652512264
92,2020-06-29,116500.0,0.0,687611,248248,273542,-25294,190409,128639,61770,-36476,248954,285430,36.205645343079155,-9.89222125869788,41.510388868124565,-3.516116575099659
93,2020-06-26,116500.0,500.0,575645,234982,245382,-10400,119279,170139,-50860,61260,221384,160124,38.45842489728913,2.2527795542099724,27.81644937418027,-13.693939493944296
94,2020-06-25,116000.0,-2000.0,639728,220755,273812,-53057,156633,106757,49876,3181,262340,259159,41.00805342270465,2.549628525415521,40.510810844608955,12.694361470428685
95,2020-06-24,118000.0,1500.0,736235,304282,241402,62880,62106,117804,-55698,-7182,369847,377029,50.234911407363136,9.226857984658487,51.210415152770516,10.699604308161561
96,2020-06-23,116500.0,0.0,747155,256970,251863,5107,116213,95031,21182,-26289,373972,400261,50.052800289096645,-0.18211111826649073,53.57134731079897,2.3609321580284544
97,2020-06-22,116500.0,-3500.0,675852,188208,230329,-42121,92140,97275,-5135,47256,395504,348248,58.51932079804454,8.466520508947895,51.527257446896655,-2.0440898639023146
98,2020-06-19,120000.0,-1500.0,772021,187762,247091,-59329,261847,152754,109093,-49764,322412,372176,41.762076420201005,-16.757244377843534,48.20801506694766,-3.319242379948996
99,2020-06-18,121500.0,-500.0,657356,174930,179709,-4779,170007,92788,77219,-72440,312419,384859,47.52660658760245,5.764530167401446,58.54651056657275,10.33849549962509
100,2020-06-17,122000.0,-2000.0,1369698,314811,314753,58,228338,265745,-37407,37349,826549,789200,60.345346200403306,12.818739612800854,57.61854072941627,-0.927969837156482
101,2020-06-16,124000.0,12000.0,2696960,687267,496316,190951,324783,320938,3845,-194796,1684910,1879706,62.474415638348354,2.1290694379450485,69.69721464167063,12.07867391225436
102,2020-06-15,112000.0,3500.0,3554902,928417,678014,250403,332649,379483,-46834,-203569,2293836,2497405,64.52599818504139,2.0515825466930337,70.2524288995871,0.5552142579164752
103,2020-06-12,108500.0,-1000.0,708907,198296,206571,-8275,163297,111775,51522,-43247,347314,390561,48.99288623190348,-15.533111953137904,55.09340435346244,-15.159024546124662
104,2020-06-11,109500.0,-1500.0,877197,272103,481349,-209246,194446,59546,134900,74346,410648,336302,46.81365759344822,-2.179228638455264,38.33825241080396,-16.75515194265848
105,2020-06-10,111000.0,-1500.0,572891,169882,253341,-83459,66954,43510,23444,60015,336055,276040,58.65950067290287,11.845843079454653,48.183685901855675,9.845433491051715
106,2020-06-09,112500.0,-1000.0,833872,165300,275193,-109893,110703,56434,54269,55624,557869,502245,66.90103517086555,8.241534497962682,60.23046702611432,12.046781124258644
107,2020-06-08,113500.0,1500.0,622460,142882,179081,-36199,49422,57705,-8283,44482,430156,385674,69.10580599556599,2.2047708247004323,61.959643993188315,1.7291769670739967
108,2020-06-05,112000.0,5000.0,901377,480204,283264,196940,61470,46954,14516,-211456,359703,571159,39.90594390582409,-29.1998620897419,63.3651624126198,1.4055184194314876
109,2020-06-04,107000.0,0.0,1047644,482196,349452,132744,153923,116139,37784,-170528,411525,582053,39.28099621627194,-0.6249476895521511,55.55828124821027,-7.806881164409532
110,2020-06-03,107000.0,4000.0,1128887,448712,255199,193513,140561,66243,74318,-267831,539614,807445,47.80053273711186,8.519536520839921,71.52575944270772,15.967478194497453
111,2020-06-02,103000.0,1000.0,329090,106500,125668,-19168,24730,13690,11040,8128,197860,189732,60.123370506548355,12.322837769436497,57.653529429639306,-13.872230013068418
112,2020-06-01,102000.0,2900.0,562918,188904,152943,35961,82181,35874,46307,-82268,291833,374101,51.84289718928867,-8.280473317259684,66.45745916812041,8.803929738481102
113,2020-05-29,99100.0,-100.0,537453,141936,174037,-32101,186080,234291,-48211,80312,209437,129125,38.968430727896205,-12.874466461392466,24.025356635836065,-42.43210253228435
114,2020-05-28,99200.0,-1800.0,565818,154540,216984,-62444,43494,148909,-105415,167859,367784,199925,65.00040649113319,26.031975763236986,35.33379991446013,11.308443278624065
115,2020-05-27,101000.0,-1500.0,446462,156281,186907,-30626,50236,111791,-61555,92181,239945,147764,53.74365567506305,-11.256750816070138,33.096657722269754,-2.237142192190376
116,2020-05-26,102500.0,3000.0,433229,212149,120990,91159,45578,23079,22499,-113658,175502,289160,40.51021515180193,-13.233440523261123,66.74530098400615,33.648643261736396
117,2020-05-25,99500.0,700.0,259770,107612,118747,-11135,12669,21247,-8578,19713,139489,119776,53.69711668014012,13.18690152833819,46.10848057897371,-20.636820405032438
118,2020-05-22,98800.0,-1700.0,440759,118024,187181,-69157,37700,55529,-17829,86986,285035,198049,64.66912757311819,10.97201089297807,44.93362585902953,-1.1748547199441788
119,2020-05-21,100500.0,-1000.0,332713,95361,158427,-63066,54059,53911,148,62918,183293,120375,55.090423277719836,-9.578704295398353,36.17983066486732,-8.753795194162215
120,2020-05-20,101500.0,-500.0,252704,90159,125221,-35062,59410,38979,20431,14631,103135,88504,40.812571229580854,-14.277852048138982,35.022793465873114,-1.1570371989942032
121,2020-05-19,102000.0,3800.0,593063,241034,162629,78405,117468,74695,42773,-121178,234561,355739,39.55077285212532,-1.2617983774555341,59.98334072434126,24.960547258468146
122,2020-05-18,98200.0,-700.0,312224,123242,139339,-16097,15214,55579,-40365,56462,173768,117306,55.65491442041611,16.104141568290792,37.57110279799119,-22.412237926350073
123,2020-05-15,98900.0,400.0,390663,164656,156474,8182,72692,125514,-52822,44640,153315,108675,39.24482226369019,-16.410092156725923,27.818093855829705,-9.753008942161483
124,2020-05-14,98500.0,-1500.0,517115,164957,182784,-17827,104794,169044,-64250,82077,247364,165287,47.83539444804347,8.590572184353285,31.963296365411946,4.145202509582241
125,2020-05-13,100000.0,0.0,418968,130881,114919,15962,64713,165309,-100596,84634,223374,138740,53.3152889958183,5.479894547774826,33.11470088407707,1.151404518665121
126,2020-05-12,100000.0,-2500.0,645194,152290,234542,-82252,139033,232950,-93917,176169,353871,177702,54.84722424573074,1.5319352499124435,27.5424135996305,-5.572287284446567
127,2020-05-11,102500.0,-3000.0,461994,135122,170910,-35788,50211,144229,-94018,129806,276661,146855,59.88411104906124,5.036886803330496,31.78720935769729,4.24479575806679
128,2020-05-08,105500.0,2000.0,510007,268115,161482,106633,41540,41294,246,-106879,200352,307231,39.284166687908204,-20.599944361153035,60.24054571799995,28.45333636030266
129,2020-05-07,103500.0,-3000.0,513122,181778,183621,-1843,48541,149035,-100494,102337,282803,180466,55.114183371595836,15.830016683687631,35.1701934432747,-25.070352274725252
130,2020-05-06,106500.0,6600.0,792744,312375,240354,72021,69088,114245,-45157,-26864,411281,438145,51.880682792931886,-3.23350057866395,55.26941862694641,20.099225183671713
131,2020-05-04,99900.0,-6100.0,625651,180363,213277,-32914,58058,188926,-130868,163782,387230,223448,61.89233294600345,10.011650153071564,35.71447979784257,-19.55493882910384
132,2020-04-29,106000.0,3500.0,589970,293037,138949,154088,87180,66758,20422,-174510,209753,384263,35.55316372018916,-26.339169225814288,65.13263386273879,29.418154064896214
133,2020-04-28,102500.0,2800.0,465534,231920,146310,85610,57517,54947,2570,-88180,176097,264277,37.826882676668085,2.2737189564789233,56.76857114625356,-8.364062716485229
134,2020-04-27,99700.0,1000.0,351061,151939,66573,85366,27944,46815,-18871,-66495,171178,237673,48.760186976052594,10.93330429938451,67.70133965322266,10.932768506969104
135,2020-04-24,98700.0,0.0,695631,234749,236711,-1962,53098,144014,-90916,92878,407784,314906,58.62073426859931,9.860547292546713,45.26911537869934,-22.43222427452332
136,2020-04-23,98700.0,1700.0,561986,233073,128793,104280,59080,74854,-15774,-88506,269833,358339,48.01418540675391,-10.606548861845397,63.762976301900764,18.493860923201424
137,2020-04-22,97000.0,3100.0,474690,192522,162928,29594,100462,82623,17839,-47433,181706,229139,38.27887674060966,-9.735308666144249,48.27129284375066,-15.491683458150106
138,2020-04-21,93900.0,-1300.0,571828,225649,176056,49593,105621,100780,4841,-54434,240558,294992,42.06824429723623,3.7893675566265657,51.587540309323785,3.3162474655731273
139,2020-04-20,95200.0,-700.0,389522,127242,163255,-36013,55602,48550,7052,28961,206678,177717,53.05939074044598,10.99114644320975,45.62438065115706,-5.963159658166724
140,2020-04-17,95900.0,1900.0,565973,137550,141407,-3857,64215,108654,-44439,48296,364208,315912,64.35077291672926,11.291382176283278,55.81750366183545,10.193123010678391
141,2020-04-16,94000.0,0.0,538849,166793,145161,21632,152441,235377,-82936,61304,219615,158311,40.756315776776056,-23.5944571399532,29.37947365588504,-26.438030005950413
142,2020-04-14,94000.0,1800.0,386674,182807,79078,103729,62122,76793,-14671,-89058,141745,230803,36.657494426829835,-4.0988213499462205,59.689298996053516,30.309825340168477
143,2020-04-13,92200.0,-2000.0,556976,206386,150943,55443,63304,122820,-59516,4073,287286,283213,51.579601275458906,14.92210684862907,50.84833098733159,-8.840968008721923
144,2020-04-10,94200.0,5300.0,1392526,411054,311339,99715,108327,138987,-30660,-69055,873145,942200,62.70224038904839,11.122639113589486,67.66121422508449,16.8128832377529
145,2020-04-09,88900.0,1200.0,539747,275451,165453,109998,66756,176741,-109985,-13,197540,197553,36.59862861674081,-26.10361177230758,36.601037152591864,-31.06017707249263
146,2020-04-08,87700.0,-1300.0,437768,144452,209379,-64927,90110,72404,17706,47221,203206,155985,46.418650974945635,9.820022358204824,35.63188720966357,-0.969149942928297
147,2020-04-07,89000.0,1400.0,517486,142604,161244,-18640,84947,92568,-7621,26261,289935,263674,56.027602679106295,9.60895170416066,50.95287601983435,15.320988810170782
148,2020-04-06,87600.0,2800.0,352050,160016,57486,102530,58659,86401,-27742,-74788,133375,208163,37.88524357335606,-18.142359105750238,59.12881692941343,8.175940909579083
149,2020-04-03,84800.0,-800.0,428005,104937,149217,-44280,119445,111864,7581,36699,203623,166924,47.57491150804313,9.689667934687073,39.00047896636721,-20.12833796304622
150,2020-04-02,85600.0,700.0,433092,152733,118194,34539,107386,110203,-2817,-31722,172973,204695,39.93908915426746,-7.635822353775673,47.263629898497314,8.263150932130102
151,2020-04-01,84900.0,-4700.0,483939,85558,188490,-102932,104146,165280,-61134,164066,294235,130169,60.80001818410998,20.860929029842524,26.89781150103629,-20.365818397461023
152,2020-03-31,89600.0,1300.0,454321,145334,148385,-3051,123729,96428,27301,-24250,185258,209508,40.77689563106262,-20.023122553047358,46.11453135558339,19.216719854547097
153,2020-03-30,88300.0,-1500.0,444420,146792,151422,-4630,56221,57499,-1278,5908,241407,235499,54.31956257594168,13.542666944879059,52.990189460420325,6.875658104836937
154,2020-03-27,89800.0,2500.0,590727,176264,151146,25118,230758,132579,98179,-123297,183705,307002,31.098121467276762,-23.22144110866492,51.97019943222504,-1.0199900281952878
155,2020-03-26,87300.0,-2700.0,617602,137503,225272,-87769,198920,160596,38324,49445,281179,231734,45.52754039008941,14.429418922812651,37.5215753834994,-14.448624048725634
156,2020-03-25,90000.0,6300.0,765916,164245,241673,-77428,243201,128652,114549,-37121,358470,395591,46.8027825505669,1.2752421604774895,51.64939758406927,14.127822200569867
157,2020-03-24,83700.0,9200.0,684986,235603,190143,45460,169084,121819,47265,-92725,280299,373024,40.920398373105435,-5.882384177461468,54.45717138744441,2.8077738033751416
158,2020-03-23,74500.0,-6000.0,501217,134581,190150,-55569,94714,116480,-21766,77335,271922,194587,54.252349780633935,13.3319514075285,38.82290504911047,-15.634266338333944
159,2020-03-20,80500.0,4100.0,690277,226539,187785,38754,135034,191890,-56856,18102,328704,310602,47.6191441986333,-6.633205582000635,44.99671870857641,6.173813659465942
160,2020-03-19,76400.0,-6700.0,896134,284899,222043,62856,313547,215776,97771,-160627,297688,458315,33.219139101964664,-14.400005096668636,51.14357897368027,6.146860265103861
161,2020-03-18,83100.0,-5100.0,517037,105513,185874,-80361,187987,174440,13547,66814,223537,156723,43.23423662136365,10.015097519398985,30.311757185655956,-20.831821788024314
162,2020-03-17,88200.0,-1500.0,577410,201915,170379,31536,182511,163089,19422,-50958,192984,243942,33.4223515353042,-9.811885086059448,42.247623006182785,11.935865820526828
163,2020-03-16,89700.0,-4000.0,472425,126862,182851,-55989,124158,116300,7858,48131,221405,173274,46.86564004868497,13.443288513380772,36.67756786791554,-5.570055138267243
164,2020-03-13,93700.0,-3600.0,1242161,355351,260926,94425,500464,300496,199968,-294393,386346,680739,31.102731449465892,-15.762908599219081,54.80279931506463,18.12523144714909
165,2020-03-12,97300.0,-4200.0,871598,396986,389353,7633,194131,257385,-63254,55621,280481,224860,32.180087609195986,1.077356159730094,25.798590634673324,-29.004208680391308
166,2020-03-11,101500.0,-2500.0,380742,142618,187854,-45236,135503,74336,61167,-15931,102621,118552,26.952897237499407,-5.2271903716965795,31.137095460968318,5.338504826294994
167,2020-03-10,104000.0,500.0,501439,229508,194010,35498,138086,157392,-19306,-16192,133845,150037,26.692179906229867,-0.26071733126953944,29.92128653734552,-1.2158089236227987
168,2020-03-09,103500.0,-4500.0,502867,165685,197109,-31424,132316,167013,-34697,66121,204866,138745,40.73959913853961,14.047419232309743,27.590794384996432,-2.3304921523490876
169,2020-03-06,108000.0,-3000.0,318195,140677,185977,-45300,52800,45141,7659,37641,124718,87077,39.19546190229262,-1.5441372362469892,27.36592341174437,-0.22487097325206307
170,2020-03-05,111000.0,2000.0,392545,193650,241846,-48196,96698,46661,50037,-1841,102197,104038,26.034467385904804,-13.160994516387817,26.503458202244328,-0.8624652095000407
171,2020-03-04,109000.0,2500.0,353320,181613,142513,39100,99484,92191,7293,-46393,72223,118616,20.441243065776067,-5.593224320128737,33.57183289935469,7.068374697110361
172,2020-03-03,106500.0,0.0,407337,98753,205747,-106994,169296,103609,65687,41307,139288,97981,34.19478220736147,13.753539141585403,24.054038793431484,-9.517794105923205
173,2020-03-02,106500.0,1000.0,418061,138953,235136,-96183,147579,53318,94261,1922,131529,129607,31.461676645274256,-2.7331055620872142,31.00193512430004,6.947896330868556
174,2020-02-28,105500.0,-3500.0,650896,244772,296674,-51902,238192,141106,97086,-45184,167932,213116,25.800127823799805,-5.661548821474451,32.741943413387084,1.7400082890870436
175,2020-02-27,109000.0,-1500.0,657663,223162,365044,-141882,141854,120419,21435,120447,292647,172200,44.49801798185393,18.697890158054122,26.183622919337108,-6.558320494049976
176,2020-02-26,110500.0,-1500.0,331040,145622,162326,-16704,100402,89063,11339,5365,85016,79651,25.68148864185597,-18.816529339997956,24.060838569357177,-2.1227843499799306
177,2020-02-25,112000.0,2500.0,402750,157117,165781,-8664,126738,93098,33640,-24976,118895,143871,29.520794537554313,3.8393058956983417,35.72216014897579,11.661321579618612
178,2020-02-24,109500.0,-4000.0,445637,169717,158730,10987,168742,77157,91585,-102572,107178,209750,24.050516451730893,-5.47027808582342,47.067456248022495,11.345296099046706
179,2020-02-21,113500.0,-2000.0,299243,92659,142070,-49411,108602,42934,65668,-16257,97982,114239,32.743288898988446,8.692772447257553,38.175997433523925,-8.89145881449857
180,2020-02-20,115500.0,-2000.0,286186,75325,176298,-100973,82111,35535,46576,54397,128750,74353,44.98822444144717,12.244935542458727,25.980655937047935,-12.19534149647599
181,2020-02-19,117500.0,500.0,245852,83183,123601,-40418,81354,22026,59328,-18910,81315,100225,33.07477669492215,-11.913447746525023,40.766396043147914,14.78574010609998
182,2020-02-18,117000.0,-2500.0,394843,89148,208712,-119564,103849,75720,28129,91435,201846,110411,51.120571974177075,18.045795279254925,27.96326641221954,-12.803129630928375
183,2020-02-17,119500.0,0.0,210755,73575,85264,-11689,29386,38142,-8756,20445,107794,87349,51.14659201442433,0.026020040247253462,41.44575454912102,13.48248813690148
184,2020-02-14,119500.0,1000.0,310446,93491,146544,-53053,91099,45862,45237,7816,125856,118040,40.54038383486983,-10.6062081795545,38.02271570579102,-3.423038843329998
185,2020-02-13,118500.0,-1000.0,443917,146649,220740,-74091,39759,56440,-16681,90772,257509,166737,58.008366428859446,17.467982593989618,37.560399804467956,-0.4623159013230662
186,2020-02-12,119500.0,500.0,325990,127719,109321,18398,51227,78780,-27553,9155,147044,137889,45.10690511978895,-12.901461309070498,42.29853676493144,4.7381369604634855
187,2020-02-11,119000.0,3000.0,543327,215824,181573,34251,95379,72011,23368,-57619,232124,289743,42.72270658369637,-2.384198536092576,53.32755412486403,11.029017359932588
188,2020-02-10,116000.0,1000.0,297490,116325,116756,-431,53915,72862,-18947,19378,127250,107872,42.774547043598105,0.05184045990173303,36.26071464587045,-17.06683947899358
189,2020-02-07,115000.0,-500.0,358446,111796,181753,-69957,100886,53385,47501,22456,145764,123308,40.66553957918347,-2.1090074644146313,34.40071865776156,-1.859995988108892
190,2020-02-06,115500.0,5000.0,608944,293450,204152,89298,82047,68146,13901,-103199,233447,336646,38.33636590556767,-2.3291736736158057,55.28357287369611,20.88285421593455
191,2020-02-05,110500.0,-500.0,405448,142128,218912,-76784,164621,95373,69248,7536,98699,91163,24.343195674907754,-13.993170230659913,22.48451096071506,-32.799061912981045
192,2020-02-04,111000.0,3500.0,387111,169720,231340,-61620,94593,33105,61488,132,122798,122666,31.72165089599624,7.378455221088487,31.687552149125185,9.203041188410126
193,2020-02-03,107500.0,-1000.0,379093,192986,197449,-4463,67461,56643,10818,-6355,118646,125001,31.29733337202217,-0.4243175239740715,32.97370302274113,1.2861508736159415
194,2020-01-31,108500.0,-2000.0,391016,190868,191019,-151,99835,76376,23459,-23308,100313,123621,25.65444892280623,-5.642884449215941,31.61533031896393,-1.3583727037771958
195,2020-01-30,110500.0,-3000.0,448272,175876,273462,-97586,93411,38196,55215,42371,178985,136614,39.92776706999322,14.273318147186995,30.47569332905022,-1.1396369899137113
196,2020-01-29,113500.0,1500.0,384304,151624,194573,-42949,122941,47816,75125,-32176,109739,141915,28.55525833714976,-11.372508732843464,36.92779674424414,6.452103415193921
197,2020-01-28,112000.0,-5000.0,706005,284538,255344,29194,84622,117103,-32481,3287,336845,333558,47.71141847437341,19.15616013722365,47.245841035120144,10.318044290876003
198,2020-01-23,117000.0,5000.0,1290170,716920,516150,200770,159170,142860,16310,-217080,414080,631160,32.094995233186324,-15.616423241187086,48.920684870985994,1.6748438358658504
199,2020-01-22,112000.0,2000.0,285391,165403,100918,64485,17252,65782,-48530,-15955,102736,118691,35.99833211278562,3.903336879599294,41.588907849231404,-7.33177702175459
200,2020-01-21,110000.0,-2000.0,248677,122586,115792,6794,16039,50414,-34375,27581,110052,82471,44.25499744648681,8.256665333701193,33.16390337666933,-8.425004472562073
201,2020-01-20,112000.0,4500.0,544608,357481,195476,162005,59564,46401,13163,-175168,127563,302731,23.42290234443857,-20.832095102048243,55.586954286385804,22.423050909716473
202,2020-01-17,107500.0,-500.0,181114,80123,97701,-17578,21017,31696,-10679,28257,79974,51717,44.156718972580805,20.733816628142236,28.55494329538302,-27.032010991002785
203,2020-01-16,108000.0,1000.0,200395,104652,106137,-1485,39230,13273,25957,-24472,56513,80985,28.20080341325881,-15.955915559321994,40.412684947229224,11.857741651846204
204,2020-01-15,107000.0,0.0,199124,54932,123490,-68558,62497,23186,39311,29247,81695,52448,41.02719913219903,12.82639571894022,26.33936642494124,-14.073318522287984
205,2020-01-14,107000.0,-2000.0,343008,110279,218999,-108720,54477,41135,13342,95378,178252,82874,51.96730105420282,10.940101922003791,24.160952514227073,-2.1784139107141662
206,2020-01-13,109000.0,2000.0,336316,192662,132496,60166,42779,51523,-8744,-51422,100875,152297,29.99411267974167,-21.973188374461152,45.28389966579051,21.122947151563434
207,2020-01-10,107000.0,500.0,267976,144460,120398,24062,49999,76774,-26775,2713,73517,70804,27.43417320954115,-2.5599394702005185,26.421769113651965,-18.86213055213854
208,2020-01-09,106500.0,1500.0,446040,127256,317825,-190569,55665,58002,-2337,192906,263119,70213,58.99000089678056,31.555827687239407,15.74141332615909,-10.680355787492875
209,2020-01-08,105000.0,-3000.0,409091,171743,194337,-22594,46899,77286,-30387,52981,190449,137468,46.55418965462452,-12.435811242156035,33.60328142149302,17.861868095333932
210,2020-01-07,108000.0,2000.0,200467,114522,83528,30994,34199,21877,12322,-43316,51746,95062,25.812727281797006,-20.741462372827517,47.42027366100156,13.816992239508536
211,2020-01-06,106000.0,-1500.0,236334,110795,111672,-877,51576,9442,42134,-41257,73963,115220,31.295962493758832,5.483235211961826,48.75303595758545,1.3327622965838941
212,2020-01-03,107500.0,0.0,253791,100123,142492,-42369,57957,18357,39600,2769,95711,92942,37.71252723697846,6.416564743219627,36.62147199861303,-12.131563958972421
213,2020-01-02,107500.0,-1000.0,232765,81096,143951,-62855,48313,15748,32565,30290,103356,73066,44.40358301291001,6.691055775931552,31.39045818744227,-5.231013811170762
214,2019-12-30,108500.0,-500.0,236635,113741,47223,66518,29724,90382,-60658,-5860,93170,99030,39.37287383523147,-5.030709177678538,41.849261520907724,10.458803333465454
215,2019-12-27,109000.0,2500.0,393278,182864,121223,61641,76019,37742,38277,-99918,134395,234313,34.173027731019786,-5.199846104211687,59.57948321543539,17.730221694527664
216,2019-12-26,106500.0,-1500.0,449185,215223,44881,170342,18050,17793,257,-170599,215912,386511,48.067500027828174,13.894472296808388,86.04717432683638,26.467691111400995
217,2019-12-24,108000.0,-1000.0,277714,151227,32009,119218,15118,28247,-13129,-106089,111369,217458,40.10204743008995,-7.965452597738228,78.302858336274,-7.744315990562384
218,2019-12-23,109000.0,500.0,303980,215194,38499,176695,22691,47220,-24529,-152166,66095,218261,21.74320678992039,-18.358840640169557,71.80110533587735,-6.501753000396647
219,2019-12-20,108500.0,1000.0,314911,148344,36211,112133,119809,130088,-10279,-101854,46758,148612,14.84800467433656,-6.89520211558383,47.191746239413675,-24.609359096463677
220,2019-12-19,107500.0,4500.0,494970,241596,124575,117021,150470,30631,119839,-236860,102904,339764,20.789946865466593,5.941942191130034,68.64335212235085,21.451605882937173
221,2019-12-18,103000.0,0.0,184459,68498,54454,14044,69426,41886,27540,-41584,46535,88119,25.227828406312515,4.437881540845922,47.77159151898254,-20.87176060336831
222,2019-12-17,103000.0,-1000.0,317989,149559,61477,88082,77458,116946,-39488,-48594,90972,139566,28.60853677328461,3.380708366972094,43.89019745966055,-3.881394059321991
223,2019-12-16,104000.0,0.0,179817,109063,52153,56910,22924,55180,-32256,-24654,47830,72484,26.59926480811047,-2.0092719651741398,40.309870590656054,-3.5803268690044945
224,2019-12-13,104000.0,1500.0,233850,112566,70513,42053,59569,16241,43328,-85381,61715,147096,26.390848834723112,-0.20841597338735696,62.901860166773574,22.59198957611752
225,2019-12-12,102500.0,1500.0,444609,322277,276629,45648,98887,27559,71328,-116976,23445,140421,5.273172607841946,-21.117676226881166,31.583031382630583,-31.31882878414299
226,2019-12-11,101000.0,500.0,137557,87932,61140,26792,36452,15720,20732,-47524,13173,60697,9.576393785848776,4.3032211780068295,44.12498091700168,12.541949534371096
227,2019-12-10,100500.0,700.0,192039,87690,74855,12835,57571,19251,38320,-51155,46778,97933,24.358593827295497,14.782200041446721,50.99641218710783,6.87143127010615
228,2019-12-09,99800.0,-1200.0,176408,68518,99520,-31002,36351,25864,10487,20515,71539,51024,40.55314951702871,16.19455568973321,28.923858328420483,-22.072553858687346
229,2019-12-06,101000.0,500.0,207075,99653,79846,19807,46828,60858,-14030,-5777,60594,66371,29.261861644331766,-11.291287872696941,32.05167209948087,3.127813771060385
230,2019-12-05,100500.0,-2000.0,268482,141996,71532,70464,27268,104093,-76825,6361,99218,92857,36.955177628295374,7.693315983963608,34.58593127286,2.5342591733791338
231,2019-12-04,102500.0,1000.0,285419,174811,69451,105360,65900,140043,-74143,-31217,44708,75925,15.66398873235489,-21.291188895940486,26.60124238400387,-7.98468888885613
232,2019-12-03,101500.0,1000.0,204605,136851,74839,62012,37360,66411,-29051,-32961,30394,63355,14.854964443684171,-0.8090242886707184,30.964541433493803,4.363299049489932
233,2019-12-02,100500.0,1600.0,244030,168335,58707,109628,47347,96844,-49497,-60131,28348,88479,11.616604515838217,-3.238359927845954,36.25742736548785,5.2928859319940464
234,2019-11-29,98900.0,-2600.0,301534,105325,115514,-10189,68038,92382,-24344,34533,128171,93638,42.50631769551692,30.8897131796787,31.05387783798842,-5.20354952749943
235,2019-11-28,101500.0,0.0,148563,48546,60718,-12172,40739,21499,19240,-7068,59278,66346,39.90091745589413,-2.6054002396227887,44.658495049238375,13.604617211249955
236,2019-11-27,101500.0,-500.0,185696,75534,56105,19429,63648,71077,-7429,-12000,46514,58514,25.048466310529037,-14.852451145365094,31.510641047733927,-13.147854001504449
237,2019-11-26,102000.0,-2000.0,483971,164178,127267,36911,202175,274046,-71871,34960,117618,82658,24.30269582268359,-0.7457704878454479,17.079122509406556,-14.43151853832737
238,2019-11-25,104000.0,2500.0,208912,103106,44565,58541,62077,68166,-6089,-52452,43729,96181,20.931779888182582,-3.3709159345010065,46.03900206785632,28.959879558449767
239,2019-11-22,101500.0,500.0,182751,92445,42760,49685,60993,63844,-2851,-46834,29313,76147,16.039857511039614,-4.8919223771429685,41.66707706113783,-4.371925006718492
240,2019-11-21,101000.0,-1500.0,320446,139480,99936,39544,63215,69460,-6245,-33299,117751,151050,36.745972800409426,20.706115289369812,47.13742721082491,5.4703501496870786
241,2019-11-20,102500.0,-500.0,196959,80262,72614,7648,45709,43591,2118,-9766,70988,80754,36.04201889733396,-0.7039539030754653,41.00041125310344,-6.137015957721474
242,2019-11-19,103000.0,-1000.0,204642,74801,79162,-4361,55818,57956,-2138,6499,74023,67524,36.17194906226484,0.12993016493087595,32.99615914621632,-8.004252106887115
243,2019-11-18,104000.0,0.0,234521,75920,82917,-6997,20779,72698,-51919,58916,137822,78906,58.76744513284524,22.595496070580403,33.64560103359614,0.6494418873798153
244,2019-11-15,104000.0,1500.0,267000,123094,35013,88081,11834,92860,-81026,-7055,132072,139127,49.465168539325845,-9.302276593519395,52.10749063670412,18.461889603107984
245,2019-11-14,102500.0,2000.0,315761,237548,207273,30275,48207,38814,9393,-39668,30006,69674,9.502756831907677,-39.96241170741817,22.065422898964723,-30.042067737739398
246,2019-11-13,100500.0,-1500.0,175104,70606,94044,-23438,29947,36009,-6062,29500,74551,45051,42.57526955409357,33.0725127221859,25.728138706140353,3.66271580717563
247,2019-11-12,102000.0,0.0,189839,79039,83510,-4471,45493,46100,-607,5078,65307,60229,34.40125580096819,-8.174013753125386,31.726357597753886,5.998218891613533
248,2019-11-11,102000.0,-500.0,225387,79770,89292,-9522,81952,23518,58434,-48912,63665,112577,28.246970765838313,-6.154285035129874,49.94831112708364,18.221953529329756
249,합계,,,141234777,45233137,45433431,-200294,22935811,22846703,89108,111186,73065829,72954643,51.73359603916817,23.486625273329857,51.6548718025731,1.706560675489456
