,날짜,종가,대비,거래량,기관 매수,기관 매도,기관 순매수,외국인 매수,외국인 매도,외국인 순매수,개인 순매수,개인 매수,개인 매도,개인매수비율(%),개인매수비율증가(%p),개인매도비율(%),개인매도비율증가(%p)
0,2020-11-11,296500.0,20000.0,2765598,343880,282433,61447,289977,139589,150388,-211835,2131741,2343576,77.08065308117811,,84.74029848155806,
1,2020-11-10,276500.0,-8500.0,1046021,117149,236096,-118947,102267,61040,41227,77720,826605,748885,79.0237480891875,1.9430950080093936,71.59368693362754,-13.146611547930519
2,2020-11-09,285000.0,7500.0,886316,176452,139068,37384,73139,128057,-54918,17534,636725,619191,71.83950193836058,-7.184246150826922,69.86120074555802,-1.7324861880695153
3,2020-11-06,277500.0,5500.0,1189737,155225,179992,-24767,127980,123385,4595,20172,906532,886360,76.1959996200841,4.356497681723511,74.50049884974578,4.639298104187759
4,2020-11-05,272000.0,1500.0,965754,181784,156375,25409,120082,179712,-59630,34221,663888,629667,68.74297181269765,-7.453027807386448,65.19952285985873,-9.30097598988705
5,2020-11-04,270500.0,11500.0,1326699,288095,186920,101175,144866,158555,-13689,-87486,893738,981224,67.36554410608586,-1.3774277066117833,73.95980550222771,8.760282642368978
6,2020-11-03,259000.0,14500.0,1016373,179035,85534,93501,141402,78831,62571,-156072,695936,852008,68.4724997614065,1.1069556553206326,83.82827957846185,9.868474076234136
7,2020-11-02,244500.0,3500.0,486328,67908,103648,-35740,37693,55085,-17392,53132,380727,327595,78.28605385665641,9.813554095249913,67.3609169120429,-16.46736266641895
8,2020-10-30,241000.0,-12000.0,825115,108633,139091,-30458,86568,306428,-219860,250318,629914,379596,76.34257042957648,-1.9434834270799257,46.005223514298,-21.355693397744894
9,2020-10-29,253000.0,10500.0,986149,212060,143172,68888,84089,114300,-30211,-38677,690000,728677,69.96914259407046,-6.373427835506021,73.89116654785433,27.885943033556323
10,2020-10-28,242500.0,3500.0,426527,63639,110173,-46534,35804,53402,-17598,64132,327084,262952,76.68541499131356,6.716272397243102,61.64955559671487,-12.241610951139457
11,2020-10-27,239000.0,1000.0,687981,100953,150555,-49602,148495,145923,2572,47030,438533,391503,63.742021945373494,-12.94339304594007,56.9060773480663,-4.743478248648572
12,2020-10-26,238000.0,0.0,945429,83388,115943,-32555,65980,206957,-140977,173532,796061,622529,84.20103466257117,20.45901271719768,65.84619257501092,8.94011522694462
13,2020-10-23,238000.0,500.0,723304,103008,124866,-21858,155659,86923,68736,-46878,464637,511515,64.23813500270978,-19.962899659861392,70.71922732350437,4.873034748493453
14,2020-10-22,237500.0,-6500.0,831654,64395,121033,-56638,202604,74710,127894,-71256,564655,635911,67.8954228561397,3.6572878534299207,76.46340906194162,5.744181738437248
15,2020-10-21,244000.0,-1500.0,625587,95397,150531,-55134,130244,76720,53524,1610,399946,398336,63.931315708286775,-3.9641071478529284,63.67395741919189,-12.789451642749725
16,2020-10-20,245500.0,-10000.0,1215368,162943,169465,-6522,119555,116421,3134,3388,932870,929482,76.75617590721492,12.82486019892815,76.47741260260267,12.803455183410776
17,2020-10-19,255500.0,-1000.0,517772,118439,122137,-3698,28458,142297,-113839,117537,370875,253338,71.62901817788526,-5.127157729329667,48.92848589726752,-27.54892670533515
18,2020-10-16,256500.0,1500.0,543139,104130,77591,26539,78645,115929,-37284,10745,360364,349619,66.34839332104673,-5.280624856838529,64.37007837772651,15.441592480458993
19,2020-10-15,255000.0,-7000.0,627073,76508,90314,-13806,65456,142876,-77420,91226,485109,393883,77.36084953426476,11.01245621321803,62.812942033862086,-1.5571363438644283
20,2020-10-14,262000.0,-8500.0,585306,56388,87953,-31565,95118,148011,-52893,84458,433800,349342,74.11507826675277,-3.2457712675119836,59.6853611615121,-3.127580872349988
21,2020-10-13,270500.0,-3000.0,541433,60153,113939,-53786,32527,96850,-64323,118109,448753,330644,82.8824619112614,8.767383644508627,61.06831316155461,1.3829520000425148
22,2020-10-12,273500.0,11500.0,774825,115726,83394,32332,42101,78770,-36669,4337,616998,612661,79.63062627044818,-3.2518356408132263,79.0708869744781,18.002573812923487
23,2020-10-08,262000.0,1500.0,874989,155969,184054,-28085,91439,178497,-87058,115143,627581,512438,71.72444453587417,-7.906181734574005,58.565079103851595,-20.505807870626505
24,2020-10-07,260500.0,2500.0,492558,138225,70410,67815,40922,131737,-90815,23000,313411,290411,63.62925787419959,-8.095186661674582,58.95975702353834,0.3946779196867425
25,2020-10-06,258000.0,3500.0,556717,116381,103475,12906,92960,91861,1099,-14005,347376,361381,62.39723234605733,-1.232025528142259,64.91287314739806,5.953116123859722
26,2020-10-05,254500.0,-3000.0,639048,111947,112465,-518,100446,195005,-94559,95077,426655,331578,66.76415543120392,4.366923085146588,51.88624328688925,-13.026629860508812
27,2020-09-29,257500.0,2500.0,686838,113633,65222,48411,203566,164642,38924,-87335,369639,456974,53.81749408157383,-12.94666134963009,66.53301069538959,14.646767408500345
28,2020-09-28,255000.0,-3500.0,1037814,87937,183843,-95906,79827,277577,-197750,293656,870050,576394,83.83486829046439,30.01737420889056,55.53923920856724,-10.993771486822354
29,2020-09-25,258500.0,8500.0,1251340,170506,157637,12869,238753,151215,87538,-100407,842081,942488,67.29434046701935,-16.540527823445032,75.31829878370388,19.779059575136642
30,2020-09-24,250000.0,-16000.0,1321525,114437,176259,-61822,275699,142079,133620,-71798,931389,1003187,70.47834887724409,3.1840084102247346,75.91131457974689,0.5930157960430051
31,2020-09-23,266000.0,-2000.0,1302410,158573,220615,-62042,275175,136204,138971,-76929,868662,945591,66.6965087798773,-3.781840097366782,72.60317411567786,-3.3081404640690266
32,2020-09-22,268000.0,-10500.0,1337964,156106,177924,-21818,280907,216391,64516,-42698,900951,943649,67.33746199449313,0.6409532146158199,70.5287287251376,-2.0744453905402622
33,2020-09-21,278500.0,-13000.0,1074281,88333,154408,-66075,65741,72912,-7171,73246,920207,846961,85.65794238192801,18.320480387434884,78.83980075976396,8.311072034626363
34,2020-09-18,291500.0,0.0,754705,92280,114935,-22655,81454,178796,-97342,119997,580971,460974,76.97987955558794,-8.678062826340067,61.08002464539125,-17.759776114372713
35,2020-09-17,291500.0,-5500.0,685924,62158,138788,-76630,26589,110742,-84153,160783,597177,436394,87.06168613432392,10.081806578735979,63.62133414197492,2.541309496583672
36,2020-09-16,297000.0,1000.0,438867,60709,96547,-35838,49826,40392,9434,26404,328332,301928,74.81355399243962,-12.248132141884298,68.7971526681204,5.175818526145484
37,2020-09-15,296000.0,0.0,413089,74508,80005,-5497,48544,40122,8422,-2925,290037,292962,70.211746137031,-4.601807855408623,70.91982599391415,2.122673325793741
38,2020-09-14,296000.0,-2500.0,508097,69186,116200,-47014,33092,79011,-45919,92933,405819,312886,79.8703790811597,9.658632944128698,61.57997390262096,-9.339852091293189
39,2020-09-11,298500.0,0.0,1022761,168182,135043,33139,85211,96943,-11732,-21407,769368,790775,75.22461259277583,-4.64576648838387,77.31767245720164,15.737698554580682
40,2020-09-10,298500.0,0.0,1246969,215503,273292,-57789,102453,171592,-69139,126928,929013,802085,74.50169170203911,-0.7229208907367166,64.32276985233794,-12.994902604863697
41,2020-09-09,298500.0,-19500.0,2482466,156035,337285,-181250,120876,263350,-142474,323724,2205555,1881831,88.84532557545602,14.343633873416906,75.80490528369775,11.482135431359808
42,2020-09-08,318000.0,13000.0,2698135,313104,242562,70542,149441,232897,-83456,12914,2235590,2222676,82.85686224002876,-5.988463335427255,82.37823533663067,6.573330052932917
43,2020-09-07,305000.0,11000.0,1016576,105949,129112,-23163,61864,88336,-26472,49635,848763,799128,83.4923311193654,0.6354688793366421,78.60976454293629,-3.7684707936943767
44,2020-09-04,294000.0,-5500.0,612252,113804,139452,-25648,19995,62018,-42023,67671,478453,410782,78.14641683489805,-5.345914284467355,67.09361504739879,-11.516149495537505
45,2020-09-03,299500.0,-1000.0,497412,68864,151389,-82525,66890,54887,12003,70522,361658,291136,72.70793627817584,-5.438480556722212,58.53015206709931,-8.563462980299477
46,2020-09-02,300500.0,2500.0,547657,181572,94916,86656,56143,125831,-69688,-16968,309942,326910,56.594182124943174,-16.113754153232662,59.69247174782757,1.1623196807282596
47,2020-09-01,298000.0,1000.0,668602,113296,121248,-7952,105295,167659,-62364,70316,450011,379695,67.30625992743067,10.7120778024875,56.789390399669756,-2.903081348157812
48,2020-08-31,297000.0,-7500.0,1079872,146301,172674,-26373,111826,385995,-274169,300542,821745,521203,76.09651884667812,8.79025891924745,48.265257363835715,-8.52413303583404
49,2020-08-28,304500.0,0.0,557944,117500,106298,11202,33411,77951,-44540,33338,407033,373695,72.95230345697776,-3.1442153897003635,66.97715182885737,18.711894465021658
50,2020-08-27,304500.0,-6000.0,722862,83719,132381,-48662,39578,136115,-96537,145199,599565,454366,82.94321737759074,9.990913920612982,62.856534165580705,-4.1206176632766685
51,2020-08-26,310500.0,4000.0,1262116,168969,184900,-15931,201180,105979,95201,-79270,891967,971237,70.67234707427843,-12.270870303312307,76.95306928998602,14.096535124405314
52,2020-08-25,306500.0,-3500.0,600050,83022,142422,-59400,41170,131407,-90237,149637,475858,326221,79.30305807849346,8.63071100421503,54.36563619698358,-22.58743309300244
53,2020-08-24,310000.0,9000.0,814190,140371,124860,15511,242676,33480,209196,-224707,431143,655850,52.95361033665361,-26.349447741839853,80.55245090212358,26.18681470514
54,2020-08-21,301000.0,-4000.0,1037558,151877,186916,-35039,79009,245130,-166121,201160,806672,605512,77.74717172437589,24.793561387722278,58.35933991160013,-22.19311099052345
55,2020-08-20,305000.0,1000.0,1708375,245932,258259,-12327,369257,216490,152767,-140440,1093186,1233626,63.98981488256384,-13.757356841812047,72.21049242701397,13.851152515413844
56,2020-08-19,304000.0,0.0,880282,109173,122032,-12859,91859,213859,-122000,134859,679250,544391,77.16277283870396,13.172957956140117,61.84279583133587,-10.367696595678105
57,2020-08-18,304000.0,-500.0,1163773,219359,110713,108646,268461,163472,104989,-213635,675953,889588,58.082890735564405,-19.079882103139553,76.43999302269428,14.597197191358411
58,2020-08-14,304500.0,-4000.0,1037943,142990,151112,-8122,270121,177726,92395,-84273,624832,709105,60.199066808100255,2.1161760725358505,68.31829878904718,-8.121694233647105
59,2020-08-13,308500.0,6500.0,1754825,307114,253330,53784,449275,188300,260975,-314759,998436,1313195,56.89661362244098,-3.3024531856592745,74.83338794466685,6.515089155619677
60,2020-08-12,302000.0,-12000.0,1121637,154482,164491,-10009,81105,99130,-18025,28034,886050,858016,78.99614581188031,22.09953218943933,76.49676321305378,1.663375268386929
61,2020-08-11,314000.0,-1000.0,693402,175706,103005,72701,97805,108146,-10341,-62360,419891,482251,60.555204628772344,-18.440941183107967,69.54854471143723,-6.948218501616552
62,2020-08-10,315000.0,500.0,1221244,212714,253011,-40297,117522,131029,-13507,53804,891008,837204,72.9590483146693,12.403843685896959,68.55337672078635,-0.9951679906508843
63,2020-08-07,314500.0,3500.0,963799,176309,176520,-211,108487,78427,30060,-29849,679003,708852,70.45068525698824,-2.5083630576810663,73.54770029850623,4.994323577719882
64,2020-08-06,311000.0,-4000.0,832683,131021,153472,-22451,79654,149115,-69461,91912,622008,530096,74.69925529883521,4.248570041846975,63.66120120141758,-9.886499097088645
65,2020-08-05,315000.0,13000.0,1063211,204523,123117,81406,117371,64297,53074,-134480,741317,875797,69.72435386767067,-4.97490143116454,82.37283098086833,18.711629779450746
66,2020-08-04,302000.0,3000.0,891486,121723,142574,-20851,138497,127060,11437,9414,631266,621852,70.81053432134661,1.0861804536759365,69.75454465914214,-12.618286321726188
67,2020-08-03,299000.0,2500.0,1521548,193127,197707,-4580,213353,185816,27537,-22957,1115068,1138025,73.28510175163714,2.4745674302905343,74.7938941131006,5.039349453958465
68,2020-07-31,296500.0,-3500.0,823746,88814,131928,-43114,118412,160124,-41712,84826,616520,531694,74.84345902741865,1.5583572757815034,64.54586729404453,-10.24802681905608
69,2020-07-30,300000.0,-1500.0,2723830,254695,300706,-46011,294710,228182,66528,-20517,2174425,2194942,79.82968834325197,4.986229315833327,80.58292918427361,16.037061890229083
70,2020-07-29,301500.0,-16000.0,1903406,153269,377892,-224623,86394,204728,-118334,342957,1663743,1320786,87.40872940402625,7.579041060774273,69.39066074184909,-11.19226844242452
71,2020-07-28,317500.0,500.0,666062,106037,148130,-42093,72997,63489,9508,32585,487028,454443,73.12052031192292,-14.28820909210333,68.22833309812,-1.1623276437290855
72,2020-07-27,317000.0,-2000.0,507367,92378,58157,34221,30050,62060,-32010,-2211,384939,387150,75.86993241578581,2.7494121038628947,76.30571164462805,8.077378546508044
73,2020-07-24,319000.0,-3000.0,789309,86818,132281,-45463,132836,104899,27937,17526,569655,552129,72.17135494464145,-3.698577471144361,69.95093176436605,-6.354779880262001
74,2020-07-23,322000.0,500.0,707386,130304,134087,-3783,103996,30040,73956,-70173,473086,543259,66.87805526261475,-5.293299682026699,76.7980989162918,6.84716715192576
75,2020-07-22,321500.0,0.0,748686,92330,83905,8425,103613,75375,28238,-36663,552743,589406,73.82841404807891,6.950358785464161,78.7253935561771,1.9272946398852895
76,2020-07-21,321500.0,-1500.0,1217900,118787,227111,-108324,146762,140284,6478,101846,952351,850505,78.196157319977,4.367743271898092,69.83373019131291,-8.891663364864186
77,2020-07-20,323000.0,-5000.0,1391199,88618,219245,-130627,65770,170959,-105189,235816,1236811,1000995,88.90252221285381,10.706364892876806,71.95196373775427,2.1182335464413597
78,2020-07-17,328000.0,13000.0,1241089,231647,97394,134253,193176,63551,129625,-263878,816266,1080144,65.77014218964152,-23.132380023212292,87.03195338932179,15.079989651567516
79,2020-07-16,315000.0,-1000.0,734412,113805,140279,-26474,100976,83083,17893,8581,519631,511050,70.75469899729308,4.984556807651558,69.58628126991388,-17.445672119407902
80,2020-07-15,316000.0,-8000.0,972746,148903,154031,-5128,75189,143215,-68026,73154,748654,675500,76.96294818996942,6.208249192676348,69.44258830157102,-0.1436929683428616
81,2020-07-14,324000.0,-5000.0,842821,107958,194540,-86582,78448,124061,-45613,132195,656415,524220,77.88308549502207,0.9201373050526485,62.198260366080106,-7.244327935490915
82,2020-07-13,329000.0,4500.0,775224,109913,71980,37933,101878,93214,8664,-46597,563433,610030,72.68002538621096,-5.2030601088111155,78.69080420626813,16.49254384018802
83,2020-07-10,324500.0,500.0,1042448,94704,153949,-59245,63542,90282,-26740,85985,884202,798217,84.8197703866284,12.139745000417449,76.57139732629349,-2.1194068799746333
84,2020-07-09,324000.0,12500.0,1637528,264063,207872,56191,178195,153323,24872,-81063,1195270,1276333,72.99233967297047,-11.827430713657932,77.94266723988842,1.3712699135949293
85,2020-07-08,311500.0,3000.0,709785,114528,118433,-3905,74786,100800,-26014,29919,520471,490552,73.32797959945617,0.3356399264856975,69.11275949759434,-8.829907742294083
86,2020-07-07,308500.0,3000.0,1003857,172667,118497,54170,187629,147647,39982,-94152,643561,737713,64.10883223407318,-9.219147365382995,73.48785733426175,4.375097836667408
87,2020-07-06,305500.0,-4000.0,759792,116176,76345,39831,53859,247370,-193511,153680,589757,436077,77.6208488638996,13.51201662982642,57.39426053446206,-16.093596799799684
88,2020-07-03,309500.0,1000.0,760954,116515,132731,-16216,39667,110685,-71018,87234,604772,517538,79.47550049017418,1.8546516262745882,68.01173264086923,10.617472106407163
89,2020-07-02,308500.0,11000.0,1134489,185867,121408,64459,221618,101858,119760,-184219,727004,911223,64.08206690413041,-15.39343358604377,80.32012650629491,12.308393865425685
90,2020-07-01,297500.0,-8500.0,1012051,112380,102752,9628,137665,97612,40053,-49681,762006,811687,75.29324115089062,11.211174246760208,80.20218348680058,-0.11794301949433361
91,2020-06-30,306000.0,-5000.0,1517136,160026,173179,-13153,160492,132126,28366,-15213,1196618,1211831,78.87348266734162,3.5802415164509966,79.87622731251516,-0.3259561742854231
92,2020-06-29,311000.0,-1500.0,1323237,112118,230583,-118465,115375,139716,-24341,142806,1095744,952938,82.80784167915498,3.9343590118133562,72.01567066217163,-7.860556650343526
93,2020-06-26,312500.0,-3500.0,927851,80644,164526,-83882,89919,86007,3912,79970,757288,677318,81.61741486510226,-1.1904268140527137,72.99857412450922,0.982903462337589
94,2020-06-25,316000.0,-3000.0,918369,125491,259910,-134419,65104,60189,4915,129504,727774,598270,79.24635957877499,-2.3710552863272767,65.14483829484664,-7.8537358296625825
95,2020-06-24,319000.0,500.0,1956218,175134,215945,-40811,192927,344612,-151685,192496,1588157,1395661,81.18507242035396,1.938712841578976,71.34486033765153,6.200022042804889
96,2020-06-23,318500.0,21500.0,4485322,320356,406586,-86230,574637,207106,367531,-281301,3590329,3871630,80.04618174570298,-1.1388906746509804,86.31777161149189,14.972911273840367
97,2020-06-22,297000.0,5500.0,1166332,195702,122446,73256,84947,118684,-33737,-39519,885683,925202,75.93746891965581,-4.108712826047167,79.32578373910687,-6.991987872385025
98,2020-06-19,291500.0,4000.0,1087788,108700,188343,-79643,256557,102904,153653,-74010,722531,796541,66.42204179490857,-9.515427124747248,73.22575722475335,-6.100026514353516
99,2020-06-18,287500.0,-2000.0,784181,102513,115711,-13198,120713,98039,22674,-9476,560955,570431,71.53386781878164,5.111826023873078,72.7422623093393,-0.483494915414056
100,2020-06-17,289500.0,-4000.0,1647069,135328,175852,-40524,203325,268373,-65048,105572,1308416,1202844,79.43905203728563,7.90518421850399,73.02936306857818,0.2871007592388821
101,2020-06-16,293500.0,19500.0,2041007,222198,181676,40522,325433,189553,135880,-176402,1493376,1669778,73.16858785883636,-6.270464178449274,81.81147835357743,8.78211528499925
102,2020-06-15,274000.0,-23500.0,3141867,229166,290408,-61242,240376,264667,-24291,85533,2672325,2586792,85.05531901891456,11.886731160078199,82.33295680561909,0.5214784520416629
103,2020-06-12,297500.0,9500.0,3865779,234113,383619,-149506,315622,340159,-24537,174043,3316044,3142001,85.77945092050011,0.724131901585551,81.27730529862157,-1.0556515069975205
104,2020-06-11,288000.0,19500.0,3934710,411460,550830,-139370,604792,296548,308244,-168874,2918458,3087332,74.17212450218695,-11.607326418313164,78.4640291152334,-2.8132761833881688
105,2020-06-10,268500.0,5000.0,1067682,194791,115982,78809,87774,115554,-27780,-51029,785117,836146,73.53472288565321,-0.6374016165337366,78.31414222586875,-0.14988688936465167
106,2020-06-09,263500.0,7500.0,1345656,174758,161263,13495,247757,104810,142947,-156442,923141,1079583,68.60155938813486,-4.9331634975183505,80.22726462037846,1.9131223945097133
107,2020-06-08,256000.0,-500.0,1267019,143415,201872,-58457,137315,135992,1323,57134,986289,929155,77.84326833299264,9.241708944857777,73.33394368987364,-6.893320930504828
108,2020-06-05,256500.0,9500.0,2899453,242319,226377,15942,401199,235172,166027,-181969,2255935,2437904,77.80553780316494,-0.03773052982769798,84.08151468570107,10.74757099582743
109,2020-06-04,247000.0,19500.0,3037387,356507,207166,149341,416139,174568,241571,-390912,2264741,2655653,74.56214832025026,-3.2433894829146794,87.43215796999198,3.3506432842909106
110,2020-06-03,227500.0,3000.0,1813508,301899,173759,128140,122958,186419,-63461,-64679,1388651,1453330,76.57264263515793,2.0104943149076746,80.13915571367758,-7.293002256314395
111,2020-06-02,224500.0,-3000.0,1115810,107023,144244,-37221,87340,273290,-185950,223171,921447,698276,82.5809949722623,6.00835233710437,62.580188383326906,-17.558967330350676
112,2020-06-01,227500.0,14000.0,3410255,206007,206367,-360,737914,196049,541865,-541505,2466334,3007839,72.3211020876738,-10.25989288458851,88.19982669917646,25.61963831584955
113,2020-05-29,213500.0,2500.0,660343,113305,98016,15289,252892,223653,29239,-44528,294146,338674,44.544426154286484,-27.77667593338731,51.28758841995751,-36.91223827921895
114,2020-05-28,211000.0,-2000.0,716459,117472,156583,-39111,43635,101039,-57404,96515,555352,458837,77.51343761471348,32.969011460427,64.04232482249508,12.754736402537567
115,2020-05-27,213000.0,-1500.0,591712,62881,179517,-116636,140265,75005,65260,51376,388566,337190,65.66809528960034,-11.845342325113137,56.98549294251257,-7.056831879982504
116,2020-05-26,214500.0,-500.0,482616,84247,64294,19953,37627,58352,-20725,772,360742,359970,74.74721103320238,9.079115743602031,74.58724949027798,17.60175654776541
117,2020-05-25,215000.0,-1000.0,371033,59314,68098,-8784,48814,43168,5646,3138,262905,259767,70.85757870593721,-3.8896323272651614,70.01183183166995,-4.575417658608032
118,2020-05-22,216000.0,-2500.0,637408,92991,129435,-36444,106530,127753,-21223,57667,437887,380220,68.69807093729605,-2.159507768641163,59.650961393644266,-10.360870438025685
119,2020-05-21,218500.0,0.0,530139,48780,107268,-58488,156075,78929,77146,-18658,325284,343942,61.3582475539434,-7.339823383352652,64.87770188573185,5.226740492087586
120,2020-05-20,218500.0,5500.0,661979,138014,59680,78334,153368,46921,106447,-184781,370597,555378,55.98319584155993,-5.375051712383467,83.89661907704021,19.01891719130836
121,2020-05-19,213000.0,0.0,709054,126710,207487,-80777,116892,72774,44118,36659,465452,428793,65.64408352537325,9.660887683813314,60.47395543921902,-23.422663637821195
122,2020-05-18,213000.0,-4500.0,988984,97662,132795,-35133,165327,143235,22092,13041,725995,712954,73.40816433835128,7.764080812978037,72.08953835451332,11.615582915294304
123,2020-05-15,217500.0,500.0,827539,150761,78189,72572,73370,175483,-102113,29541,603408,573867,72.9159592478421,-0.4922050905091879,69.34621812385882,-2.743320230654504
124,2020-05-14,217000.0,2000.0,959332,209798,153489,56309,146258,91258,55000,-111309,603276,714585,62.88500748437455,-10.030951763467549,74.48776857229824,5.141550448439418
125,2020-05-13,215000.0,4000.0,763378,190262,87634,102628,154849,84154,70695,-173323,418267,591590,54.791597347578794,-8.093410136795754,77.49633864219298,3.008570069894745
126,2020-05-12,211000.0,500.0,982920,147915,158423,-10508,153778,144267,9511,997,681227,680230,69.30645423839174,14.514856890812943,69.20502177186343,-8.291316870329553
127,2020-05-11,210500.0,0.0,695048,101400,145600,-44200,62877,108106,-45229,89429,530771,441342,76.36465395195728,7.058199713565543,63.49806056560122,-5.706961206262207
128,2020-05-08,210500.0,6500.0,895729,194791,102940,91851,188662,106725,81937,-173788,512276,686064,57.1909584260418,-19.173695525915477,76.59280876247169,13.09474819687047
129,2020-05-07,204000.0,-3000.0,402708,81695,64798,16897,60688,125078,-64390,47493,260325,212832,64.64361274173844,7.452654315696634,52.850204118120324,-23.742604644351367
130,2020-05-06,207000.0,3500.0,603987,113818,67313,46505,161343,144669,16674,-63179,328826,392005,54.442562505484396,-10.20105023625404,64.90288698266684,12.052682864546519
131,2020-05-04,203500.0,-7000.0,860366,106363,178841,-72478,143603,282395,-138792,211270,610400,399130,70.946550654024,16.503988148539598,46.3907220880416,-18.512164894625244
132,2020-04-29,210500.0,1500.0,654481,102519,100732,1787,191067,133218,57849,-59636,360895,420531,55.14216608274343,-15.804384571280565,64.2541189125429,17.863396824501308
133,2020-04-28,209000.0,-3500.0,726697,86878,98279,-11401,137790,194792,-57002,68403,502029,433626,69.08367586490655,13.941509782163124,59.670811906475464,-4.583307006067443
134,2020-04-27,212500.0,1000.0,486289,104113,65780,38333,46244,61860,-15616,-22717,335932,358649,69.0807318281927,-0.002944036713856235,73.75223375400225,14.081421847526784
135,2020-04-24,211500.0,-2500.0,1076656,126825,125183,1642,124434,147482,-23048,21406,825397,803991,76.66301957171092,7.582287743518222,74.67482649982911,0.9225927458268615
136,2020-04-23,214000.0,0.0,634952,111037,115344,-4307,97229,106942,-9713,14020,426686,412666,67.19972533356852,-9.463294238142396,64.9916844107901,-9.68314208903901
137,2020-04-22,214000.0,2000.0,1123888,224479,173727,50752,139472,107552,31920,-82672,759937,842609,67.61679099696767,0.41706566339914275,74.97268411087225,9.980999700082151
138,2020-04-21,212000.0,0.0,1791508,240209,175766,64443,311156,234945,76211,-140654,1240143,1380797,69.22341401768789,1.606623020720221,77.07456511497577,2.101881004103518
139,2020-04-20,212000.0,1000.0,913363,84949,149122,-64173,248587,163447,85140,-20967,579827,600794,63.48264600164447,-5.740768016043418,65.77822837141422,-11.296336743561554
140,2020-04-17,211000.0,-4000.0,1786490,144185,270511,-126326,227334,220103,7231,119095,1414971,1295876,79.20396979552082,15.721323793876351,72.5375456901522,6.759317318737985
141,2020-04-16,215000.0,-1000.0,775217,128405,101242,27163,176234,192035,-15801,-11362,470578,481940,60.70274516683716,-18.50122462868366,62.168399299808954,-10.369146390343246
142,2020-04-14,216000.0,500.0,1273985,91807,87117,4690,146225,170251,-24026,19336,1035953,1016617,81.31594955984568,20.613204393008516,79.7981922864084,17.62979298659944
143,2020-04-13,215500.0,6000.0,3635512,220021,225425,-5404,217885,159012,58873,-53469,3197606,3251075,87.95476400573014,6.638814445884464,89.42550595349431,9.627313667085915
144,2020-04-10,209500.0,-1000.0,1741966,132765,214287,-81522,118859,203157,-84298,165820,1490342,1324522,85.55517157051285,-2.3995924352172864,76.0360420352636,-13.389463918230703
145,2020-04-09,210500.0,3500.0,1348849,220486,187736,32750,125164,184285,-59121,26371,1003199,976828,74.37444814059987,-11.180723429912987,72.41937385133546,-3.616668183928141
146,2020-04-08,207000.0,-3000.0,1090103,133653,186441,-52788,206044,165134,40910,11878,750406,738528,68.83808227295954,-5.536365867640328,67.74846046657976,-4.670913384755707
147,2020-04-07,210000.0,1000.0,2206806,169540,208297,-38757,309347,214263,95084,-56327,1727919,1784246,78.29954241559975,9.461460142640206,80.85196433216151,13.103503865581757
148,2020-04-06,209000.0,13000.0,2778989,276736,111482,165254,493038,291773,201265,-366519,2009215,2375734,72.30021421459386,-5.999328201005881,85.48914731220599,4.6371829800444715
149,2020-04-03,196000.0,1000.0,4151869,234652,251159,-16507,427633,364721,62912,-46405,3489584,3535989,84.04850923764695,11.748295023053089,85.16619864451407,-0.322948667691918
150,2020-04-02,195000.0,-3000.0,8664631,715670,280045,435625,3489162,4919376,-1430214,994589,4459799,3465210,51.47130904939864,-32.57720018824831,39.99258595086162,-45.17361269365245
151,2020-04-01,198000.0,-31000.0,5208192,339333,424602,-85269,658811,560327,98484,-13215,4210048,4223263,80.83511514168448,29.36380609228584,81.08885002703433,41.09626407617271
152,2020-03-31,229000.0,44000.0,11131989,370541,415625,-45084,935763,639842,295921,-250837,9825685,10076522,88.26531359310542,7.430198451420935,90.5186126216977,9.429762594663373
153,2020-03-30,185000.0,1000.0,937759,154179,119122,35057,167144,151465,15679,-50736,616436,667172,65.735012940425,-22.530300652680424,71.14535824236292,-19.37325437933478
154,2020-03-27,184000.0,2500.0,1927549,165726,208881,-43155,436598,314120,122478,-79323,1325225,1404548,68.7518190199056,3.0168060794806024,72.86704514385886,1.7216869014959428
155,2020-03-26,181500.0,-1500.0,2441069,213792,292473,-78681,404793,246920,157873,-79192,1822484,1901676,74.6592578907028,5.907438870797208,77.90341035013758,5.036365206278717
156,2020-03-25,183000.0,-1000.0,2334554,199616,357989,-158373,431313,274411,156902,1471,1703625,1702154,72.97432400364266,-1.68493388706014,72.91131410967576,-4.992096240461819
157,2020-03-24,184000.0,9000.0,3903710,198203,209487,-11284,811708,309442,502266,-490982,2893799,3384781,74.12945633768902,1.1551323340463568,86.70677381260391,13.795459702928156
158,2020-03-23,175000.0,22500.0,6685918,184073,403837,-219764,1098099,501988,596111,-376347,5403746,5780093,80.8227980061975,6.693341668508481,86.45174828647315,-0.25502552613076546
159,2020-03-20,152500.0,12500.0,2019176,243711,162285,81426,422941,328059,94882,-176308,1352524,1528832,66.98395781249381,-13.838840193703689,75.71563845846029,-10.736109828012857
160,2020-03-19,140000.0,-17000.0,2890238,374400,207470,166930,398466,362802,35664,-202594,2117372,2319966,73.25943399816902,6.275476185675203,80.2690297477232,4.553391289262905
161,2020-03-18,157000.0,-11000.0,1214771,115571,196685,-81114,233369,289263,-55894,137008,865831,728823,71.27524446994536,-1.9841895282236521,59.99674012632834,-20.272289621394854
162,2020-03-17,168000.0,2500.0,1400196,291788,124645,167143,324726,267888,56838,-223981,783682,1007663,55.969449991286936,-15.305794478658427,71.9658533519593,11.969113225630956
163,2020-03-16,165500.0,-5000.0,1054288,153265,195485,-42220,200911,142311,58600,-16380,700112,716492,66.40614329291427,10.43669330162733,67.95979846114155,-4.006054890817751
164,2020-03-13,170500.0,-2000.0,2228505,378626,275980,102646,369760,525036,-155276,52630,1480119,1427489,66.41757590851266,0.011432615598394591,64.05590294838916,-3.903895512752385
165,2020-03-12,172500.0,-2500.0,1210096,393008,265282,127726,189473,238122,-48649,-79077,627615,706692,51.86489336383229,-14.552682544680373,58.399664158876654,-5.656238789512507
166,2020-03-11,175000.0,-6000.0,816884,198039,232780,-34741,187851,152546,35305,-564,430994,431558,52.760734694277275,0.8958413304449877,52.82977754491458,-5.569886613962076
167,2020-03-10,181000.0,7000.0,1203990,275969,170529,105440,329379,225614,103765,-209205,598642,807847,49.721509314861414,-3.0392253794158606,67.09748419837373,14.267706653459157
168,2020-03-09,174000.0,-3500.0,992060,236270,135122,101148,172774,242507,-69733,-31415,583016,614431,58.76821966413321,9.046710349271798,61.93486281071709,-5.1626213876566425
169,2020-03-06,177500.0,-4500.0,706838,159561,138244,21317,123295,164051,-40756,19439,423982,404543,59.98290980394376,1.2146901398105499,57.23277469519182,-4.702088115525271
170,2020-03-05,182000.0,7500.0,908489,177030,145922,31108,346737,67579,279158,-310266,384722,694988,42.34745825210872,-17.63545155183504,76.49933020652975,19.266555511337927
171,2020-03-04,174500.0,2000.0,427029,102662,109609,-6947,158321,89024,69297,-62350,166046,228396,38.88401021944645,-3.4634480326622707,53.48489212676423,-23.01443807976552
172,2020-03-03,172500.0,-2500.0,655782,118285,200852,-82567,143069,162230,-19161,101728,394428,292700,60.14620712370879,21.26219690426234,44.633734991201344,-8.851157135562886
173,2020-03-02,175000.0,5000.0,658143,136489,114227,22262,230091,116292,113799,-136061,291563,427624,44.30085862798814,-15.84534849572065,64.97432928710022,20.340594295898875
174,2020-02-28,170000.0,-500.0,819064,222549,143755,78794,257675,201371,56304,-135098,338840,473938,41.369172616547665,-2.931686011440476,57.86336598849419,-7.1109632986060305
175,2020-02-27,170500.0,-2500.0,658855,142162,220939,-78777,186059,148007,38052,40725,330634,289909,50.18312071700146,8.813948100453793,44.001942764341166,-13.861423224153022
176,2020-02-26,173000.0,500.0,767937,217753,152520,65233,148822,211526,-62704,-2529,401362,403891,52.264964443697856,2.0818437266963983,52.59428833354819,8.592345569207026
177,2020-02-25,172500.0,3500.0,568928,174065,103794,70271,78827,111142,-32315,-37956,316036,353992,55.549384104842794,3.2844196611449377,62.22087856459868,9.626590231050486
178,2020-02-24,169000.0,-8000.0,768670,188534,126712,61822,78231,166839,-88608,26786,501905,475119,65.29525023742309,9.745866132580296,61.81052987627981,-0.4103486883188694
179,2020-02-21,177000.0,-2000.0,448780,101140,99577,1563,125094,52475,72619,-74182,222546,296728,49.58910824903071,-15.706141988392382,66.11881099870762,4.3082811224278075
180,2020-02-20,179000.0,-2500.0,753214,212299,140761,71538,153800,178454,-24654,-46884,387115,433999,51.395088248492456,1.8059799994617478,57.619614080460536,-8.49919691824708
181,2020-02-19,181500.0,-3000.0,738862,110907,196304,-85397,233121,165299,67822,17575,394834,377259,53.43812511673357,2.043036868241117,51.05946712647287,-6.560146953987669
182,2020-02-18,184500.0,-1500.0,550403,71962,118498,-46536,104175,133470,-29295,75831,374266,298435,67.99853925214798,14.560414135414405,54.221179753744075,3.161712627271207
183,2020-02-17,186000.0,5000.0,798265,224277,92615,131662,169374,119021,50353,-182015,404614,586629,50.68667673015853,-17.311862521989447,73.48800210456427,19.2668223508202
184,2020-02-14,181000.0,2500.0,645545,264401,89845,174556,105318,123484,-18166,-156390,275826,432216,42.72761774934358,-7.959058980814952,66.95365931112471,-6.5343427934395635
185,2020-02-13,178500.0,4500.0,1215090,473581,190550,283031,230943,260282,-29339,-253692,510566,764258,42.01878050185583,-0.7088372474877502,62.897233949748575,-4.056425361376135
186,2020-02-12,174000.0,500.0,326275,109711,83287,26424,28915,67851,-38936,12512,187649,175137,57.51252777564938,15.493747273793552,53.67772584476286,-9.219508104985714
187,2020-02-11,173500.0,500.0,433405,106340,74238,32102,69328,128044,-58716,26614,257737,231123,59.46793414935222,1.9554063737028358,53.32725741511981,-0.35046842964305114
188,2020-02-10,173000.0,1500.0,496142,113683,75643,38040,54765,138004,-83239,45199,327694,282495,66.0484296834374,6.580495534085188,56.93833620213567,3.611078787015863
189,2020-02-07,171500.0,-1000.0,430732,87841,122326,-34485,54777,86905,-32128,66613,288114,221501,66.88938829713139,0.8409586136939851,51.4243195304737,-5.51401667166197
190,2020-02-06,172500.0,8000.0,831467,194450,96289,98161,276139,53802,222337,-320498,360878,681376,43.4025643831926,-23.486823913938792,81.94865220147042,30.52433267099672
191,2020-02-05,164500.0,-3000.0,654917,84770,304763,-219993,81466,162596,-81130,301123,488681,187558,74.61724157412313,31.21467719093053,28.638438153231633,-53.31021404823879
192,2020-02-04,167500.0,1000.0,714181,132549,369294,-236745,150940,91634,59306,177439,430692,253253,60.305720818672015,-14.311520755451113,35.460618526676015,6.822180373444382
193,2020-02-03,166500.0,1500.0,682627,177562,129908,47654,164555,117944,46611,-94265,340510,434775,49.88229296526507,-10.423427853406942,63.69144496188988,28.230826435213864
194,2020-01-31,165000.0,-2000.0,587953,135552,109613,25939,106528,137044,-30516,4577,345873,341296,58.8266409049703,8.944347939705224,58.04817732029601,-5.643267641593866
195,2020-01-30,167000.0,-4000.0,632053,94845,161243,-66398,76161,134528,-58367,124765,461047,336282,72.94435751432238,14.11771660935208,53.2047154273455,-4.843461892950515
196,2020-01-29,171000.0,500.0,490096,76495,198113,-121618,78388,54762,23626,97992,335213,237221,68.39741601645392,-4.54694149786846,48.40296594952825,-4.801749477817246
197,2020-01-28,170500.0,-5000.0,677942,157516,145443,12073,84530,70977,13553,-25626,435896,461522,64.29694575642164,-4.1004702600322815,68.07691513433302,19.67394918480477
198,2020-01-23,175500.0,-1000.0,349287,77890,119771,-41881,60995,55203,5792,36089,210402,174313,60.23756967765763,-4.059376078764004,49.90537867140775,-18.171536462925268
199,2020-01-22,176500.0,4000.0,380522,122122,69574,52548,71751,41656,30095,-82643,186649,269292,49.050777616011686,-11.186792061645946,70.76910139229796,20.863722720890202
200,2020-01-21,172500.0,0.0,413021,64103,61286,2817,85842,85091,751,-3568,263076,266644,63.695550589437346,14.64477297342566,64.55942918156704,-6.209672210730915
201,2020-01-20,172500.0,-2500.0,568512,94401,107540,-13139,99225,69726,29499,-16360,374886,391246,65.94161600810537,2.2460654186680244,68.81930372621862,4.259874544651581
202,2020-01-17,175000.0,-5500.0,818082,101319,264521,-163202,43493,160091,-116598,279800,673270,393470,82.29859598426563,16.35697997616026,48.09664556853714,-20.72265815768148
203,2020-01-16,180500.0,4000.0,1272730,171524,219905,-48381,160222,220162,-59940,108321,940984,832663,73.93429871221706,-8.364297272048574,65.42338123561163,17.326735667074487
204,2020-01-15,176500.0,-1500.0,293546,52094,95031,-42937,61568,66833,-5265,48202,179884,131682,61.27966315330477,-12.65463555891229,44.85906808472948,-20.56431315088215
205,2020-01-14,178000.0,-1500.0,506237,72654,144774,-72120,95629,140273,-44644,116764,337954,221190,66.75805996005823,5.478396806753466,43.69297384426662,-1.1660942404628614
206,2020-01-13,179500.0,2000.0,453131,61164,83532,-22368,65464,127103,-61639,84007,326503,242496,72.05488037675639,5.296820416698154,53.515649999668966,9.822676155402348
207,2020-01-10,177500.0,500.0,431127,76006,126384,-50378,75825,115698,-39873,90251,279296,189045,64.78276702688535,-7.272113349871034,43.84902824457758,-9.666621755091384
208,2020-01-09,177000.0,4000.0,519560,128956,163490,-34534,59623,120514,-60891,95425,330981,235556,63.70409577334668,-1.0786712535386727,45.33759334821772,1.4885651036401413
209,2020-01-08,173000.0,-5000.0,891120,157146,176411,-19265,184584,92360,92224,-72959,549390,622349,61.65162941018044,-2.052466363166239,69.83896669359908,24.501373345381353
210,2020-01-07,178000.0,5000.0,457371,96069,96421,-352,111954,81675,30279,-29927,249348,279275,54.51766727667473,-7.133962133505712,61.060933028110654,-8.778033665488422
211,2020-01-06,173000.0,-4500.0,575093,112853,121399,-8546,82433,62264,20169,-11623,379807,391430,66.04270961392331,11.525042337248578,68.06377403306944,7.002841004958782
212,2020-01-03,177500.0,-2500.0,498043,77362,173752,-96390,88585,68148,20437,75953,332096,256143,66.6801862489785,0.6374766350551937,51.42989661535249,-16.633877417716946
213,2020-01-02,180000.0,-1000.0,621826,116056,157291,-41235,94564,130377,-35813,77048,411206,334158,66.12878843920969,-0.5513978097688153,53.73818399359306,2.3082873782405713
214,2019-12-30,181000.0,-3000.0,527906,115537,93071,22466,56658,132920,-76262,53796,355711,301915,67.3815035252488,1.2527150860391174,57.19105295260899,3.4528689590159303
215,2019-12-27,184000.0,3000.0,1406310,215567,265698,-50131,85839,133265,-47426,97557,1104904,1007347,78.56759889355833,11.186095368309523,71.63050820942752,14.439455256818526
216,2019-12-26,189500.0,4500.0,2138836,356934,93340,263594,152418,114688,37730,-301324,1629484,1930808,76.18555139337472,-2.382047500183603,90.2737750813994,18.64326687197189
217,2019-12-24,185000.0,-1500.0,684744,113690,73091,40599,79243,55399,23844,-64443,491811,556254,71.82406855700818,-4.361482836366548,81.23532298201955,-9.038452099379853
218,2019-12-23,186500.0,4500.0,872033,220870,73650,147220,132222,95270,36952,-184172,518941,703113,59.50933049552024,-12.314738061487937,80.62917343724378,-0.606149544775775
219,2019-12-20,182000.0,1500.0,553057,124600,50352,74248,123166,90534,32632,-106880,305291,412171,55.20063935543714,-4.3086911400830985,74.52595302111718,-6.103220416126604
220,2019-12-19,180500.0,3000.0,688837,139141,70001,69140,97019,94511,2508,-71648,452677,524325,65.71612732765516,10.515487972218018,76.117426909414,1.591473888296818
221,2019-12-18,177500.0,-1500.0,568183,121594,99990,21604,84488,167211,-82723,61119,362101,300982,63.72964344234164,-1.9864838853135183,52.97272181673862,-23.144705092675373
222,2019-12-17,179000.0,9000.0,956542,220089,95596,124493,221251,175450,45801,-170294,515202,685496,53.860886401224406,-9.868757041117235,71.663972935846,18.691251119107385
223,2019-12-16,170000.0,-2000.0,349331,78379,44506,33873,58954,135697,-76743,42870,211998,169128,60.686855732815005,6.825969331590599,48.41482719827327,-23.249145737572732
224,2019-12-13,172000.0,1000.0,611433,176382,107995,68387,127384,213895,-86511,18124,307667,289543,50.31900469879774,-10.367851034017264,47.35482056087911,-1.0600066373941601
225,2019-12-12,171000.0,6500.0,961611,309425,260231,49194,302341,228616,73725,-122919,349845,472764,36.38113540714488,-13.93786929165286,49.16374708691976,1.8089265260406506
226,2019-12-11,164500.0,-2000.0,484732,97608,71599,26009,129283,186355,-57072,31063,257841,226778,53.19248574470017,16.81135033755529,46.78420240462771,-2.3795446822920496
227,2019-12-10,166500.0,-1500.0,558446,78606,57224,21382,193738,280862,-87124,65742,286102,220360,51.23181113303703,-1.9606746116631442,39.45950011281305,-7.32470229181466
228,2019-12-09,168000.0,-2000.0,346240,72564,83265,-10701,95749,98129,-2380,13081,177927,164846,51.388343345656196,0.15653221261916883,47.6103280961183,8.150827983305248
229,2019-12-06,170000.0,1500.0,337447,56932,61592,-4660,84315,54700,29615,-24955,196200,221155,58.14246385358294,6.754120507926743,65.5376992535124,17.9273711573941
230,2019-12-05,168500.0,-2500.0,581994,65702,53017,12685,164049,143255,20794,-33479,352243,385722,60.523476187039726,2.3810123334567876,66.27594098908236,0.7382417355699573
231,2019-12-04,171000.0,-3500.0,427490,65547,41061,24486,105715,123505,-17790,-6696,256228,262924,59.93777632225316,-0.5856998647865694,61.50412875154975,-4.7718122375326075
232,2019-12-03,174500.0,-1000.0,285238,72710,36979,35731,70421,63558,6863,-42594,142107,184701,49.820500774791576,-10.117275547461581,64.75329374066568,3.2491649891159327
233,2019-12-02,175500.0,1500.0,346391,75226,41870,33356,86988,87048,-60,-33296,184177,217473,53.17026135205592,3.349760577264341,62.782520331070955,-1.9707734095947274
234,2019-11-29,174000.0,-4500.0,590691,92782,98125,-5343,135467,218272,-82805,88148,362442,274294,61.35898464679502,8.188723294739106,46.4361231168242,-16.346397214246757
235,2019-11-28,178500.0,-5500.0,466884,82098,77196,4902,88943,161777,-72834,67932,295843,227911,63.36541839086368,2.0064337440686586,48.81533742856898,2.379214311744782
236,2019-11-27,184000.0,4000.0,589879,113661,71766,41895,208351,202274,6077,-47972,267867,315839,45.41049944141087,-17.95491894945281,53.54301475387325,4.7276773253042705
237,2019-11-26,180000.0,-1000.0,701187,129525,95642,33883,256603,425604,-169001,135118,315059,179941,44.93223633638387,-0.478263105026997,25.662341144373755,-27.880673609499496
238,2019-11-25,181000.0,6000.0,504384,132205,56451,75754,120125,183437,-63312,-12442,252054,264496,49.97263989341454,5.040403557030665,52.43941124222814,26.777070097854384
239,2019-11-22,175000.0,-2000.0,619085,134136,75939,58197,160709,209924,-49215,-8982,324240,333222,52.37406818126752,2.40142828785298,53.82491903373528,1.3855077915071377
240,2019-11-21,177000.0,-7500.0,865834,146864,86194,60670,133814,278236,-144422,83752,585156,501404,67.58293160120762,15.208863419940101,57.90994578637475,4.085026752639472
241,2019-11-20,184500.0,1000.0,411474,78816,72879,5937,158520,150390,8130,-14067,174138,188205,42.3205354408784,-25.262396160329217,45.73922046107409,-12.170725325300658
242,2019-11-19,183500.0,-3000.0,395894,100402,93745,6657,86733,83704,3029,-9686,208759,218445,52.73103406467388,10.410498623795476,55.177648562494,9.438428101419909
243,2019-11-18,186500.0,500.0,280805,102926,42806,60120,28445,88692,-60247,127,149434,149307,53.216288883744944,0.4852548190710664,53.171061768843146,-2.006586793650854
244,2019-11-15,186000.0,-500.0,379577,115911,61152,54759,57612,162349,-104737,49978,206054,156076,54.28516480187155,1.0688759181266079,41.11840285370294,-12.052658915140206
245,2019-11-14,186500.0,5500.0,585992,158484,125750,32734,139242,182160,-42918,10184,288266,278082,49.19282174500676,-5.092343056864792,47.45491406026021,6.336511206557269
246,2019-11-13,181000.0,-4500.0,518524,77418,78295,-877,95067,137430,-42363,43240,346039,302799,66.7353873687621,17.542565623755344,58.39633266734038,10.941418607080173
247,2019-11-12,185500.0,-500.0,411263,62955,63002,-47,66830,124810,-57980,58027,281478,223451,68.44233495354554,1.7069475847834354,54.332872152369646,-4.0634605149707355
248,2019-11-11,186000.0,-2000.0,640182,73249,98501,-25252,140671,228945,-88274,113526,426262,312736,66.58450253209244,-1.8578324214530966,48.85110796617212,-5.481764186197523
249,합계,,,284046284,37771704,37781291,-9587,43807427,43292427,515000,-505413,202467153,202972566,71.2796344837942,4.695131951701754,71.45756780961796,22.606459843445833
