,날짜,종가,대비,거래량,기관 매수,기관 매도,기관 순매수,외국인 매수,외국인 매도,외국인 순매수,개인 순매수,개인 매수,개인 매도,개인매수비율(%),개인매수비율증가(%p),개인매도비율(%),개인매도비율증가(%p)
0,2020-11-11,33650.0,700.0,5100704,1619480,750482,868998,1200937,1430664,-229727,-639271,2280287,2919558,44.7053387140285,,57.238334159363106,
1,2020-11-10,32950.0,1200.0,7202607,2222095,1034503,1187592,2743041,1231741,1511300,-2698892,2237471,4936363,31.06473808719537,-13.64060062683313,68.5357815579831,11.297447398619994
2,2020-11-09,31750.0,150.0,2496771,899451,501119,398332,312424,912361,-599937,201605,1284896,1083291,51.46230871794009,20.39757063074472,43.387679526876916,-25.148102031106184
3,2020-11-06,31600.0,100.0,1947300,624333,546189,78144,667448,358827,308621,-386765,655519,1042284,33.66296923945977,-17.79933947848032,53.5245724849792,10.136892958102287
4,2020-11-05,31500.0,350.0,3089844,1011011,909679,101332,551923,852104,-300181,198849,1526910,1328061,49.417057948556625,15.754088709096855,42.981490327667025,-10.543082157312178
5,2020-11-04,31150.0,-850.0,4538264,983639,1515254,-531615,544888,1248588,-703700,1235315,3009737,1774422,66.31912555109179,16.902067602535162,39.09913570475406,-3.8823546229129633
6,2020-11-03,32000.0,250.0,3435765,1283102,624650,658452,561798,670038,-108240,-550212,1590865,2141077,46.30307951795306,-20.01604603313873,62.31732961945884,23.218193914704777
7,2020-11-02,31750.0,1400.0,3894347,1453687,641636,812051,1136929,488195,648734,-1460785,1303731,2764516,33.477525243641615,-12.825554274311443,70.98792172346225,8.670592104003411
8,2020-10-30,30350.0,-1100.0,4189440,812071,796686,15385,1237603,1518148,-280545,265160,2139766,1874606,51.07522723800795,17.597701994366332,44.74598036969141,-26.24194135377084
9,2020-10-29,31450.0,-50.0,3103420,874029,691503,182526,738332,673611,64721,-247247,1491059,1738306,48.04567219390221,-3.0295550441057344,56.01259255917665,11.266612189485244
10,2020-10-28,31500.0,1300.0,4419345,1713384,600723,1112661,1367469,577379,790090,-1902751,1338492,3241243,30.287112682988088,-17.758559510914125,73.34215817049812,17.32956561132147
11,2020-10-27,30200.0,-750.0,4310484,1124079,871422,252657,728442,1428757,-700315,447658,2457963,2010305,57.02290044459044,26.735787761602353,46.63757016613447,-26.70458800436365
12,2020-10-26,30950.0,-400.0,3771465,1770994,783462,987532,199190,968743,-769553,-217979,1801281,2019260,47.7607773106737,-9.262123133916738,53.54046769624006,6.902897530105584
13,2020-10-23,31350.0,1150.0,6673095,2214500,876901,1337599,1568677,908296,660381,-1997980,2889918,4887898,43.30701121443648,-4.453766096237224,73.24784076953797,19.707373073297916
14,2020-10-22,30200.0,1000.0,4540090,1702929,669373,1033556,955271,764550,190721,-1224277,1881890,3106167,41.45049987995832,-1.8565113344781565,68.41641905777198,-4.831421711765998
15,2020-10-21,29200.0,200.0,3384480,1541113,411825,1129288,588987,1861810,-1272823,143535,1254380,1110845,37.06270978111852,-4.387790098839801,32.82173332387841,-35.59468573389356
16,2020-10-20,29000.0,0.0,3020408,716016,556084,159932,1042839,1602405,-559566,399634,1261553,861919,41.76763536581813,4.704925584699609,28.53650897494643,-4.285224348931983
17,2020-10-19,29000.0,1050.0,3804406,1740911,535767,1205144,953457,1056400,-102943,-1102201,1110038,2212239,29.1776955456384,-12.58993982017973,58.14939309842325,29.612884123476825
18,2020-10-16,27950.0,-100.0,1591701,415382,272722,142660,319708,933498,-613790,471130,856611,385481,53.81733127013176,24.63963572449336,24.218179168072396,-33.93121393035086
19,2020-10-15,28050.0,100.0,1332326,362294,242831,119463,288390,614992,-326602,207139,681642,474503,51.16180274197156,-2.655528528160197,35.614631854365975,11.396452686293578
20,2020-10-14,27950.0,-400.0,2222501,291062,435034,-143972,462252,1382820,-920568,1064540,1469187,404647,66.10512211243099,14.943319370459427,18.206830953056937,-17.407800901309038
21,2020-10-13,28350.0,-100.0,1886424,298257,528818,-230561,206761,999762,-793001,1023562,1381406,357844,73.22881812360318,7.123696011172186,18.969436351530728,0.7626053984737915
22,2020-10-12,28450.0,100.0,2396584,493837,335672,158165,729224,1600165,-870941,712776,1173523,460747,48.96648730025737,-24.262330823345806,19.225155471287465,0.255719119756737
23,2020-10-08,28350.0,-150.0,2335648,544594,743602,-199008,674903,1290455,-615552,814560,1116151,301591,47.7876375207223,-1.1788497795350708,12.912519352231158,-6.312636119056307
24,2020-10-07,28500.0,150.0,1520212,554084,225075,329009,420850,856890,-436040,107031,545278,438247,35.86854991277532,-11.919087607946977,28.828018723704325,15.915499371473167
25,2020-10-06,28350.0,-200.0,2128923,514424,485246,29178,342023,1088147,-746124,716946,1272476,555530,59.77087945407138,23.902329541296055,26.094414875502775,-2.7336038482015503
26,2020-10-05,28550.0,950.0,3155972,603786,542545,61241,991223,1548667,-557444,496203,1560963,1064760,49.460609916691276,-10.310269537380101,33.73794190822986,7.643527032727082
27,2020-09-29,27600.0,100.0,1715571,404086,317548,86538,674905,1054597,-379692,293154,636580,343426,37.106013100011594,-12.354596816679681,20.018174706846874,-13.719767201382982
28,2020-09-28,27500.0,150.0,1193407,318988,238558,80430,427286,714478,-287192,206762,447133,240371,37.46693290721439,0.3609198072027979,20.14157785231694,0.12340314547006415
29,2020-09-25,27350.0,150.0,1927889,381991,271322,110669,947269,1315568,-368299,257630,598629,340999,31.05100967949918,-6.415923227715211,17.68768845094297,-2.453889401373967
30,2020-09-24,27200.0,-400.0,1870808,402719,345412,57307,844280,952470,-108190,50883,623809,572926,33.34436243591005,2.2933527564108687,30.624521597085323,12.936833146142352
31,2020-09-23,27600.0,0.0,1771865,337437,435665,-98228,543250,867859,-324609,422837,891178,468341,50.29604399883738,16.951681562927334,26.432092738442265,-4.1924288586430585
32,2020-09-22,27600.0,-550.0,2362160,273149,516848,-243699,268456,1107548,-839092,1082791,1820555,737764,77.0716208893555,26.775576890518117,31.232600670572698,4.800507932130433
33,2020-09-21,28150.0,-200.0,1366916,314671,199300,115371,232322,682789,-450467,335096,819923,484827,59.983422536571375,-17.088198352784126,35.468675470914086,4.236074800341388
34,2020-09-18,28350.0,-200.0,2219918,311450,256045,55405,470771,1556535,-1085764,1030359,1437697,407338,64.7635182921171,4.780095755545723,18.349236323143465,-17.11943914777062
35,2020-09-17,28550.0,-150.0,1612471,349571,387893,-38322,266434,729103,-462669,500991,996466,495475,61.79745248131594,-2.9660658108011546,30.727684404866817,12.378448081723352
36,2020-09-16,28700.0,-50.0,1244882,227979,367002,-139023,201112,392643,-191531,330554,815791,485237,65.53159255254715,3.7341400712312094,38.9785537906404,8.25086938577358
37,2020-09-15,28750.0,0.0,1471145,250242,416136,-165894,255769,593430,-337661,503555,965134,461579,65.60427422177963,0.07268166923248032,31.375493238259995,-7.603060552380402
38,2020-09-14,28750.0,300.0,2004641,320879,315867,5012,259243,1008409,-749166,744154,1424519,680365,71.06105282691514,5.456778605135511,33.93949340555242,2.5640001672924235
39,2020-09-11,28450.0,-50.0,1732675,290874,297989,-7115,408378,1080177,-671799,678914,1033423,354509,59.64321064250364,-11.417842184411505,20.46021325407246,-13.479280151479959
40,2020-09-10,28500.0,100.0,1994874,474591,863963,-389372,551565,584454,-32889,422261,968718,546457,48.5603602032008,-11.082850439302838,27.393058408701503,6.932845154629042
41,2020-09-09,28400.0,-650.0,4212332,520561,709341,-188780,482030,2786325,-2304295,2493075,3209741,716666,76.19867094996312,27.638310746762315,17.01352125141133,-10.379537157290173
42,2020-09-08,29050.0,-50.0,2761485,501933,551354,-49421,422700,1655142,-1232442,1281863,1836852,554989,66.51681975458857,-9.681851195374549,20.097483781371256,3.0839625299599263
43,2020-09-07,29100.0,-550.0,3761770,348578,621917,-273339,365787,2125315,-1759528,2032867,3047405,1014538,81.00987035358355,14.493050598994984,26.96969777524942,6.872213993878162
44,2020-09-04,29650.0,-350.0,2284285,327597,779444,-451847,292577,854587,-562010,1013857,1664111,650254,72.85041052232974,-8.159459831253812,28.46641290381892,1.4967151285695017
45,2020-09-03,30000.0,-200.0,1618528,412672,511193,-98521,298898,645241,-346343,444864,906958,462094,56.03597837046996,-16.814432151859776,28.550262954981314,0.08385005116239341
46,2020-09-02,30200.0,150.0,1293580,381933,349720,32213,264742,562008,-297266,265053,646905,381852,50.00889005705097,-6.027088313418993,29.5190092611203,0.9687463061389856
47,2020-09-01,30050.0,400.0,1751652,506969,524099,-17130,669015,647178,21837,-4707,575668,580375,32.86429039558086,-17.14459966147011,33.133008154587785,3.6139988934674854
48,2020-08-31,29650.0,-650.0,3547431,720679,688805,31874,646337,2241151,-1594814,1562940,2180415,617475,61.464620453505646,28.600330057924786,17.40625821897593,-15.726749935611856
49,2020-08-28,30300.0,300.0,2354079,769470,548104,221366,628154,825790,-197636,-23730,956455,980185,40.629689997659376,-20.83493045584627,41.637727535906826,24.231469316930898
50,2020-08-27,30000.0,-700.0,2229578,264402,674790,-410388,324053,991171,-667118,1077506,1641123,563617,73.60688883725979,32.97719883960041,25.27908868853209,-16.358638847374735
51,2020-08-26,30700.0,-700.0,1469718,314775,680221,-365446,266022,481797,-215775,581221,888921,307700,60.482419076312596,-13.124469760947193,20.935989080898512,-4.3430996076335795
52,2020-08-25,31400.0,700.0,1377196,513514,591838,-78324,261882,180579,81303,-2979,601800,604779,43.697483873028965,-16.78493520328363,43.91379295321799,22.97780387231948
53,2020-08-24,30700.0,-50.0,1091079,470699,428997,41702,45356,368610,-323254,281552,575024,293472,52.70232494622296,9.004841073193994,26.89741072827907,-17.016382224938923
54,2020-08-21,30750.0,500.0,1344811,499557,561263,-61706,228376,169952,58424,3282,616878,613596,45.87098112671595,-6.831343819507012,45.62693196293011,18.72952123465104
55,2020-08-20,30250.0,-1150.0,1790921,556522,678655,-122133,308406,265785,42621,79512,925993,846481,51.704849069277756,5.83386794256181,47.26512224715663,1.6381902842265248
56,2020-08-19,31400.0,-200.0,1456392,363526,375733,-12207,512202,564397,-52195,64402,580664,516262,39.87003499057946,-11.834814078698294,35.44801124971848,-11.81711099743815
57,2020-08-18,31600.0,-1100.0,2923648,719693,597904,121789,1131935,894441,237494,-359283,1072020,1431303,36.66720480714505,-3.202830183434415,48.956064478350335,13.508053228631852
58,2020-08-14,32700.0,-1100.0,2294223,732732,727691,5041,185623,489451,-303828,298787,1375868,1077081,59.970979281438645,23.303774474293597,46.94752864041551,-2.008535837934822
59,2020-08-13,33800.0,0.0,3437220,1079937,966972,112965,774490,551105,223385,-336350,1582793,1919143,46.04863814361606,-13.922341137822585,55.83416249178115,8.886633851365637
60,2020-08-12,33800.0,950.0,4929263,992993,1120405,-127412,1356241,1099159,257082,-129670,2580029,2709699,52.34107005448888,6.292431910872821,54.97168643669449,-0.8624760550866597
61,2020-08-11,32850.0,2000.0,5025552,1356344,655481,700863,1181239,234132,947107,-1647970,2487969,4135939,49.50638258245064,-2.8346874720382402,82.29820326204961,27.32651682535512
62,2020-08-10,30850.0,650.0,2038273,606212,521230,84982,508927,156601,352326,-437308,923134,1360442,45.29000776637869,-4.216374816071948,66.74483741873635,-15.553365843313259
63,2020-08-07,30200.0,-500.0,1604496,342345,571312,-228967,175410,476421,-301011,529978,1086741,556763,67.73098842253268,22.440980656153982,34.70017999421625,-32.0446574245201
64,2020-08-06,30700.0,700.0,2473278,861291,675411,185880,532928,191094,341834,-527714,1079059,1606773,43.6286984317978,-24.102289990734874,64.96532132659571,30.265141332379464
65,2020-08-05,30000.0,-200.0,1295186,305365,460894,-155529,215529,334784,-119255,274784,774292,499508,59.782301538157455,16.153603106359654,38.56650704995267,-26.398814276643044
66,2020-08-04,30200.0,300.0,1274251,419641,514015,-94374,370459,255885,114574,-20200,484151,504351,37.994947620209835,-21.78735391794762,39.580192599417224,1.0136855494645545
67,2020-08-03,29900.0,-200.0,1649493,345444,577150,-231706,420645,682232,-261587,493293,883404,390111,53.55609269029939,15.561145070089552,23.650358019100416,-15.929834580316808
68,2020-07-31,30100.0,-850.0,2110091,411702,534576,-122874,448964,1057059,-608095,730969,1249425,518456,59.21190128766959,5.6558085973702035,24.570314739980407,0.9199567208799913
69,2020-07-30,30950.0,-100.0,1905955,443622,609540,-165918,394029,475874,-81845,247763,1068304,820541,56.0508511481121,-3.1610501395574886,43.05143615667736,18.481121416696954
70,2020-07-29,31050.0,300.0,1461720,408671,503710,-95039,395654,207595,188059,-93020,657395,750415,44.974071641627674,-11.076779506484428,51.33780751443505,8.286371357757687
71,2020-07-28,30750.0,250.0,1723733,406245,624427,-218182,800824,382791,418033,-199851,516664,716515,29.973551588326035,-15.000520053301639,41.567632574186376,-9.770174940248673
72,2020-07-27,30500.0,0.0,1240217,325079,300000,25079,400341,380501,19840,-44919,514797,559716,41.508623087733845,11.53507149940781,45.13048926115349,3.562856686967116
73,2020-07-24,30500.0,0.0,1214228,326976,370557,-43581,365331,381380,-16049,59630,521921,462291,42.98377240518255,1.4751493174487038,38.072833108773644,-7.057656152379849
74,2020-07-23,30500.0,50.0,1496348,308332,609327,-300995,558121,250464,307657,-6662,629895,636557,42.0954884826257,-0.8882839225568517,42.54070577165205,4.467872662878406
75,2020-07-22,30450.0,50.0,2739196,451349,620123,-168774,871658,577780,293878,-125104,1416189,1541293,51.700900556221605,9.605412073595907,56.26808012278055,13.727374351128503
76,2020-07-21,30400.0,-50.0,1730397,490471,468933,21538,259294,561980,-302686,281148,980632,699484,56.67092580488755,4.970025248665948,40.42332482083591,-15.844755301944645
77,2020-07-20,30450.0,700.0,1742844,473638,450294,23344,439638,205935,233703,-257047,829568,1086615,47.59852287410692,-9.072402930780633,62.34723245453983,21.92390763370392
78,2020-07-17,29750.0,-300.0,1027988,267036,307561,-40525,188115,398016,-209901,250426,572837,322411,55.724094055572635,8.125571181465716,31.363303851795937,-30.98392860274389
79,2020-07-16,30050.0,250.0,1622128,466753,510480,-43727,426039,332142,93897,-50170,729336,779506,44.96167996606926,-10.762414089503373,48.054530838503496,16.69122698670756
80,2020-07-15,29800.0,400.0,1810430,642754,542519,100235,510569,503995,6574,-106809,657107,763916,36.29563142457869,-8.666048541490575,42.19527957446573,-5.859251264037766
81,2020-07-14,29400.0,-200.0,1493337,532994,591612,-58618,465266,506557,-41291,99909,495077,395168,33.15239627759843,-3.1432351469802597,26.462077883290913,-15.733201691174816
82,2020-07-13,29600.0,600.0,1498269,530189,456784,73405,325964,508233,-182269,108864,642116,533252,42.85719053120635,9.704794253607922,35.591205584577935,9.129127701287022
83,2020-07-10,29000.0,-800.0,1721373,285370,625652,-340282,219753,755754,-536001,876283,1216250,339967,70.6558078928855,27.798617361679156,19.749757896748697,-15.841447687829238
84,2020-07-09,29800.0,-200.0,2614486,521681,1795974,-1274293,1748378,535053,1213325,60968,344427,283459,13.173794007694056,-57.48201388519145,10.841863371997402,-8.907894524751296
85,2020-07-08,30000.0,-150.0,1143131,491189,644626,-153437,392131,275384,116747,36690,259811,223121,22.72801629909433,9.554222291400276,19.518410400907683,8.676547028910282
86,2020-07-07,30150.0,-150.0,1604570,596826,620749,-23923,655298,566715,88583,-64660,352446,417106,21.965137077223183,-0.7628792218711489,25.99487713219118,6.476466731283498
87,2020-07-06,30300.0,250.0,1494743,583454,436489,146965,296567,194928,101639,-248604,614722,863326,41.12559817975398,19.160461102530796,57.75748740753427,31.76261027534309
88,2020-07-03,30050.0,150.0,1038768,406475,393843,12632,188766,310687,-121921,109289,443527,334238,42.69740692820726,1.5718087484532788,32.17638587249511,-25.58110153503916
89,2020-07-02,29900.0,200.0,1348055,454538,455082,-544,477814,549428,-71614,72158,415703,343545,30.837243287551324,-11.860163640655934,25.48449432701188,-6.69189154548323
90,2020-07-01,29700.0,950.0,1553814,494031,506751,-12720,612433,212047,400386,-387666,447350,835016,28.790447247868794,-2.0467960396825298,53.739765506038694,28.255271179026813
91,2020-06-30,28750.0,-250.0,1616827,452832,460110,-7278,354668,731408,-376740,384018,809327,425309,50.05649955128162,21.266052303412824,26.305164374419775,-27.43460113161892
92,2020-06-29,29000.0,-700.0,1720011,443572,602472,-158900,389210,644552,-255342,414242,887229,472987,51.582751505658976,1.5262519543773578,27.499068319911906,1.1939039454921314
93,2020-06-26,29700.0,400.0,1435162,363066,541037,-177971,313900,376201,-62301,240272,758196,517924,52.82999410519509,1.247242599536115,36.088190740836225,8.589122420924319
94,2020-06-25,29300.0,-900.0,1754512,287566,791146,-503580,125388,495946,-370558,874138,1341558,467420,76.46331287560302,23.633318770407932,26.64102610868435,-9.447164632151875
95,2020-06-24,30200.0,400.0,1606503,493995,533565,-39570,422916,565679,-142763,182333,689592,507259,42.925036554553586,-33.53827632104944,31.575353422931673,4.934327314247323
96,2020-06-23,29800.0,-250.0,2110173,623652,683927,-60275,397652,777869,-380217,440492,1088869,648377,51.60093508920832,8.675898534654735,30.726248511377978,-0.8491049115536953
97,2020-06-22,30050.0,-750.0,1835595,395594,555434,-159840,360283,887749,-527466,687306,1079718,392412,58.82114518725536,7.2202100980470405,21.377918331658126,-9.348330179719852
98,2020-06-19,30800.0,50.0,3816952,768234,777555,-9321,2241667,2414772,-173105,182426,807051,624625,21.14386033672941,-37.67728485052595,16.364497117071423,-5.013421214586703
99,2020-06-18,30750.0,-250.0,2559738,825991,810056,15935,831360,1089699,-258339,242404,902387,659983,35.25310012196561,14.109239785236198,25.783224689401806,9.418727572330383
100,2020-06-17,31000.0,-1000.0,3674507,1019447,1076294,-56847,783723,1801171,-1017448,1074295,1871337,797042,50.92756660961592,15.674466487650314,21.691127544456982,-4.092097144944823
101,2020-06-16,32000.0,2500.0,2692975,1042686,728666,314020,720793,489199,231594,-545614,929496,1475110,34.515582209266704,-16.41198440034922,54.77622332179095,33.08509577733397
102,2020-06-15,29500.0,-1650.0,2915712,739592,864409,-124817,364820,1028586,-663766,788583,1811300,1022717,62.12204771939067,27.606465510123968,35.07606375389613,-19.700159567894822
103,2020-06-12,31150.0,-1350.0,2612741,675416,872958,-197542,281997,623778,-341781,539323,1655328,1116005,63.355992806022485,1.2339450866318131,42.713954425639585,7.637890671743456
104,2020-06-11,32500.0,-700.0,3142543,823635,1599685,-776050,779498,580019,199479,576571,1539410,962839,48.98612365845113,-14.369869147571357,30.638848855847,-12.075105569792584
105,2020-06-10,33200.0,-1350.0,3567491,635000,655773,-20773,1192791,2213182,-1020391,1041164,1739700,698536,48.76536478998826,-0.22075886846286608,19.58059599870049,-11.058252857146513
106,2020-06-09,34550.0,-200.0,2215013,557960,721230,-163270,703065,600089,102976,60294,953988,893694,43.069182889671524,-5.696181900316738,40.34712211621331,20.766526117512825
107,2020-06-08,34750.0,-250.0,2167980,641400,694675,-53275,451444,530704,-79260,132535,1075136,942601,49.59160139853689,6.522418508865364,43.47830699545199,3.131184879238674
108,2020-06-05,35000.0,350.0,2397235,816199,685099,131100,480754,637854,-157100,26000,1100282,1074282,45.897961609938115,-3.693639788598773,44.813378746764506,1.335071751312519
109,2020-06-04,34650.0,-1100.0,5239661,1317881,1380334,-62453,1045197,1399839,-354642,417095,2876583,2459488,54.90017388529525,9.002212275357138,46.93983064934926,2.126451902584755
110,2020-06-03,35750.0,3750.0,7122912,2001208,1400820,600388,2078710,694748,1383962,-1984350,3042994,5027344,42.72120728151632,-12.178966603778932,70.5798976598335,23.640067010484245
111,2020-06-02,32000.0,1300.0,3416978,827727,711215,116512,651801,598581,53220,-169732,1937450,2107182,56.70068698130336,13.979479699787042,61.668000203688756,-8.91189745614475
112,2020-06-01,30700.0,550.0,1491022,438685,387308,51377,226121,338599,-112478,61101,826216,765115,55.412730328593405,-1.2879566527099584,51.314802866758505,-10.35319733693025
113,2020-05-29,30150.0,-100.0,3659314,615540,681186,-65646,2212227,1985610,226617,-160971,831547,992518,22.72412260877312,-32.68860771982028,27.123061863507754,-24.19174100325075
114,2020-05-28,30250.0,500.0,4274477,1137701,964175,173526,969029,637290,331739,-505265,2167747,2673012,50.713736440738835,27.989613831965716,62.53424687979372,35.41118501628597
115,2020-05-27,29750.0,50.0,2389784,663436,589485,73951,511622,677165,-165543,91592,1214726,1123134,50.82994948497438,0.11621304423554335,46.99730184820051,-15.536945031593213
116,2020-05-26,29700.0,500.0,2120032,627254,440576,186678,422925,489660,-66735,-119943,1069853,1189796,50.464002430152,-0.365947054822378,56.1216057116119,9.124303863411392
117,2020-05-25,29200.0,150.0,1101720,314630,378696,-64066,126242,307908,-181666,245732,660848,415116,59.983298841810985,9.519296411658985,37.6789020803834,-18.442703631228497
118,2020-05-22,29050.0,-400.0,1821607,345683,489685,-144002,375969,777513,-401544,545546,1099955,554409,60.38377103293959,0.4004721911286069,30.435159724353277,-7.2437423560301255
119,2020-05-21,29450.0,-400.0,2434220,779215,640682,138533,402746,1281988,-879242,740709,1252259,511550,51.44395329920878,-8.939817733730813,21.014945239132043,-9.420214485221234
120,2020-05-20,29850.0,-600.0,1626202,593024,321907,271117,238942,905405,-666463,395346,794236,398890,48.83993501422332,-2.6040182849854574,24.52893305997656,3.513987820844516
121,2020-05-19,30450.0,1500.0,2602771,1080800,347150,733650,512688,424686,88002,-821652,1009283,1830935,38.77724932389365,-10.062685690329673,70.34560474202301,45.816671682046454
122,2020-05-18,28950.0,-400.0,1441040,767691,519703,247988,114907,550476,-435569,187581,558442,370861,38.75270637872647,-0.02454294516717681,25.73564925331705,-44.609955488705964
123,2020-05-15,29350.0,450.0,1743880,930335,454593,475742,308632,532360,-223728,-252014,504913,756927,28.953425694428514,-9.799280684297958,43.4047640892722,17.66911483595515
124,2020-05-14,28900.0,-550.0,1665449,775048,629979,145069,310160,763282,-453122,308053,580241,272188,34.8399140411985,5.886488346769983,16.343220356792674,-27.061543732479524
125,2020-05-13,29450.0,550.0,1617461,805301,509320,295981,288547,581517,-292970,-3011,523613,526624,32.37252706556758,-2.467386975630916,32.5586830223418,16.21546266554913
126,2020-05-12,28900.0,-650.0,1825245,705467,616825,88642,331216,752727,-421511,332869,788562,455693,43.20307684721777,10.830549781650191,24.9661278348934,-7.592555187448404
127,2020-05-11,29550.0,-500.0,1445854,628335,515321,113014,187992,385067,-197075,84061,629527,545466,43.54014997364879,0.33707312643101517,37.72621578665619,12.760087951762792
128,2020-05-08,30050.0,0.0,1488251,683001,439486,243515,262000,598993,-336993,93478,543250,449772,36.502579202029764,-7.0375707716190234,30.221515053576315,-7.504700733079876
129,2020-05-07,30050.0,150.0,1969529,1164401,482327,682074,376961,786775,-409814,-272260,428167,700427,21.739563113820616,-14.763016088209149,35.56317271794424,5.341657664367926
130,2020-05-06,29900.0,100.0,2262364,997829,432734,565095,379382,1314504,-935122,370027,885153,515126,39.12513636178794,17.385573247967322,22.769368678073025,-12.793804039871215
131,2020-05-04,29800.0,-750.0,2946737,928401,983034,-54633,1095635,1272921,-177286,231919,922701,690782,31.312634958599972,-7.812501403187966,23.442268515989042,0.6728998379160167
132,2020-04-29,30550.0,450.0,2223561,938838,375251,563587,481578,718116,-236538,-327049,803145,1130194,36.11976464778794,4.807129689187967,50.828108605970336,27.385840089981293
133,2020-04-28,30100.0,100.0,3284884,674504,553097,121407,642506,1014878,-372372,250965,1967874,1716909,59.90695561852413,23.78719097073619,52.26695980740872,1.438851201438382
134,2020-04-27,30000.0,2850.0,5258451,1465563,805012,660551,1505507,468154,1037353,-1697904,2287381,3985285,43.4991407165342,-16.40781490198993,75.78819313900614,23.521233331597422
135,2020-04-24,27150.0,-350.0,1759625,385619,553457,-167838,519572,795176,-275604,443442,854434,410992,48.55773247140726,5.0585917548730635,23.35679477161327,-52.43139836739287
136,2020-04-23,27500.0,-100.0,2055080,542590,559212,-16622,605041,1136155,-531114,547736,907449,359713,44.156383206493174,-4.401349264914089,17.503600833057593,-5.853193938555677
137,2020-04-22,27600.0,-100.0,1498460,406279,725113,-318834,278221,382044,-103823,422657,813960,391303,54.31976829545,10.163385088956822,26.11367670808697,8.610075875029377
138,2020-04-21,27700.0,-500.0,2552022,694490,847860,-153370,792102,1081298,-289196,442566,1065430,622864,41.74846455085419,-12.57130374459581,24.406686149257332,-1.706990558829638
139,2020-04-20,28200.0,-300.0,1979063,360971,673045,-312074,342020,731760,-389740,701814,1276072,574258,64.47859416299532,22.730129612141134,29.016660914786442,4.60997476552911
140,2020-04-17,28500.0,450.0,2377650,534111,399001,135110,813333,882810,-69477,-65633,1030206,1095839,43.32874897482809,-21.149845188167234,46.0891636700103,17.07250275522386
141,2020-04-16,28050.0,-1000.0,2608005,380030,594684,-214654,975909,1631550,-655641,870295,1252066,381771,48.00857360319478,4.6798246283666955,14.638430524481356,-31.450733145528943
142,2020-04-14,29050.0,550.0,1524629,389695,398733,-9038,595470,504357,91113,-82075,539464,621539,35.38329652656482,-12.625277076629963,40.766573376211525,26.128142851730168
143,2020-04-13,28500.0,-550.0,1725434,520964,786032,-265068,148532,292167,-143635,408703,1055938,647235,61.19839993879801,25.815103412233192,37.51143190640732,-3.255141469804208
144,2020-04-10,29050.0,950.0,2806027,1091358,722961,368397,216904,446984,-230080,-138317,1497765,1636082,53.3767137664748,-7.821686172323211,58.30599634287197,20.794564436464654
145,2020-04-09,28100.0,250.0,1761149,645251,779943,-134692,451807,526062,-74255,208947,664091,455144,37.7078259704318,-15.668887796043002,25.84358279736695,-32.46241354550502
146,2020-04-08,27850.0,-650.0,2368197,432687,796596,-363909,960032,1073229,-113197,477106,975478,498372,41.19074553341635,3.4829195629845486,21.04436413018005,-4.799218667186899
147,2020-04-07,28500.0,1150.0,2830469,740127,682041,58086,1199292,866823,332469,-390555,891050,1281605,31.48064861335701,-9.710096920059339,45.27889194334932,24.234527813169272
148,2020-04-06,27350.0,800.0,2180878,777531,378912,398619,424338,960655,-536317,137698,979009,841311,44.89058993671356,13.409941323356552,38.57671084764943,-6.702181095699892
149,2020-04-03,26550.0,-200.0,1925601,551925,637941,-86016,684053,773653,-89600,175616,689623,514007,35.813390209082776,-9.077199727630784,26.693328472513254,-11.883382375136176
150,2020-04-02,26750.0,0.0,2900222,864741,747892,116849,878371,1577982,-699611,582762,1157110,574348,39.89729062120072,4.083900412117941,19.803587449512484,-6.88974102300077
151,2020-04-01,26750.0,-1850.0,2216202,755105,960862,-205757,584340,899210,-314870,520627,876757,356130,39.561240356249115,-0.3360502649516022,16.06938356702142,-3.734203882491066
152,2020-03-31,28600.0,1100.0,3312454,886464,1078495,-192031,1621596,1253073,368523,-176492,804394,980886,24.283929678721577,-15.277310677527538,29.612064046776197,13.542680479754779
153,2020-03-30,27500.0,-900.0,2380561,898413,858351,40062,441282,877043,-435761,395699,1040866,645167,43.72355927867423,19.439629599952653,27.10146893946427,-2.5105951073119286
154,2020-03-27,28400.0,1050.0,3397588,1235063,905863,329200,597056,1503610,-906554,577354,1565469,988115,46.07589266267717,2.3523333840029395,29.08283758948996,1.98136865002569
155,2020-03-26,27350.0,0.0,3837880,1196118,940600,255518,1104101,1706069,-601968,346450,1537661,1191211,40.06537463391247,-6.0105180287647,31.038255495221318,1.955417905731359
156,2020-03-25,27350.0,3400.0,3088695,1135973,724625,411348,670224,1071952,-401728,-9620,1282498,1292118,41.52232577188748,1.456951137975011,41.833784170984835,10.795528675763517
157,2020-03-24,23950.0,1750.0,2261390,888850,787209,101641,531677,846656,-314979,213338,840863,627525,37.18345796169613,-4.338867810191353,27.749525734172348,-14.084258436812487
158,2020-03-23,22200.0,-2000.0,2185885,690247,1061452,-371205,524986,713154,-188168,559373,970652,411279,44.40544676412529,7.221988802429159,18.81521672000128,-8.934309014171067
159,2020-03-20,24200.0,1750.0,3288066,1001737,1273599,-271862,1096616,1334318,-237702,509564,1189713,680149,36.18275910520044,-8.222687658924848,20.68538161946871,1.8701648994674294
160,2020-03-19,22450.0,-1950.0,3227344,1062878,899034,163844,1167821,1659797,-491976,328132,996645,668513,30.881275748727127,-5.301483356473312,20.71402986480524,0.02864824533653021
161,2020-03-18,24400.0,-800.0,2406967,645080,726170,-81090,806262,1093631,-287369,368459,955625,587166,39.70245541380501,8.821179665077885,24.394434988099132,3.680405123293891
162,2020-03-17,25200.0,-1600.0,3565928,711810,642619,69191,1389886,2340251,-950365,881174,1464232,583058,41.06173764585264,1.3592822320476259,16.350806858691485,-8.043628129407647
163,2020-03-16,26800.0,-700.0,2154315,422111,697374,-275263,918909,1061363,-142454,417717,813295,395578,37.75190721876792,-3.3098304270847194,18.36212438756635,2.0113175288748657
164,2020-03-13,27500.0,-1600.0,4971131,1161246,1123768,37478,2288887,3103964,-815077,777599,1520998,743399,30.596618757381368,-7.155288461386551,14.954323271706176,-3.407801115860174
165,2020-03-12,29100.0,-1250.0,3444605,1159511,1135439,24072,1540302,1916784,-376482,352410,744792,392382,21.62198568486082,-8.974633072520547,11.391204506757669,-3.5631187649485074
166,2020-03-11,30350.0,200.0,2667358,637629,1197451,-559822,1365947,1008367,357580,202242,663782,461540,24.885373466928698,3.263387782067877,17.303264128774615,5.912059622016946
167,2020-03-10,30150.0,100.0,2142638,963646,671823,291823,684305,1130028,-445723,153900,494687,340787,23.087754441020834,-1.7976190259078635,15.905019886700414,-1.3982442420742007
168,2020-03-09,30050.0,-1850.0,2147355,674446,643276,31170,693651,1150186,-456535,425365,779258,353893,36.28920229771044,13.201447856689605,16.480414277099037,0.575394390398623
169,2020-03-06,31900.0,-850.0,1990965,332769,577714,-244945,1015625,1259659,-244034,488979,642571,153592,32.27434937329385,-4.014852924416587,7.714450028001497,-8.76596424909754
170,2020-03-05,32750.0,-400.0,2369004,502066,685026,-182960,1202906,1472966,-270060,453020,664032,211012,28.03000754747565,-4.2443418258182035,8.90720319594226,1.1927531679407632
171,2020-03-04,33150.0,1100.0,2272463,745126,794717,-49591,1138840,1134032,4808,44783,388497,343714,17.09585590612476,-10.934151641350887,15.125174755320547,6.217971559378286
172,2020-03-03,32050.0,-150.0,1761429,610378,691943,-81565,819656,897785,-78129,159694,331395,171701,18.813985690027813,1.718129783903052,9.747824067844915,-5.377350687475632
173,2020-03-02,32200.0,-100.0,2163670,840939,693968,146971,891098,1231835,-340737,193766,431633,237867,19.94911423645935,1.1351285464315382,10.993682030993636,1.2458579631487208
174,2020-02-28,32300.0,-1200.0,3505067,911335,563795,347540,2004350,2543506,-539156,191616,589382,397766,16.815142192717,-3.13397204374235,11.348313741220924,0.354631710227288
175,2020-02-27,33500.0,-650.0,2489863,694078,505839,188239,1218272,1831117,-612845,424606,577513,152907,23.194569339758857,6.379427147041856,6.141181261780266,-5.2071324794406575
176,2020-02-26,34150.0,-50.0,2480717,776605,799343,-22738,1347581,1470147,-122566,145304,356531,211227,14.372094841934812,-8.822474497824045,8.514756016103409,2.3735747543231422
177,2020-02-25,34200.0,200.0,2156551,780889,682998,97891,909661,1202606,-292945,195054,466001,270947,21.608624141047443,7.236529299112631,12.563904122833172,4.049148106729763
178,2020-02-24,34000.0,-1650.0,2434887,604769,649591,-44822,1063365,1455873,-392508,437330,766753,329423,31.490290925205155,9.881666784157712,13.529293145842086,0.9653890230089139
179,2020-02-21,35650.0,-550.0,1481281,372963,561242,-188279,757276,702831,54445,133834,351042,217208,23.698542005196856,-7.791748920008299,14.663524341431506,1.13423119558942
180,2020-02-20,36200.0,-350.0,1264239,328743,564874,-236131,592105,556397,35708,200423,343391,142968,27.16187366471055,3.4633316595136954,11.30862123380152,-3.354903107629985
181,2020-02-19,36550.0,100.0,2347513,463469,475231,-11762,1557673,1636377,-78704,90466,326371,235905,13.902841006631272,-13.25903265807928,10.049145627734543,-1.259475606066978
182,2020-02-18,36450.0,-450.0,1335554,292518,612506,-319988,599011,542317,56694,263294,444025,180731,33.24650294933788,19.34366194270661,13.532286976041402,3.4831413483068587
183,2020-02-17,36900.0,-850.0,2254735,436849,476452,-39603,930208,1491855,-561647,601250,887678,286428,39.369504620276885,6.123001670939004,12.703399734336852,-0.8288872417045496
184,2020-02-14,37750.0,-150.0,1047254,389379,386038,3341,367904,521380,-153476,150135,289971,139836,27.688698252763892,-11.680806367512993,13.352634604403516,0.6492348700666639
185,2020-02-13,37900.0,-550.0,1738102,463300,503207,-39907,745945,1135064,-389119,429026,528857,99831,30.427270666508637,2.7385724137447447,5.7436790245911915,-7.608955579812324
186,2020-02-12,38450.0,-50.0,1616452,420494,435234,-14740,876915,1071125,-194210,208950,319043,110093,19.73723933652221,-10.690031329986425,6.810780647987073,1.0671016233958817
187,2020-02-11,38500.0,350.0,1326970,340652,504651,-163999,787703,618429,169274,-5275,198615,203890,14.967557668975184,-4.769681667547028,15.365079843553358,8.554299195566285
188,2020-02-10,38150.0,-1000.0,1774106,322331,538614,-216283,710024,1129111,-419087,635370,741751,106381,41.8098467622566,26.842289093281416,5.996315890933237,-9.368763952620121
189,2020-02-07,39150.0,-650.0,1448392,286381,552921,-266540,589833,810246,-220413,486953,572178,85225,39.504360697932604,-2.3054860643239934,5.884111483631503,-0.11220440730173387
190,2020-02-06,39800.0,550.0,1482420,623235,359954,263281,471536,847295,-375759,112478,387649,275171,26.1497416386719,-13.354619059260703,18.562283293533547,12.678171809902043
191,2020-02-05,39250.0,350.0,1495014,347453,564653,-217200,745603,799509,-53906,271106,401958,130852,26.886570961877283,0.7368293232053809,8.752560176693997,-9.80972311683955
192,2020-02-04,38900.0,-400.0,1734995,331152,762635,-431483,903960,905018,-1058,432541,499883,67342,28.811783319260286,1.9252123573830033,3.8813944708774377,-4.871165705816559
193,2020-02-03,39300.0,150.0,1508584,543401,625539,-82138,846919,779383,67536,14602,118264,103662,7.839404368599959,-20.972378950660328,6.8714768286021854,2.9900823577247477
194,2020-01-31,39150.0,-750.0,1285828,482566,431494,51072,574585,775360,-200775,149703,228677,78974,17.784415956099885,9.945011587499927,6.14187900714559,-0.7295978214565952
195,2020-01-30,39900.0,100.0,1064052,318311,520705,-202394,573471,475807,97664,104730,172270,67540,16.189998233169057,-1.594417722930828,6.347434147955175,0.2055551408095848
196,2020-01-29,39800.0,-350.0,1001549,281456,648697,-367241,447827,308318,139509,227732,272266,44534,27.184491223095424,10.994492989926368,4.4465123523661845,-1.9009217955889905
197,2020-01-28,40150.0,-1050.0,1463667,636183,647720,-11537,526614,643546,-116932,128469,300870,172401,20.555905134159612,-6.628586088935812,11.778703762536152,7.332191410169967
198,2020-01-23,41200.0,200.0,894645,326081,569184,-243103,368258,272558,95700,147403,200306,52903,22.389439386572327,1.833534252412715,5.913295217656165,-5.865408544879987
199,2020-01-22,41000.0,-400.0,1166603,529095,365420,163675,411236,763437,-352201,188526,226272,37746,19.395801313728835,-2.993638072843492,3.2355479970478394,-2.6777472206083255
200,2020-01-21,41400.0,100.0,1333154,682048,299688,382360,564787,963111,-398324,15964,86319,70355,6.474795860043176,-12.921005453685659,5.277334801530806,2.0417868044829666
201,2020-01-20,41300.0,250.0,1139491,499938,470003,29935,540633,513524,27109,-57044,98920,155964,8.681069003616528,2.2062731435733527,13.687163830166277,8.409829028635471
202,2020-01-17,41050.0,-250.0,1370331,450830,511703,-60873,754930,777101,-22171,83044,164571,81527,12.009580167127504,3.328511163510976,5.949438493327524,-7.737725336838753
203,2020-01-16,41300.0,-200.0,1360022,399895,584153,-184258,740803,718067,22736,161522,219324,57802,16.12650383596736,4.1169236688398545,4.250078307556789,-1.6993601857707352
204,2020-01-15,41500.0,-350.0,1158426,593972,538150,55822,372422,559284,-186862,131040,192032,60992,16.576976000193365,0.45047216422600656,5.2650751968619485,1.0149968893051593
205,2020-01-14,41850.0,100.0,1200364,452524,498029,-45505,582408,614199,-31791,77296,165432,88136,13.781819514747193,-2.7951564854461726,7.342439460030457,2.0773642631685085
206,2020-01-13,41750.0,400.0,988398,315302,520441,-205139,576955,347345,229610,-24471,96141,120612,9.726952098243826,-4.054867416503367,12.202776614278864,4.860337154248407
207,2020-01-10,41350.0,-850.0,1405033,474828,561243,-86415,528422,686129,-157707,244122,401783,157661,28.595983154844053,18.869031056600228,11.221159930051465,-0.981616684227399
208,2020-01-09,42200.0,200.0,1254533,666235,649942,16293,450022,558253,-108231,91938,138276,46338,11.022109422390642,-17.57387373245341,3.693645364450357,-7.527514565601108
209,2020-01-08,42000.0,-750.0,1122496,329146,595405,-266259,613200,460073,153127,113132,180150,67018,16.049054963224812,5.02694554083417,5.970444438109356,2.2767990736589994
210,2020-01-07,42750.0,650.0,759544,295518,451713,-156195,397719,250588,147131,9064,66307,57243,8.72984316905933,-7.319211794165481,7.536495581559461,1.566051143450105
211,2020-01-06,42100.0,-650.0,719169,268039,526972,-258933,326926,142488,184438,74495,124204,49709,17.270488577789088,8.540645408729757,6.912005383991801,-0.6244901975676607
212,2020-01-03,42750.0,150.0,963717,225811,706227,-480416,591333,210505,380828,99588,146573,46985,15.209132971608884,-2.0613556061802036,4.875393917508979,-2.036611466482822
213,2020-01-02,42600.0,-750.0,772880,250479,509899,-259420,341909,195489,146420,113000,180492,67492,23.353172549425523,8.144039577816638,8.732532864092745,3.857138946583766
214,2019-12-30,43350.0,-750.0,1151434,332091,629330,-297239,513386,468792,44594,252645,305957,53312,26.571822614235813,3.2186500648102907,4.630052612655176,-4.1024802514375684
215,2019-12-27,44100.0,-1650.0,1181670,394203,879833,-485630,433650,219494,214156,271474,353817,82343,29.94211581913732,3.3702932049015075,6.968358340314978,2.338305727659802
216,2019-12-26,45750.0,200.0,550143,398980,215351,183629,25164,66737,-41573,-142056,125999,268055,22.902954322785167,-7.039161496352154,48.72460433014689,41.75624598983191
217,2019-12-24,45550.0,-250.0,731294,478773,435735,43038,139547,197010,-57463,14425,112974,98549,15.448506346284804,-7.454447976500363,13.475975462673015,-35.248628867473876
218,2019-12-23,45800.0,450.0,686108,431539,392475,39064,188348,212330,-23982,-15082,66221,81303,9.65168748943315,-5.796818856851653,11.849883691780303,-1.626091770892712
219,2019-12-20,45350.0,-100.0,1161672,498221,434791,63430,546314,655019,-108705,45275,117137,71862,10.083483117437625,0.43179562800447435,6.186083507220627,-5.663800184559675
220,2019-12-19,45450.0,150.0,940960,283733,474552,-190819,618682,395928,222754,-31935,38545,70480,4.096348410134331,-5.987134707303294,7.490222751232784,1.3041392440121564
221,2019-12-18,45300.0,950.0,1297107,286921,542780,-255859,961652,568770,392882,-137023,48534,185557,3.7417113622854554,-0.3546370478488754,14.305450514105623,6.815227762872839
222,2019-12-17,44350.0,-50.0,1546289,446216,885988,-439772,871655,586976,284679,155093,228418,73325,14.772012217638489,11.030300855353033,4.741998423321902,-9.56345209078372
223,2019-12-16,44400.0,-1250.0,1360019,540513,709428,-168915,650499,545244,105255,63660,169007,105347,12.426811684248529,-2.34520053338996,7.745994725073693,3.0039963017517914
224,2019-12-13,45650.0,1450.0,1384408,583180,468757,114423,724124,626423,97701,-212124,77104,289228,5.569456403025698,-6.857355281222831,20.89181801896551,13.145823293891816
225,2019-12-12,44200.0,550.0,2231245,1505872,1116005,389867,674966,1006001,-331035,-58832,50407,109239,2.259142317405753,-3.310314085619945,4.895876517370347,-15.995941501595162
226,2019-12-11,43650.0,-400.0,1118191,491735,324347,167388,552336,765650,-213314,45926,74120,28194,6.628563456511455,4.369421139105702,2.521393930017323,-2.374482587353024
227,2019-12-10,44050.0,-50.0,730172,275105,239332,35773,426527,437681,-11154,-24619,28540,53159,3.9086680946407144,-2.7198953618707407,7.2803394268747645,4.758945496857441
228,2019-12-09,44100.0,350.0,763089,307550,317160,-9610,405526,307858,97668,-88058,50013,138071,6.554019255945244,2.6453511613045295,18.093695492924155,10.81335606604939
229,2019-12-06,43750.0,350.0,601523,239737,239768,-31,347918,326568,21350,-21319,13868,35187,2.305481253418406,-4.248538002526837,5.8496516342683496,-12.244043858655806
230,2019-12-05,43400.0,50.0,1008145,269441,355142,-85701,683367,631315,52052,33649,55337,21688,5.488992158866036,3.1835109054476303,2.1512778419770964,-3.698373792291253
231,2019-12-04,43350.0,-100.0,1008097,306540,510581,-204041,632408,470764,161644,42397,69149,26752,6.859359763990964,1.3703676051249278,2.653712886755937,0.5024350447788408
232,2019-12-03,43450.0,-150.0,819497,340597,384864,-44267,430736,414719,16017,28250,48164,19914,5.87726373616987,-0.9820960278210942,2.430027199611469,-0.22368568714446813
233,2019-12-02,43600.0,50.0,602272,363519,250916,112603,208691,333519,-124828,12225,30062,17837,4.9914324424844585,-0.8858312936854116,2.9616186706338663,0.5315914710223972
234,2019-11-29,43550.0,-950.0,991502,445178,403409,41769,368108,554928,-186820,145051,178216,33165,17.974345992242075,12.982913549757615,3.3449251741297545,0.38330650349588824
235,2019-11-28,44500.0,-150.0,532711,329846,255670,74176,176013,230676,-54663,-19513,26852,46365,5.040631787216709,-12.933714205025366,8.70359350567193,5.358668331542177
236,2019-11-27,44650.0,-300.0,924878,350458,279763,70695,508027,571726,-63699,-6996,66393,73389,7.178568416591161,2.137936629374452,7.9349925071198575,-0.7686009985520732
237,2019-11-26,44950.0,600.0,2152647,555931,422093,133838,1557876,1570014,-12138,-121700,38840,160540,1.8042902528840075,-5.374278163707153,7.457794984500478,-0.4771975226193792
238,2019-11-25,44350.0,150.0,1182531,500985,314294,186691,587710,694898,-107188,-79503,93836,173339,7.935183094565808,6.130892841681801,14.658304940842989,7.20050995634251
239,2019-11-22,44200.0,600.0,883071,324225,388619,-64394,513504,410235,103269,-38875,45342,84217,5.134581477593534,-2.8006016169722736,9.536832259240763,-5.121472681602226
240,2019-11-21,43600.0,-600.0,1156886,534810,325926,208884,504721,794679,-289958,81074,117355,36281,10.144041850277382,5.009460372683848,3.136091196539676,-6.400741062701087
241,2019-11-20,44200.0,450.0,956873,268305,411212,-142907,570223,366164,204059,-61152,118345,179497,12.367889991670786,2.223848141393404,18.758706745827293,15.622615549287618
242,2019-11-19,43750.0,50.0,766646,263176,435853,-172677,364156,285412,78744,93933,139314,45381,18.171881155057225,5.8039911633864385,5.919420436550898,-12.839286309276396
243,2019-11-18,43700.0,-100.0,889814,312825,373647,-60822,487311,495492,-8181,69003,89678,20675,10.078286023820707,-8.093595131236517,2.323519297291344,-3.595901139259554
244,2019-11-15,43800.0,100.0,972681,583707,269932,313775,360992,508789,-147797,-165978,27982,193960,2.8767910548268136,-7.201494968993893,19.94076166800832,17.617242370716976
245,2019-11-14,43700.0,400.0,1036221,576677,403083,173594,416864,580581,-163717,-9877,42680,52557,4.118812492701847,1.242021437875033,5.071987539337651,-14.868774128670669
246,2019-11-13,43300.0,-300.0,597487,202541,280381,-77840,330409,299982,30427,47413,64537,17124,10.801406557799584,6.682594065097738,2.8660037791617223,-2.2059837601759287
247,2019-11-12,43600.0,250.0,550187,291422,306332,-14910,240007,212602,27405,-12495,18758,31253,3.409386263215961,-7.392020294583624,5.680432289385245,2.814428510223523
248,2019-11-11,43350.0,-500.0,670867,274993,275568,-575,365365,369087,-3722,4297,30509,26212,4.5476972335798305,1.1383109703638694,3.9071827948013538,-1.7732494945838915
249,합계,,,521513704,153685037,148445714,5239323,158130166,202911192,-44781026,39541703,209698501,170156798,40.2095859402383,35.661888706658466,32.62748355314552,28.720300758344163
