,날짜,종가,대비,거래량,기관 매수,기관 매도,기관 순매수,외국인 매수,외국인 매도,외국인 순매수,개인 순매수,개인 매수,개인 매도,개인매수비율(%),개인매수비율증가(%p),개인매도비율(%),개인매도비율증가(%p)
0,2020-11-11,355500.0,-500.0,713843,146062,268105,-122043,123863,71934,51929,70114,443918,373804,62.18706354198332,,52.36501583681565,
1,2020-11-10,356000.0,-15500.0,1105100,142397,406166,-263769,123523,256104,-132581,396350,839180,442830,75.93701927427382,13.749955732290502,40.07148674328115,-12.293529093534502
2,2020-11-09,371500.0,1000.0,593735,178831,165727,13104,51747,120048,-68301,55197,363157,307960,61.16482942726974,-14.772189847004086,51.868257724405666,11.796770981124517
3,2020-11-06,370500.0,7500.0,1315572,449811,353582,96229,267792,94610,173182,-269411,597969,867380,45.45315649770594,-15.711672929563797,65.9317772041363,14.06351947973063
4,2020-11-05,363000.0,3500.0,1061367,237557,245231,-7674,245700,198467,47233,-39559,578110,617669,54.46843551759194,9.015279019886002,58.195610001064665,-7.736167203071631
5,2020-11-04,359500.0,23000.0,1431026,536151,313942,222209,359571,128003,231568,-453777,535304,989081,37.40700728009135,-17.061428237500593,69.11691331953438,10.921303318469711
6,2020-11-03,336500.0,2000.0,403786,118156,166910,-48754,50124,72442,-22318,71072,235506,164434,58.32445899560659,20.91745171551524,40.72305627238191,-28.393857047152466
7,2020-11-02,334500.0,4500.0,319856,136321,129271,7050,63667,24593,39074,-46124,119868,165992,37.47561402631184,-20.848844969294753,51.895853133910265,11.172796861528354
8,2020-10-30,330000.0,-13000.0,553748,91448,137097,-45649,57151,234769,-177618,223267,405149,181882,73.16486921848929,35.68925519217745,32.845626530479564,-19.0502266034307
9,2020-10-29,343000.0,-3500.0,491546,154004,184145,-30141,30254,119612,-89358,119499,307288,187789,62.51459680274074,-10.650272415748546,38.203748987887195,5.358122457407632
10,2020-10-28,346500.0,12500.0,629567,253709,188331,65378,105938,133165,-27227,-38151,269920,308071,42.87391175204545,-19.64068505069529,48.93379100238736,10.730042014500164
11,2020-10-27,334000.0,4500.0,812610,237839,239154,-1315,181897,144098,37799,-36484,392874,429358,48.347177612877026,5.4732658608315745,52.83690823396218,3.903117231574818
12,2020-10-26,329500.0,-10500.0,714722,97932,183576,-85644,171129,78791,92338,-6694,445661,452355,62.35445389955815,14.007276286681126,63.29104183164923,10.454133597687054
13,2020-10-23,340000.0,-9000.0,622592,77741,191425,-113684,51118,134211,-83093,196777,493733,296956,79.30281789679276,16.94836399723461,47.696725945723685,-15.594315885925546
14,2020-10-22,349000.0,-4500.0,376380,97492,137173,-39681,54736,63899,-9163,48844,224152,175308,59.55470535097508,-19.748112545817683,46.57739518571656,-1.1193307600071236
15,2020-10-21,353500.0,1000.0,516282,179467,173830,5637,44558,145629,-101071,95434,292257,196823,56.60801654909526,-2.946688801879816,38.123157499196175,-8.454237686520386
16,2020-10-20,352500.0,-500.0,759973,125553,198283,-72730,91825,83912,7913,64817,542595,477778,71.39661540607364,14.788598856978375,62.86775977567625,24.744602276480073
17,2020-10-19,353000.0,-4500.0,362402,96096,137977,-41881,23011,36729,-13718,55599,243295,187696,67.13401140170309,-4.262604004370544,51.79220865227013,-11.075551123406115
18,2020-10-16,357500.0,-4500.0,400405,90633,102749,-12116,31515,72144,-40629,52745,278257,225512,69.49388743896804,2.3598760372649537,56.32097501279954,4.52876636052941
19,2020-10-15,362000.0,-6500.0,422566,76667,139495,-62828,45615,35799,9816,53012,300284,247272,71.06203527969596,1.5681478407279172,58.516776077583145,2.195801064783602
20,2020-10-14,368500.0,-3500.0,333008,61269,101208,-39939,74055,51355,22700,17239,197684,180445,59.36313842310095,-11.698896856595013,54.18638591265075,-4.330390164932396
21,2020-10-13,372000.0,500.0,302317,70156,92770,-22614,37779,21164,16615,5999,194382,188383,64.2974096726284,4.934271249527455,62.313068732489405,8.126682819838656
22,2020-10-12,371500.0,-7500.0,471624,69406,167996,-98590,49932,52656,-2724,101314,352286,250972,74.69636829338626,10.398958620757853,53.21442505046393,-9.098643682025475
23,2020-10-08,379000.0,-1500.0,624658,234389,276829,-42440,156157,43026,113131,-70691,234112,304803,37.478428195908805,-37.21794009747745,48.795180722891565,-4.419244327572365
24,2020-10-07,380500.0,-1000.0,398285,157823,112341,45482,26481,44109,-17628,-27854,213981,241835,53.725598503584116,16.24717030767531,60.719083068656865,11.923902345765299
25,2020-10-06,381500.0,11000.0,765339,216806,120673,96133,286062,68139,217923,-314056,262471,576527,34.29473736474948,-19.430861138834636,75.32962517263591,14.61054210397905
26,2020-10-05,370500.0,6000.0,522228,151512,112626,38886,175358,61670,113688,-152574,195358,347932,37.40856484141026,3.1138274766607807,66.6245394731803,-8.705085699455609
27,2020-09-29,364500.0,-4500.0,612054,104365,146418,-42053,75518,209688,-134170,176223,432171,255948,70.60994618121931,33.20138133980905,41.817878814614396,-24.80666065856591
28,2020-09-28,369000.0,17500.0,674705,176014,118241,57773,147733,74962,72771,-130544,350958,481502,52.01651091958708,-18.593435261632237,71.36481869854232,29.546939883927926
29,2020-09-25,351500.0,-500.0,449701,130055,126542,3513,57917,55326,2591,-6104,261729,267833,58.20067111258369,6.184160192996615,59.558017438253415,-11.806801260288907
30,2020-09-24,352000.0,-13500.0,763638,167359,192411,-25052,44438,171375,-126937,151989,551841,399852,72.26473800413285,14.06406689154916,52.36145922544452,-7.196558212808895
31,2020-09-23,365500.0,12500.0,930394,244005,185046,58959,129388,100207,29181,-88140,557001,645141,59.86721754439517,-12.397520459737684,69.3406234348029,16.979164209358373
32,2020-09-22,353000.0,-11500.0,880318,170024,189958,-19934,124185,84017,40168,-20234,586109,606343,66.57923613966771,6.712018595272546,68.87772373165151,-0.46289970315137907
33,2020-09-21,364500.0,-8500.0,530255,83327,103629,-20302,23555,69864,-46309,66611,423373,356762,79.84328294876994,13.264046809102226,67.28121375564587,-1.596509976005649
34,2020-09-18,373000.0,2000.0,495271,125846,102430,23416,81799,84565,-2766,-20650,287626,308276,58.07446832138364,-21.7688146273863,62.24390283299446,-5.0373109226514075
35,2020-09-17,371000.0,-6000.0,617702,105021,147772,-42751,63743,57894,5849,36902,448938,412036,72.6787350534724,14.604266732088753,66.70465693813522,4.460754105140758
36,2020-09-16,377000.0,-4000.0,485743,86296,100484,-14188,13682,126471,-112789,126977,385765,258788,79.4175109059729,6.73877585250051,53.276732757857545,-13.427924180277671
37,2020-09-15,381000.0,7500.0,860038,185853,139603,46250,113247,165911,-52664,6414,560938,554524,65.22246691425264,-14.195043991720269,64.47668591387823,11.199953156020683
38,2020-09-14,373500.0,-5500.0,830231,116363,233169,-116806,145782,92598,53184,63622,568086,504464,68.42505278651363,3.202585872260997,60.761884343032236,-3.7148015708459923
39,2020-09-11,379000.0,-6500.0,792840,60848,153598,-92750,84014,126069,-42055,134805,647978,513173,81.728722062459,13.303669275945367,64.72592200191716,3.9640376588849193
40,2020-09-10,385500.0,1500.0,936708,144450,210119,-65669,146787,157460,-10673,76342,645471,569129,68.90845386182247,-12.820268200636534,60.758422048279726,-3.9674999536374287
41,2020-09-09,384000.0,-6000.0,935573,91854,224111,-132257,152919,141753,11166,121091,690800,569709,73.83710303738992,4.9286491755674575,60.894125845872,0.1357037975922708
42,2020-09-08,390000.0,-2000.0,1020539,158162,179453,-21291,59820,75125,-15305,36596,802557,765961,78.64050271474191,4.80339967735199,75.05455450502137,14.160428659149375
43,2020-09-07,392000.0,-10000.0,928939,82605,225276,-142671,30776,89089,-58313,200984,815558,614574,87.79456993408608,9.15406721934417,66.15870363931325,-8.895850865708127
44,2020-09-04,402000.0,-8000.0,1168529,124707,203843,-79136,86663,163590,-76927,156063,957159,801096,81.91144592902701,-5.883124005059074,68.55593656640102,2.397232927087771
45,2020-09-03,410000.0,-2000.0,739215,108744,149791,-41047,90067,118576,-28509,69556,540404,470848,73.10511826735117,-8.806327661675837,63.69567717105308,-4.8602593953479385
46,2020-09-02,412000.0,10500.0,921655,206314,192152,14162,158408,66837,91571,-105733,556933,662666,60.42749184890225,-12.677626418448924,71.89957196564876,8.203894794595683
47,2020-09-01,401500.0,-5500.0,1100736,170327,211254,-40927,107409,164479,-57070,97997,823000,725003,74.76815512529798,14.34066327639573,65.86529376707948,-6.034278198569282
48,2020-08-31,407000.0,1500.0,1629751,242446,302561,-60115,139235,321229,-181994,242109,1248070,1005961,76.58041013627235,1.8122550109743685,61.72482790315821,-4.140465863921271
49,2020-08-28,405500.0,-5000.0,1506996,221681,347310,-125629,87219,323690,-236471,362100,1198096,835996,79.50226808830281,2.9218579520304644,55.474334371159586,-6.250493531998622
50,2020-08-27,410500.0,18500.0,1981840,540973,453599,87374,140243,97331,42912,-130286,1300624,1430910,65.62709401364388,-13.87517407465893,72.20108585960521,16.72675148844563
51,2020-08-26,392000.0,11000.0,1351029,287614,264746,22868,240358,72740,167618,-190486,823057,1013543,60.920750035713525,-4.706343977930359,75.02007728923658,2.8189914296313674
52,2020-08-25,381000.0,1000.0,887733,225534,236130,-10596,87357,117196,-29839,40435,574842,534407,64.75392939093173,3.8331793552182063,60.19906886417425,-14.821008425062331
53,2020-08-24,380000.0,10000.0,969648,259265,229414,29851,98628,57981,40647,-70498,611755,682253,63.09042044123229,-1.663508949699441,70.36089385013943,10.161824985965183
54,2020-08-21,370000.0,5500.0,1021460,249501,222103,27398,172779,64876,107903,-135301,599180,734481,58.65917412331368,-4.431246317918607,71.90501830712901,1.5441244569895787
55,2020-08-20,364500.0,-12000.0,1686740,449054,414949,34105,107899,158486,-50587,16482,1129787,1113305,66.98050677638521,8.32133265307153,66.00335558533028,-5.901662721798729
56,2020-08-19,376500.0,-1500.0,1359266,265233,249253,15980,68080,284705,-216625,200645,1025953,825308,75.47845675533708,8.497949978951866,60.71718118455107,-5.28617440077921
57,2020-08-18,378000.0,15500.0,3032037,629574,470263,159311,449786,194858,254928,-414239,1952677,2366916,64.4014898235081,-11.076966931828977,78.06355925076112,17.346378066210043
58,2020-08-14,362500.0,2000.0,825802,163743,112642,51101,51747,82751,-31004,-20097,610312,630409,73.90536714611977,9.503877322611672,76.3390013586792,-1.7245578920819185
59,2020-08-13,360500.0,6500.0,1117859,383548,244786,138762,72335,124797,-52462,-86300,661976,748276,59.21820193781148,-14.687165208308294,66.93831690758853,-9.400684451090669
60,2020-08-12,354000.0,1500.0,729434,149448,154565,-5117,87369,106919,-19550,24667,492617,467950,67.53414291080482,8.315940972993339,64.15247986795242,-2.7858370396361067
61,2020-08-11,352500.0,-3500.0,750285,122035,163480,-41445,47995,157164,-109169,150614,580255,429641,77.3379449142659,9.803802003461087,57.263706458212546,-6.888773409739876
62,2020-08-10,356000.0,3000.0,1086391,147728,217453,-69725,120760,126191,-5431,75156,817903,742747,75.28624592803143,-2.05169898623447,68.36829465634379,11.104588198131246
63,2020-08-07,353000.0,-11000.0,1899111,147185,350313,-203128,100355,381410,-281055,484183,1651571,1167388,86.96548016413996,11.679234236108528,61.47023528377225,-6.898059372571545
64,2020-08-06,364000.0,-6500.0,1848898,279894,584447,-304553,124993,323582,-198589,503142,1444011,940869,78.10117161682257,-8.864308547317393,50.88809658510096,-10.582138698671287
65,2020-08-05,370500.0,500.0,1075879,243662,261359,-17697,57080,122209,-65129,82826,775137,692311,72.04685657030205,-6.054315046520514,64.3484072093609,13.46031062425994
66,2020-08-04,370000.0,4000.0,1714642,330317,410690,-80373,86084,181899,-95815,176188,1298241,1122053,75.71498890147332,3.6681323311712646,65.43949115908744,1.0910839497265385
67,2020-08-03,366000.0,22500.0,1636803,377682,308938,68744,125157,128910,-3753,-64991,1133964,1198955,69.2791985351933,-6.435790366280017,73.24980464967379,7.810313490586353
68,2020-07-31,343500.0,11500.0,1078837,254082,195282,58800,208974,111692,97282,-156082,615781,771863,57.07822405052848,-12.200974484664819,71.54584056720338,-1.7039640824704065
69,2020-07-30,332000.0,500.0,615872,176942,216144,-39202,64951,53919,11032,28170,373979,345809,60.72349449236205,3.645270441833567,56.14949210225502,-15.396348464948368
70,2020-07-29,331500.0,2000.0,618435,215792,224204,-8412,74828,35850,38978,-30566,327815,358381,53.00718749747346,-7.7163069948885905,57.949663262913646,1.8001711606586284
71,2020-07-28,329500.0,3000.0,873063,259347,240393,18954,106531,95527,11004,-29958,507185,537143,58.09260041944281,5.0854129219693505,61.52396791525927,3.5743046523456243
72,2020-07-27,326500.0,2000.0,603322,165397,117306,48091,119372,96579,22793,-70884,318553,389437,52.79983159904661,-5.292768820396198,64.5487815793225,3.024813664063224
73,2020-07-24,324500.0,-5000.0,907643,222135,260579,-38444,86895,110628,-23733,62177,598613,536436,65.95247250295546,13.152640903908846,59.10209190177195,-5.446689677550545
74,2020-07-23,329500.0,11500.0,1260435,296512,267218,29294,227332,122251,105081,-134375,736591,870966,58.43942765791176,-7.5130448450437015,69.10042961358579,9.99833771181384
75,2020-07-22,318000.0,2000.0,1159298,328006,331059,-3053,99376,138483,-39107,42160,731916,689756,63.13441410232744,4.694986444415683,59.497730523126926,-9.602699090458863
76,2020-07-21,316000.0,6000.0,1676630,353226,351907,1319,178911,381909,-202998,201679,1144493,942814,68.2615126772156,5.127098574888166,56.232681032786004,-3.265049490340921
77,2020-07-20,310000.0,-15000.0,1534422,227665,352866,-125201,73933,316564,-242631,367832,1232824,864992,80.34452060775979,12.083007930544184,56.37249726607152,0.13981623328551507
78,2020-07-17,325000.0,3000.0,1268587,211963,247259,-35296,107789,170174,-62385,97681,948835,851154,74.7946337145186,-5.549886893241194,67.09464940126298,10.722152135191465
79,2020-07-16,322000.0,-15500.0,1941508,333692,529374,-195682,246309,218442,27867,167815,1361507,1193692,70.12626267828925,-4.668371036229345,61.48272373845485,-5.611925662808133
80,2020-07-15,337500.0,-5500.0,1487417,291119,394472,-103353,141543,205951,-64408,167761,1054755,886994,70.91185592204474,0.7855932437554856,59.63317617050229,-1.8495475679525626
81,2020-07-14,343000.0,-9000.0,1212519,193457,314388,-120931,99596,106660,-7064,127995,919466,791471,75.83105914216603,4.91920322012129,65.2749358979117,5.641759727409415
82,2020-07-13,352000.0,-3500.0,1391744,249208,260421,-11213,71295,223682,-152387,163600,1071241,907641,76.97112399981606,1.1400648576500316,65.21608859100525,-0.058847306906457675
83,2020-07-10,355500.0,0.0,2566935,326448,455968,-129520,71858,398995,-327137,456657,2168629,1711972,84.4832066258008,7.512082625984746,66.69323531760641,1.4771467266011626
84,2020-07-09,355500.0,27500.0,2463503,333479,560378,-226899,176507,203305,-26798,253697,1953517,1699820,79.29834061496982,-5.184866010830987,69.00011893632765,2.306883618721244
85,2020-07-08,328000.0,17500.0,1869663,455580,551396,-95816,288579,146677,141902,-46086,1125504,1171590,60.19822823685338,-19.100112378116435,62.66316443123707,-6.336954505090581
86,2020-07-07,310500.0,10000.0,1552820,388438,528041,-139603,293228,100400,192828,-53225,871154,924379,56.10141548923894,-4.096812747614443,59.52905037287001,-3.134114058367061
87,2020-07-06,300500.0,6500.0,1344851,339938,337650,2288,100988,190409,-89421,87133,903925,816792,67.21376568854096,11.112350199302021,60.734757976905996,1.205707604035986
88,2020-07-03,294000.0,8500.0,1604493,467209,452410,14799,195454,75486,119968,-134767,941830,1076597,58.699539356045804,-8.514226332495156,67.09889042831598,6.364132451409986
89,2020-07-02,285500.0,16000.0,1378545,448333,297662,150671,340691,108730,231961,-382632,589521,972153,42.76400117515206,-15.935538180893744,70.52022240840886,3.421331980092873
90,2020-07-01,269500.0,2000.0,578023,187839,200604,-12765,119279,52860,66419,-53654,270905,324559,46.86751219242141,4.103511017269348,56.149841788302545,-14.37038062010631
91,2020-06-30,267500.0,0.0,624089,205101,199843,5258,111536,125691,-14155,8897,307452,298555,49.264127392086706,2.3966151996652982,47.83852944051249,-8.311312347790057
92,2020-06-29,267500.0,-7000.0,778818,191547,265247,-73700,156062,95070,60992,12708,431209,418501,55.36710759124725,6.102980199160541,53.73540416374557,5.896874723233083
93,2020-06-26,274500.0,0.0,812726,181823,204119,-22296,134787,114961,19826,2470,496116,493646,61.0434512984696,5.676343707222351,60.73953583372502,7.004131669979451
94,2020-06-25,274500.0,-8000.0,900258,162362,264237,-101875,107329,192589,-85260,187135,630567,443432,70.04292102930492,8.999469730835322,49.25610213960886,-11.483433694116158
95,2020-06-24,282500.0,1000.0,1081233,222445,272959,-50514,155605,168074,-12469,62983,703183,640200,65.03528841609533,-5.007632613209594,59.210179489527235,9.954077349918371
96,2020-06-23,281500.0,7500.0,2166267,806890,821722,-14832,135032,180755,-45723,60555,1224345,1163790,56.51865628752134,-8.516632128573988,53.72329449693874,-5.486884992588493
97,2020-06-22,274000.0,10500.0,2008656,571704,554836,16868,455488,178483,277005,-293873,981464,1275337,48.86172644793334,-7.6569298395879954,63.49205637998742,9.768761883048676
98,2020-06-19,263500.0,0.0,920126,252183,314203,-62020,169686,166656,3030,58990,498257,439267,54.15095323901292,5.289226791079578,47.73987475628338,-15.75218162370404
99,2020-06-18,263500.0,500.0,981144,319066,295057,24009,208217,71555,136662,-160671,453861,614532,46.258347398547,-7.892605840465919,62.63423106088403,14.894356304600649
100,2020-06-17,263000.0,0.0,1162204,358050,427617,-69567,107737,98930,8807,60760,696417,635657,59.92209629290555,13.663748894358548,54.69409845431611,-7.940132606567914
101,2020-06-16,263000.0,10500.0,915456,257993,197283,60710,125608,67454,58154,-118864,531855,650719,58.09727611157718,-1.82482018132837,71.08140642477629,16.387307970460178
102,2020-06-15,252500.0,-13500.0,1549230,385308,414231,-28923,92413,125226,-32813,61736,1071509,1009773,69.16397177952919,11.066695667952011,65.17902441858213,-5.902382006194159
103,2020-06-12,266000.0,1000.0,1688975,602233,373719,228514,126127,137161,-11034,-217480,960615,1178095,56.87561982859427,-12.288351950934924,69.7520685622937,4.57304414371157
104,2020-06-11,265000.0,3000.0,1724551,811364,494476,316888,141325,281891,-140566,-176322,771862,948184,44.75727305252208,-12.118346776072187,54.981499532342035,-14.770569029951666
105,2020-06-10,262000.0,7500.0,1575452,612517,291577,320940,148933,105600,43333,-364273,814002,1178275,51.6678388170506,6.910565764528521,74.78964766936727,19.808148137025235
106,2020-06-09,254500.0,-2000.0,834862,173686,165639,8047,106257,165289,-59032,50985,554919,503934,66.46835045792,14.800511640869395,60.361353133811335,-14.428294535555935
107,2020-06-08,256500.0,5500.0,1417078,280107,225718,54389,182993,181532,1461,-55850,953978,1009828,67.32007694706995,0.8517264891499536,71.26128554673772,10.89993241292639
108,2020-06-05,251000.0,-3000.0,1007264,221096,253256,-32160,110540,213121,-102581,134741,675628,540887,67.07556310957207,-0.2445138374978768,53.6986331289513,-17.562652417786424
109,2020-06-04,254000.0,4500.0,1228950,153375,209510,-56135,227263,99762,127501,-71366,848312,919678,69.02738109768501,1.9518179881129356,74.83445217462061,21.135819045669308
110,2020-06-03,249500.0,-10000.0,2302391,248120,721313,-473193,183167,204794,-21627,494820,1871104,1376284,81.26786458077711,12.240483483092106,59.776293427137276,-15.058158747483333
111,2020-06-02,259500.0,-4500.0,978846,125540,265690,-140150,90052,96390,-6338,146488,763254,616766,77.97488062473565,-3.2929839560414678,63.00950302703387,3.233209599896597
112,2020-06-01,264000.0,500.0,1083698,146443,219091,-72648,104965,151280,-46315,118963,832290,713327,76.80091686060139,-1.1739637641342568,65.82341205760275,2.8139090305688796
113,2020-05-29,263500.0,-3500.0,1645822,209813,287421,-77608,450628,592205,-141577,219185,985381,766196,59.87166291372943,-16.92925394687196,46.5540015870489,-19.26941047055385
114,2020-05-28,267000.0,6500.0,2495048,454327,544712,-90385,249357,226054,23303,67082,1791364,1724282,71.79677505202304,11.925112138293606,69.10816946207046,22.554167875021562
115,2020-05-27,260500.0,-9500.0,2015974,257130,533078,-275948,207361,208841,-1480,277428,1551483,1274055,76.95947467576467,5.162699623741631,63.197987672460066,-5.910181789610398
116,2020-05-26,270000.0,2000.0,3274293,392931,774152,-381221,396987,408575,-11588,392809,2484375,2091566,75.87515839297217,-1.0843162827925,63.87840061961467,0.6804129471546077
117,2020-05-25,268000.0,21000.0,2653776,361627,713609,-351982,182760,175203,7557,344425,2109389,1764964,79.48632439211146,3.6111659991392884,66.50764797028837,2.629247350673701
118,2020-05-22,247000.0,9500.0,1887064,538386,687001,-148615,177055,96858,80197,68418,1171623,1103205,62.08708342695319,-17.399240965158263,58.46145122793928,-8.046196742349096
119,2020-05-21,237500.0,6000.0,1408737,342656,430603,-87947,90808,203091,-112283,200230,975273,775043,69.23031055477354,7.143227127820346,55.01686972089183,-3.4445815070474453
120,2020-05-20,231500.0,11500.0,1773960,592589,462344,130245,190932,204505,-13573,-116672,990439,1107111,55.83209317008275,-13.398217384690788,62.40901711425286,7.392147393361029
121,2020-05-19,220000.0,-1000.0,1308903,361655,540722,-179067,184799,79649,105150,73917,762449,688532,58.25099338912051,2.4189002190377593,52.60374527371394,-9.805271840538921
122,2020-05-18,221000.0,-500.0,744533,153908,199290,-45382,87630,95293,-7663,53045,502995,449950,67.55845610604231,9.307462716921805,60.43385585326641,7.830110579552468
123,2020-05-15,221500.0,-3500.0,1524083,364500,443334,-78834,124675,248794,-124119,202953,1034908,831955,67.90365091664955,0.34519481060723933,54.58725016944616,-5.8466056838202505
124,2020-05-14,225000.0,8500.0,1459813,419711,519560,-99849,272584,151804,120780,-20931,767518,788449,52.57646013564751,-15.327190781002045,54.010273918645744,-0.5769762508004135
125,2020-05-13,216500.0,2000.0,1113608,297713,424775,-127062,263971,185149,78822,48240,551924,503684,49.56178475729341,-3.0146753783540987,45.22991932529221,-8.780354593353536
126,2020-05-12,214500.0,7000.0,1563095,452160,574839,-122679,320817,145079,175738,-53059,790118,843177,50.5483032061391,0.9865184488456933,53.94278658686772,8.71286726157551
127,2020-05-11,207500.0,1500.0,1048413,283268,401116,-117848,164097,104489,59608,58240,601048,542808,57.32931583259651,6.781012626457404,51.77425308537761,-2.16853350149011
128,2020-05-08,206000.0,0.0,1405404,355733,454497,-98764,263686,119104,144582,-45818,785985,831803,55.92591169514246,-1.4034041374540465,59.18604187834957,7.4117887929719615
129,2020-05-07,206000.0,6500.0,2629709,690940,765078,-74138,579762,297931,281831,-207693,1359007,1566700,51.678988055332354,-4.246923639810106,59.57693417788812,0.39089229953854954
130,2020-05-06,199500.0,13000.0,2035947,748954,466608,282346,313729,204794,108935,-391281,973264,1364545,47.80399489770608,-3.874993157626271,67.02261895815559,7.44568478026747
131,2020-05-04,186500.0,2500.0,1019409,297608,310611,-13003,249433,132391,117042,-104039,472368,576407,46.33743669125935,-1.4665582064467344,56.54325202151442,-10.47936693664117
132,2020-04-29,184000.0,-1000.0,659512,139559,242541,-102982,153300,169910,-16610,119592,366653,247061,55.5945911522459,9.257154460986548,37.46118342046847,-19.082068601045947
133,2020-04-28,185000.0,1000.0,668638,175712,247050,-71338,155361,111133,44228,27110,337565,310455,50.48546448152812,-5.109126670717778,46.43095366999781,8.96977024952934
134,2020-04-27,184000.0,1000.0,721963,278413,258772,19641,72891,128273,-55382,35741,370659,334918,51.34044265426344,0.8549781727353221,46.38991194839625,-0.04104172160156594
135,2020-04-24,183000.0,-2500.0,1073684,389760,381633,8127,85353,206903,-121550,113423,598571,485148,55.74927073515112,4.40882808088768,45.185361801051336,-1.2045501473449107
136,2020-04-23,185500.0,8500.0,1509799,394749,284843,109906,402655,204957,197698,-307604,712395,1019999,47.18475770615824,-8.564513028992884,67.55859554814913,22.373233747097792
137,2020-04-22,177000.0,1500.0,686146,245344,221347,23997,95019,114909,-19890,-4107,345783,349890,50.394959673305685,3.210201967147448,50.99352032949256,-16.565075218656567
138,2020-04-21,175500.0,500.0,1232126,395326,347763,47563,197357,120085,77272,-124835,639443,764278,51.89753320683111,1.5025735335254282,62.02920805177392,11.03568772228136
139,2020-04-20,175000.0,3000.0,859303,184040,232420,-48380,129722,87975,41747,6633,545541,538908,63.48645355596339,11.588920349132273,62.71454888438653,0.68534083261261
140,2020-04-17,172000.0,6500.0,947794,186706,168802,17904,142637,94934,47703,-65607,618451,684058,65.25162640827014,1.7651728523067547,72.17370019223587,9.45915130784934
141,2020-04-16,165500.0,6000.0,1005533,282215,182371,99844,215007,179966,35041,-134885,508311,643196,50.55139910873139,-14.700227299538753,63.9656779041563,-8.208022288079569
142,2020-04-14,159500.0,2000.0,430759,166300,127659,38641,62626,63921,-1295,-37346,201833,239179,46.85520209676408,-3.696197011967307,55.52501514768119,-8.440662756475113
143,2020-04-13,157500.0,-3500.0,470251,75048,130145,-55097,50656,106350,-55694,110791,344547,233756,73.26874371346366,26.413541616699582,49.708772549128014,-5.816242598553174
144,2020-04-10,161000.0,3000.0,753323,143070,204609,-61539,218345,123471,94874,-33335,391908,425243,52.02389944286846,-21.244844270595202,56.4489601406037,6.740187591475689
145,2020-04-09,158000.0,0.0,726920,241169,411244,-170075,205419,119939,85480,84595,280332,195737,38.564353711550105,-13.459545731318357,26.926897045066855,-29.522063095536847
146,2020-04-08,158000.0,-2000.0,738303,287306,314489,-27183,85949,193523,-107574,134757,365048,230291,49.444198384674046,10.87984467312394,31.191936102115257,4.265039057048401
147,2020-04-07,160000.0,-500.0,920798,304307,241479,62828,111806,316138,-204332,141504,504685,363181,54.809523912953765,5.365325528279719,39.44198401821029,8.250047916095035
148,2020-04-06,160500.0,3000.0,807805,268456,119048,149408,130103,240613,-110510,-38898,409246,448144,50.66148389772284,-4.148040015230926,55.476754909910184,16.034770891699893
149,2020-04-03,157500.0,500.0,545749,146586,143932,2654,82969,101829,-18860,16206,316194,299988,57.937623339667134,7.276139441944295,54.968126373112916,-0.5086285367972678
150,2020-04-02,157000.0,6500.0,1043790,329567,182375,147192,237745,204710,33035,-180227,476478,656705,45.64883740982382,-12.288785929843314,62.91543318100384,7.947306807890925
151,2020-04-01,150500.0,-5000.0,794295,119420,211422,-92002,82615,210201,-127586,219588,592260,372672,74.56423620946877,28.915398799644954,46.918588181972694,-15.996844999031147
152,2020-03-31,155500.0,2500.0,1042474,301600,289212,12388,164368,178145,-13777,1389,576506,575117,55.301714958838296,-19.262521250630478,55.168474225736084,8.24988604376339
153,2020-03-30,153000.0,500.0,668254,229422,189234,40188,131768,131855,-87,-40101,307064,347165,45.95019259143978,-9.351522367398516,51.951054539142305,-3.2174196865937787
154,2020-03-27,152500.0,2000.0,958988,179952,161486,18466,186991,195439,-8448,-10018,592045,602063,61.736434658202185,15.786242066762405,62.78107755258668,10.830023013444375
155,2020-03-26,150500.0,-4000.0,893688,101227,187225,-85998,153113,242911,-89798,175796,639348,463552,71.54040336224723,9.803968704045047,51.86955626572137,-10.911521286865309
156,2020-03-25,154500.0,0.0,1290376,139382,301796,-162414,155674,256841,-101167,263581,995320,731739,77.13410664798477,5.593703285737533,56.707424812612764,4.837868546891393
157,2020-03-24,154500.0,11000.0,1271387,327437,266298,61139,236419,230599,5820,-66959,707531,774490,55.650325196026074,-21.48378145195869,60.91693559868081,4.209510786068044
158,2020-03-23,143500.0,-6000.0,1569378,397596,392900,4696,287899,485724,-197825,193129,883883,690754,56.32059325414273,0.6702680581166547,44.014507658448125,-16.902427940232684
159,2020-03-20,149500.0,15500.0,1765756,475365,429414,45951,413177,325027,88150,-134101,877214,1011315,49.6792308790116,-6.641362375131131,57.273768289616456,13.259260631168331
160,2020-03-19,134000.0,-7000.0,2157141,641820,555369,86451,391836,474019,-82183,-4268,1123485,1127753,52.08213093163591,2.402900052624311,52.27998540660995,-4.993782883006503
161,2020-03-18,141000.0,-6500.0,1107527,314552,293065,21487,190888,272679,-81791,60304,602087,541783,54.36318933985357,2.2810584082176604,48.918265649505614,-3.361719757104339
162,2020-03-17,147500.0,0.0,1221046,374555,281738,92817,222405,341901,-119496,26679,624086,597407,51.11076896365903,-3.252420376194543,48.925838993780744,0.007573344275130012
163,2020-03-16,147500.0,-11500.0,1252484,260077,272241,-12164,166179,480482,-314303,326467,826228,499761,65.96715007936228,14.856381115703257,39.901587565190454,-9.02425142859029
164,2020-03-13,159000.0,-2000.0,1601985,500225,329401,170824,337679,421568,-83889,-86935,764081,851016,47.69588978673334,-18.271260292628945,53.12259478085001,13.221007215659554
165,2020-03-12,161000.0,-8000.0,1218070,386661,342295,44366,310023,396400,-86377,42011,521386,479375,42.80427233246037,-4.891617454272968,39.35529156780809,-13.76730321304192
166,2020-03-11,169000.0,-4000.0,550227,170892,200253,-29361,137106,168213,-31107,60468,242229,181761,44.02346667829823,1.219194345837856,33.033820586776,-6.3214709810320855
167,2020-03-10,173000.0,5500.0,950875,378590,178538,200052,235651,228363,7288,-207340,336634,543974,35.402550282634415,-8.620916395663812,57.2077297226239,24.1739091358479
168,2020-03-09,167500.0,-8000.0,805638,193177,211746,-18569,137727,248188,-110461,129030,474734,345704,58.926465732748454,23.52391545011404,42.910587633651836,-14.297142088972066
169,2020-03-06,175500.0,-4000.0,568424,142854,219794,-76940,113541,112904,637,76303,312029,235726,54.893706106709075,-4.032759626039379,41.47009978466779,-1.4404878489840485
170,2020-03-05,179500.0,0.0,821744,147113,218869,-71756,196364,393027,-196663,268419,478267,209848,58.20145933526744,3.3077532285583615,25.536906871239708,-15.93319291342808
171,2020-03-04,179500.0,4500.0,709188,152627,177630,-25003,311379,242701,68678,-43675,245182,288857,34.57221498389708,-23.62924435137036,40.73066662154464,15.193759750304935
172,2020-03-03,175000.0,0.0,629017,134204,178032,-43828,119639,188698,-69059,112887,375174,262287,59.644492915135835,25.07227793123876,41.697919134141046,0.9672525125964029
173,2020-03-02,175000.0,3000.0,793495,214228,221823,-7595,189254,240910,-51656,59251,390013,330762,49.15128639751983,-10.493206517616002,41.68419460740143,-0.013724526739615328
174,2020-02-28,172000.0,-6500.0,1022917,253065,231284,21781,358716,256751,101965,-123746,411136,534882,40.19250828757367,-8.95877810994616,52.28987298089679,10.605678373495358
175,2020-02-27,178500.0,-5500.0,785062,189794,252729,-62935,220313,147768,72545,-9610,374955,384565,47.76119593102201,7.568687643448335,48.985303071604534,-3.3045699092922547
176,2020-02-26,184000.0,-1500.0,516378,123102,133278,-10176,186278,157292,28986,-18810,206998,225808,40.08652576213549,-7.6746701688865215,43.72920612419584,-5.256096947408693
177,2020-02-25,185500.0,2000.0,596763,182165,173427,8738,130594,95044,35550,-44288,284004,328292,47.59075210762062,7.5042263454851295,55.01212374091558,11.282917616719736
178,2020-02-24,183500.0,-6000.0,792733,212138,186129,26009,178522,191346,-12824,-13185,402073,415258,50.71985145061452,3.1290993429939036,52.38308484697875,-2.62903889393683
179,2020-02-21,189500.0,-1000.0,558497,116275,196918,-80643,220861,97394,123467,-42824,221361,264185,39.63512785207441,-11.084723598540108,47.30285032864993,-5.080234518328815
180,2020-02-20,190500.0,500.0,547405,175106,125726,49380,117791,132543,-14752,-34628,254508,289136,46.493546825476564,6.858418973402152,52.81939331938875,5.51654299073882
181,2020-02-19,190000.0,8000.0,1362998,384336,360356,23980,485911,261457,224454,-248434,492751,741185,36.15199728833058,-10.341549537145987,54.379023300107555,1.5596299807188032
182,2020-02-18,182000.0,1500.0,587253,85530,201406,-115876,290642,133804,156838,-40962,211081,252043,35.943792539161144,-0.20820474916943255,42.918980405378946,-11.460042894728609
183,2020-02-17,180500.0,500.0,329408,92946,88125,4821,50813,57137,-6324,1503,185649,184146,56.358376238585585,20.41458369942444,55.90210316689333,12.983122761514387
184,2020-02-14,180000.0,1000.0,948085,221874,216872,5002,310233,342866,-32633,27631,415978,388347,43.87560187114025,-12.482774367445337,40.96120073622091,-14.940902430672423
185,2020-02-13,179000.0,7000.0,1877980,466315,505741,-39426,705294,226060,479234,-439808,706371,1146179,37.61333986517428,-6.262262005965965,61.03254560751446,20.071344871293547
186,2020-02-12,172000.0,2000.0,407917,145982,88809,57173,94156,90700,3456,-60629,167779,228408,41.13067119046276,3.517331325288481,55.99374382533702,-5.038801782177437
187,2020-02-11,170000.0,1000.0,307120,92643,68455,24188,85235,76081,9154,-33342,129242,162584,42.08192237561865,0.9512511851558898,52.9382651732222,-3.0554786521148216
188,2020-02-10,169000.0,1500.0,375209,129923,84840,45083,125604,146393,-20789,-24294,119682,143976,31.897422503191553,-10.1844998724271,38.37221388612747,-14.56605128709473
189,2020-02-07,167500.0,1500.0,522100,112012,111369,643,161187,176028,-14841,14198,248901,234703,47.67305113962843,15.775628636436874,44.953648726297644,6.581434840170175
190,2020-02-06,166000.0,3000.0,552044,195523,110525,84998,138559,182611,-44052,-40946,217962,258908,39.482722391693414,-8.190328747935013,46.899884791791955,1.9462360654943112
191,2020-02-05,163000.0,-1500.0,456954,95681,145484,-49803,126818,203340,-76522,126325,234455,108130,51.308227961676664,11.82550556998325,23.663213365021424,-23.23667142677053
192,2020-02-04,164500.0,5000.0,394773,100498,121045,-20547,123667,82517,41150,-20603,170608,191211,43.2167346804366,-8.091493281240062,48.435683291410506,24.772469926389082
193,2020-02-03,159500.0,500.0,423907,137838,112761,25077,121494,101155,20339,-45416,164575,209991,38.82337399476772,-4.393360685668881,49.537044681970336,1.1013613905598305
194,2020-01-31,159000.0,-3000.0,346067,124542,80833,43709,58596,104075,-45479,1770,162929,161159,47.08018967425383,8.25681567948611,46.56872802087457,-2.9683166610957628
195,2020-01-30,162000.0,-1500.0,418908,161512,127615,33897,95935,98121,-2186,-31711,161461,193172,38.54330783847527,-8.536881835778559,46.11322772541943,-0.4555002954551455
196,2020-01-29,163500.0,1000.0,255167,72427,93540,-21113,47145,69807,-22662,43775,135595,91820,53.139708504626384,14.596400666151112,35.98427696371396,-10.128950761705468
197,2020-01-28,162500.0,-3000.0,513228,133829,102724,31105,141335,107215,34120,-65225,238064,303289,46.3856219847709,-6.754086519855484,59.094398590879685,23.110121627165725
198,2020-01-23,165500.0,-500.0,323420,46989,92804,-45815,93376,100638,-7262,53077,183055,129978,56.599777379259166,10.214155394488266,40.18860923876074,-18.905789352118944
199,2020-01-22,166000.0,1000.0,504350,115554,106204,9350,150743,242727,-91984,82634,238053,155419,47.199960344998516,-9.39981703426065,30.81570338058888,-9.372905858171862
200,2020-01-21,165000.0,-3500.0,389155,61264,119675,-58411,121562,81629,39933,18478,206329,187851,53.01974791535506,5.819787570356546,48.27151135151803,17.45580797092915
201,2020-01-20,168500.0,0.0,380510,93230,170090,-76860,130517,58729,71788,5072,156763,151691,41.19812882710047,-11.821619088254593,39.86518094136816,-8.40633041014987
202,2020-01-17,168500.0,-3000.0,354724,75254,87550,-12296,57341,90746,-33405,45701,222129,176428,62.62023432302297,21.4221054959225,49.736696699405734,9.871515758037575
203,2020-01-16,171500.0,1500.0,260049,63603,65882,-2279,69938,58413,11525,-9246,126508,135754,48.64775484620206,-13.972479476820908,52.20323862041385,2.4665419210081154
204,2020-01-15,170000.0,3000.0,462119,134259,122439,11820,155562,78060,77502,-89322,172298,261620,37.28433585288638,-11.363418993315683,56.613123459541804,4.409884839127955
205,2020-01-14,167000.0,0.0,423286,90072,132595,-42523,148588,78809,69779,-27256,184626,211882,43.61731784183743,6.332981988951055,50.0564630060999,-6.556660453441907
206,2020-01-13,167000.0,2000.0,475667,100101,181199,-81098,179775,69904,109871,-28773,195791,224564,41.16135868159868,-2.4559591602387556,47.210338324920585,-2.8461246811793117
207,2020-01-10,165000.0,1000.0,401906,130408,167205,-36797,132866,53992,78874,-42077,138632,180709,34.49363781580767,-6.667720865791004,44.963001298811164,-2.2473370261094203
208,2020-01-09,164000.0,4500.0,878319,489750,463931,25819,124861,105174,19687,-45506,263708,309214,30.024171172432794,-4.469466643374879,35.20520448720795,-9.757796811603214
209,2020-01-08,159500.0,-500.0,851619,366182,239479,126703,172149,129899,42250,-168953,313288,482241,36.78734269667539,6.763171524242594,56.626378697516145,21.421174210308195
210,2020-01-07,160000.0,5500.0,840186,331694,148734,182960,226884,49177,177707,-360667,281608,642275,33.51734020800156,-3.270002488673825,76.44438255338699,19.818003855870842
211,2020-01-06,154500.0,2000.0,393715,159041,79014,80027,141654,66885,74769,-154796,93020,247816,23.626227093201933,-9.89111311479963,62.94299175799753,-13.501390795389455
212,2020-01-03,152500.0,0.0,314848,88095,112678,-24583,104996,81355,23641,942,121757,120815,38.67167649151336,15.045449398311426,38.37248450045737,-24.570507257540164
213,2020-01-02,152500.0,-1000.0,241047,33704,104421,-70717,62823,42184,20639,50078,144520,94442,59.955112488435866,21.283435996922506,39.17991097171921,0.8074264712618415
214,2019-12-30,153500.0,0.0,428587,165201,117287,47914,109243,165416,-56173,8259,154143,145884,35.96539325737832,-23.98971923105755,34.038363272801085,-5.141547698918124
215,2019-12-27,153500.0,5500.0,690548,197913,185704,12209,222602,84309,138293,-150502,270033,420535,39.10416075348853,3.138767496110212,60.89873549702555,26.860372224224463
216,2019-12-26,148000.0,1500.0,320921,88946,48566,40380,103456,34540,68916,-109296,128519,237815,40.04692743697047,0.9427666834819419,74.1039071921127,13.205171695087152
217,2019-12-24,146500.0,-2000.0,367817,84034,102369,-18335,86864,38592,48272,-29937,196919,226856,53.53722095498576,13.490293518015292,61.67632273657825,-12.42758445553445
218,2019-12-23,148500.0,-1500.0,283403,64774,99325,-34551,59828,67164,-7336,41887,158801,116914,56.03363408291373,2.4964131279279655,41.25362116844211,-20.42270156813614
219,2019-12-20,150000.0,0.0,545445,168891,176752,-7861,193929,167825,26104,-18243,182625,200868,33.48183593212881,-22.55179815078492,36.8264444627781,-4.42717670566401
220,2019-12-19,150000.0,-1000.0,175849,50797,49156,1641,48235,38540,9695,-11336,76817,88153,43.68350118567635,10.201665253547539,50.129941028950974,13.303496566172875
221,2019-12-18,151000.0,500.0,252752,54698,66741,-12043,112082,79285,32797,-20754,85972,106726,34.01436981705387,-9.66913136862248,42.22558080648224,-7.904360222468732
222,2019-12-17,150500.0,-1000.0,275832,71676,91314,-19638,53865,75377,-21512,41150,150291,109141,54.48642652049074,20.47205670343687,39.56792540386902,-2.657655402613223
223,2019-12-16,151500.0,500.0,297095,84911,83145,1766,74007,70472,3535,-5301,138177,143478,46.509365691108904,-7.977060829381834,48.29364344738215,8.725718043513133
224,2019-12-13,151000.0,1500.0,456822,130940,158084,-27144,128577,101213,27364,-220,197305,197525,43.190783281015364,-3.3185824100935406,43.23894208247413,-5.05470136490802
225,2019-12-12,149500.0,-500.0,710378,426017,492866,-66849,133564,132160,1404,65445,150797,85352,21.227712569927558,-21.963070711087806,12.01501172615143,-31.223930356322704
226,2019-12-11,150000.0,500.0,480071,151083,283739,-132656,195126,76119,119007,13649,133862,120213,27.883792189072032,6.656079619144474,25.040671067404613,13.025659341253183
227,2019-12-10,149500.0,-2000.0,516074,203543,236065,-32522,136956,101913,35043,-2521,175575,178096,34.02128376938191,6.137491580309877,34.509779605250415,9.469108537845802
228,2019-12-09,151500.0,-2000.0,267330,78774,133613,-54839,62042,47909,14133,40706,126514,85808,47.325028990386414,13.303745221004505,32.09815583735458,-2.4116237678958328
229,2019-12-06,153500.0,4000.0,415390,200559,139151,61408,112043,61829,50214,-111622,102788,214410,24.744938491538075,-22.58009049884834,51.61655311875587,19.518397281401285
230,2019-12-05,149500.0,-6500.0,841460,349354,398832,-49478,161011,134949,26062,23416,331095,307679,39.34768141088109,14.602742919343012,36.564899103938394,-15.051654014817473
231,2019-12-04,156000.0,-1000.0,233141,82535,103231,-20696,69202,43220,25982,-5286,81404,86690,34.91620950411982,-4.431471906761267,37.183506976464884,0.6186078725264892
232,2019-12-03,157000.0,500.0,235453,86904,86237,667,83128,64228,18900,-19567,65421,84988,27.785163068637903,-7.131046435481917,36.09552649573375,-1.087980480731133
233,2019-12-02,156500.0,1000.0,250192,86623,74810,11813,101491,67235,34256,-46069,62078,108147,24.812144273198182,-2.973018795439721,43.22560273709791,7.130076241364158
234,2019-11-29,155500.0,-1500.0,471253,146744,245524,-98780,157229,96711,60518,38262,167280,129018,35.49685625343499,10.68471198023681,27.377650646255837,-15.847952090842071
235,2019-11-28,157000.0,-500.0,218221,90752,71035,19717,63411,57550,5861,-25578,64058,89636,29.354645061657674,-6.142211191777317,41.07579013935414,13.698139493098303
236,2019-11-27,157500.0,0.0,294619,78386,82349,-3963,120786,73806,46980,-43017,95447,138464,32.39675648888904,3.042111427231365,46.99764780954385,5.921857670189709
237,2019-11-26,157500.0,1000.0,361401,106032,95093,10939,185930,158521,27409,-38348,69439,107787,19.21383726110332,-13.182919227785721,29.824765288419236,-17.172882521124613
238,2019-11-25,156500.0,3500.0,300270,95148,85861,9287,98361,52643,45718,-55005,106761,161766,35.5550004995504,16.341163238447084,53.873513837546206,24.04874854912697
239,2019-11-22,153000.0,-1000.0,335038,114886,124475,-9589,96432,83365,13067,-3478,123720,127198,36.92715453172476,1.3721540321743575,37.965245733319804,-15.908268104226401
240,2019-11-21,154000.0,-2500.0,666854,237756,283943,-46187,193142,155686,37456,8731,235956,227225,35.38345724851317,-1.5436972832115927,34.074175156780946,-3.8910705765388585
241,2019-11-20,156500.0,0.0,332676,110497,126296,-15799,125584,69544,56040,-40241,96595,136836,29.03575851579314,-6.347698732720026,41.13191213072178,7.057736973940834
242,2019-11-19,156500.0,-1000.0,323233,100219,161063,-60844,119733,46714,73019,-12175,103281,115456,31.95249247446888,2.9167339586757386,35.71912521308159,-5.41278691764019
243,2019-11-18,157500.0,2000.0,372362,140740,81018,59722,114075,84094,29981,-89703,117547,207250,31.56793657784629,-0.38455589662259015,55.65820357608994,19.93907836300835
244,2019-11-15,155500.0,1000.0,281084,120498,73757,46741,70348,28614,41734,-88475,90238,178713,32.103570462922114,0.5356338850758249,63.579926285380886,7.921722709290947
245,2019-11-14,154500.0,1000.0,651414,389431,370489,18942,118538,90762,27776,-46718,143445,190163,22.020558354594773,-10.083012108327342,29.192341583079273,-34.38758470230161
246,2019-11-13,153500.0,0.0,376959,110417,200259,-89842,174971,25603,149368,-59526,91571,151097,24.292031759422112,2.27147340482734,40.083139015118356,10.890797432039083
247,2019-11-12,153500.0,-500.0,396292,125274,176766,-51492,158310,59424,98886,-47394,112708,160102,28.440644777083563,4.14861301766145,40.40000807485389,0.3168690597355379
248,2019-11-11,154000.0,2000.0,509809,115413,200501,-85088,259967,95668,164299,-79211,134429,213640,26.368502713761426,-2.0721420633221364,41.905890245170255,1.5058821703163616
249,합계,,,230322846,56845484,61624197,-4778713,37690296,36296264,1394032,3384681,135787066,132402385,58.95510078926344,32.58659807550201,57.48556311257113,15.579672867400873
